time,open,high,low,close
1372132800,0.849560,0.849580,0.849350,0.849420
1372132860,0.849410,0.849520,0.849410,0.849510
1372132920,0.849530,0.849530,0.849390,0.849470
1372132980,0.849480,0.849490,0.849330,0.849350
1372133040,0.849360,0.849430,0.849300,0.849390
1372133100,0.849410,0.849560,0.849390,0.849540
1372133160,0.849530,0.849580,0.849430,0.849580
1372133220,0.849590,0.849610,0.849450,0.849460
1372133280,0.849470,0.849530,0.849430,0.849460
1372133340,0.849470,0.849480,0.849460,0.849460
1372133400,0.849450,0.849460,0.849440,0.849460
1372133460,0.849450,0.849470,0.849430,0.849460
1372133520,0.849430,0.849440,0.849370,0.849440
1372133580,0.849450,0.849540,0.849420,0.849490
1372133640,0.849480,0.849520,0.849480,0.849480
1372133700,0.849520,0.849560,0.849480,0.849510
1372133760,0.849490,0.849500,0.849450,0.849480
1372133820,0.849470,0.849480,0.849470,0.849470
1372133880,0.849460,0.849460,0.849340,0.849340
1372133940,0.849350,0.849360,0.849260,0.849300
1372134000,0.849310,0.849320,0.849280,0.849280
1372134060,0.849230,0.849270,0.849210,0.849250
1372134120,0.849260,0.849260,0.849250,0.849260
1372134180,0.849250,0.849290,0.849250,0.849290
1372134240,0.849300,0.849310,0.849280,0.849280
1372134300,0.849290,0.849320,0.849290,0.849320
1372134360,0.849330,0.849360,0.849290,0.849300
1372134420,0.849310,0.849310,0.849210,0.849240
1372134480,0.849260,0.849290,0.849250,0.849260
1372134540,0.849250,0.849270,0.849230,0.849230
1372134600,0.849220,0.849280,0.849220,0.849220
1372134660,0.849230,0.849250,0.849210,0.849250
1372134720,0.849240,0.849290,0.849240,0.849280
1372134780,0.849300,0.849300,0.849220,0.849220
1372134840,0.849230,0.849230,0.849220,0.849230
1372134900,0.849240,0.849330,0.849240,0.849320
1372134960,0.849300,0.849350,0.849280,0.849350
1372135020,0.849340,0.849410,0.849340,0.849400
1372135080,0.849370,0.849450,0.849340,0.849370
1372135140,0.849380,0.849480,0.849370,0.849460
1372135200,0.849470,0.849470,0.849370,0.849400
1372135260,0.849410,0.849410,0.849350,0.849350
1372135320,0.849360,0.849380,0.849300,0.849300
1372135380,0.849310,0.849320,0.849310,0.849310
1372135440,0.849320,0.849340,0.849270,0.849270
1372135500,0.849260,0.849290,0.849250,0.849290
1372135560,0.849330,0.849360,0.849270,0.849270
1372135620,0.849280,0.849370,0.849280,0.849310
1372135680,0.849330,0.849330,0.849260,0.849290
1372135740,0.849280,0.849390,0.849280,0.849370
1372135800,0.849380,0.849420,0.849330,0.849370
1372135860,0.849360,0.849370,0.849340,0.849350
1372135920,0.849360,0.849410,0.849350,0.849350
1372135980,0.849360,0.849400,0.849360,0.849380
1372136040,0.849370,0.849420,0.849370,0.849400
1372136100,0.849390,0.849440,0.849360,0.849440
1372136160,0.849430,0.849440,0.849380,0.849420
1372136220,0.849410,0.849450,0.849410,0.849450
1372136280,0.849440,0.849450,0.849410,0.849440
1372136340,0.849430,0.849480,0.849370,0.849410
1372136400,0.849440,0.849540,0.849440,0.849540
1372136460,0.849550,0.849580,0.849520,0.849560
1372136520,0.849550,0.849680,0.849500,0.849610
1372136580,0.849600,0.849600,0.849520,0.849520
1372136640,0.849530,0.849540,0.849490,0.849530
1372136700,0.849520,0.849540,0.849480,0.849520
1372136760,0.849510,0.849510,0.849410,0.849420
1372136820,0.849410,0.849410,0.849350,0.849360
1372136880,0.849340,0.849350,0.849290,0.849290
1372136940,0.849300,0.849320,0.849270,0.849280
1372137000,0.849270,0.849270,0.849200,0.849200
1372137060,0.849190,0.849210,0.849190,0.849210
1372137120,0.849220,0.849220,0.849160,0.849160
1372137180,0.849150,0.849270,0.849130,0.849270
1372137240,0.849280,0.849340,0.849240,0.849270
1372137300,0.849280,0.849430,0.849260,0.849400
1372137360,0.849390,0.849410,0.849370,0.849410
1372137420,0.849400,0.849400,0.849390,0.849400
1372137480,0.849410,0.849440,0.849410,0.849440
1372137540,0.849430,0.849430,0.849320,0.849330
1372137600,0.849340,0.849340,0.849260,0.849280
1372137660,0.849290,0.849300,0.849270,0.849290
1372137720,0.849300,0.849300,0.849290,0.849290
1372137780,0.849280,0.849300,0.849280,0.849300
1372137840,0.849340,0.849360,0.849260,0.849260
1372137900,0.849270,0.849280,0.849220,0.849270
1372137960,0.849280,0.849300,0.849240,0.849280
1372138020,0.849270,0.849270,0.849130,0.849150
1372138080,0.849170,0.849170,0.849110,0.849140
1372138140,0.849150,0.849200,0.849080,0.849110
1372138200,0.849090,0.849140,0.849020,0.849120
1372138260,0.849110,0.849110,0.849020,0.849020
1372138320,0.849030,0.849030,0.848950,0.848950
1372138380,0.848960,0.848960,0.848810,0.848810
1372138440,0.848840,0.848840,0.848760,0.848830
1372138500,0.848810,0.848900,0.848730,0.848890
1372138560,0.848880,0.849010,0.848840,0.848930
1372138620,0.848950,0.848960,0.848860,0.848860
1372138680,0.848850,0.848850,0.848810,0.848820
1372138740,0.848810,0.848820,0.848790,0.848800
1372138800,0.848810,0.848870,0.848800,0.848820
1372138860,0.848810,0.848860,0.848770,0.848780
1372138920,0.848770,0.848780,0.848650,0.848710
1372138980,0.848680,0.848720,0.848640,0.848650
1372139040,0.848640,0.848770,0.848640,0.848750
1372139100,0.848760,0.848780,0.848740,0.848760
1372139160,0.848780,0.848800,0.848760,0.848770
1372139220,0.848780,0.848920,0.848770,0.848920
1372139280,0.848910,0.848940,0.848870,0.848890
1372139340,0.848900,0.848940,0.848880,0.848890
1372139400,0.848880,0.848910,0.848850,0.848910
1372139460,0.848900,0.848950,0.848900,0.848930
1372139520,0.848920,0.848990,0.848920,0.848960
1372139580,0.848950,0.848980,0.848930,0.848970
1372139640,0.849000,0.849010,0.848940,0.849010
1372139700,0.849040,0.849070,0.848980,0.849050
1372139760,0.849060,0.849100,0.848970,0.848980
1372139820,0.848960,0.849000,0.848840,0.848920
1372139880,0.848910,0.849080,0.848890,0.849060
1372139940,0.849040,0.849130,0.848990,0.849060
1372140000,0.849050,0.849120,0.848960,0.849080
1372140060,0.849070,0.849100,0.848900,0.848980
1372140120,0.849000,0.849080,0.848990,0.849040
1372140180,0.849060,0.849110,0.849050,0.849050
1372140240,0.849040,0.849160,0.849040,0.849130
1372140300,0.849140,0.849240,0.849060,0.849210
1372140360,0.849220,0.849270,0.849180,0.849260
1372140420,0.849270,0.849370,0.849250,0.849250
1372140480,0.849260,0.849620,0.849240,0.849540
1372140540,0.849560,0.849600,0.849370,0.849500
1372140600,0.849510,0.849510,0.849330,0.849400
1372140660,0.849410,0.849580,0.849400,0.849570
1372140720,0.849560,0.849580,0.849470,0.849520
1372140780,0.849510,0.849520,0.849390,0.849400
1372140840,0.849430,0.849580,0.849360,0.849550
1372140900,0.849540,0.849710,0.849470,0.849620
1372140960,0.849660,0.849690,0.849500,0.849500
1372141020,0.849490,0.849560,0.849370,0.849380
1372141080,0.849370,0.849450,0.849220,0.849320
1372141140,0.849330,0.849380,0.849240,0.849370
1372141200,0.849380,0.849500,0.849380,0.849480
1372141260,0.849470,0.849520,0.849410,0.849490
1372141320,0.849500,0.849520,0.849390,0.849390
1372141380,0.849410,0.849600,0.849410,0.849470
1372141440,0.849460,0.849550,0.849460,0.849530
1372141500,0.849560,0.849640,0.849500,0.849560
1372141560,0.849550,0.849690,0.849530,0.849610
1372141620,0.849620,0.849620,0.849510,0.849570
1372141680,0.849560,0.849560,0.849490,0.849550
1372141740,0.849570,0.849570,0.849440,0.849450
1372141800,0.849460,0.849880,0.849460,0.849790
1372141860,0.849800,0.850140,0.849800,0.850120
1372141920,0.850110,0.850200,0.850100,0.850200
1372141980,0.850210,0.850540,0.850180,0.850530
1372142040,0.850520,0.850770,0.850480,0.850500
1372142100,0.850490,0.850500,0.850120,0.850330
1372142160,0.850350,0.850550,0.850330,0.850550
1372142220,0.850560,0.850690,0.850490,0.850680
1372142280,0.850700,0.850720,0.850500,0.850560
1372142340,0.850550,0.850630,0.850470,0.850520
1372142400,0.850560,0.850660,0.850530,0.850530
1372142460,0.850540,0.850570,0.850500,0.850530
1372142520,0.850540,0.850580,0.850510,0.850530
1372142580,0.850520,0.850670,0.850420,0.850670
1372142640,0.850660,0.850760,0.850620,0.850730
1372142700,0.850720,0.850760,0.850630,0.850660
1372142760,0.850700,0.850730,0.850640,0.850650
1372142820,0.850670,0.850710,0.850480,0.850710
1372142880,0.850700,0.850830,0.850700,0.850720
1372142940,0.850710,0.850760,0.850600,0.850650
1372143000,0.850640,0.850680,0.850590,0.850590
1372143060,0.850580,0.850620,0.850550,0.850580
1372143120,0.850600,0.850720,0.850580,0.850660
1372143180,0.850650,0.850870,0.850630,0.850820
1372143240,0.850800,0.850880,0.850710,0.850880
1372143300,0.850870,0.850870,0.850530,0.850570
1372143360,0.850580,0.850660,0.850410,0.850520
1372143420,0.850500,0.850500,0.850290,0.850420
1372143480,0.850430,0.850460,0.850260,0.850270
1372143540,0.850260,0.850340,0.850130,0.850160
1372143600,0.850180,0.850260,0.850070,0.850150
1372143660,0.850140,0.850260,0.850060,0.850260
1372143720,0.850270,0.850550,0.850270,0.850450
1372143780,0.850410,0.850430,0.850270,0.850350
1372143840,0.850330,0.850530,0.850260,0.850530
1372143900,0.850550,0.850590,0.850430,0.850490
1372143960,0.850500,0.850600,0.850480,0.850520
1372144020,0.850510,0.850660,0.850510,0.850540
1372144080,0.850550,0.850550,0.850440,0.850460
1372144140,0.850470,0.850470,0.850430,0.850450
1372144200,0.850440,0.850480,0.850380,0.850450
1372144260,0.850440,0.850690,0.850350,0.850590
1372144320,0.850600,0.850840,0.850530,0.850740
1372144380,0.850730,0.850800,0.850680,0.850730
1372144440,0.850720,0.850760,0.850650,0.850740
1372144500,0.850750,0.850750,0.850680,0.850710
1372144560,0.850720,0.850770,0.850560,0.850770
1372144620,0.850760,0.850770,0.850640,0.850670
1372144680,0.850650,0.850680,0.850460,0.850490
1372144740,0.850520,0.850540,0.850340,0.850350
1372144800,0.850360,0.850400,0.850320,0.850330
1372144860,0.850270,0.850300,0.850230,0.850300
1372144920,0.850330,0.850380,0.850170,0.850350
1372144980,0.850360,0.850570,0.850350,0.850400
1372145040,0.850390,0.850500,0.850140,0.850200
1372145100,0.850220,0.850290,0.850210,0.850280
1372145160,0.850270,0.850480,0.850240,0.850370
1372145220,0.850390,0.850490,0.850370,0.850450
1372145280,0.850440,0.850450,0.850340,0.850370
1372145340,0.850380,0.850500,0.850330,0.850350
1372145400,0.850340,0.850430,0.850320,0.850410
1372145460,0.850400,0.850440,0.850200,0.850250
1372145520,0.850240,0.850250,0.849970,0.849970
1372145580,0.849960,0.849960,0.849810,0.849900
1372145640,0.849910,0.850080,0.849900,0.850080
1372145700,0.850070,0.850100,0.850020,0.850020
1372145760,0.850030,0.850100,0.849910,0.849910
1372145820,0.849890,0.850050,0.849850,0.850050
1372145880,0.850040,0.850230,0.850020,0.850210
1372145940,0.850200,0.850210,0.850050,0.850140
1372146000,0.850130,0.850300,0.850100,0.850290
1372146060,0.850300,0.850460,0.850290,0.850450
1372146120,0.850470,0.850540,0.850380,0.850540
1372146180,0.850530,0.850580,0.850450,0.850580
1372146240,0.850560,0.850590,0.850470,0.850510
1372146300,0.850500,0.850510,0.850420,0.850430
1372146360,0.850440,0.850480,0.850410,0.850440
1372146420,0.850420,0.850470,0.850240,0.850250
1372146480,0.850260,0.850430,0.850220,0.850420
1372146540,0.850430,0.850570,0.850370,0.850550
1372146600,0.850560,0.850650,0.850550,0.850620
1372146660,0.850610,0.850630,0.850540,0.850630
1372146720,0.850620,0.850650,0.850560,0.850610
1372146780,0.850630,0.850680,0.850600,0.850630
1372146840,0.850640,0.850640,0.850540,0.850560
1372146900,0.850570,0.850670,0.850570,0.850570
1372146960,0.850560,0.850620,0.850480,0.850600
1372147020,0.850610,0.850660,0.850580,0.850650
1372147080,0.850620,0.850670,0.850580,0.850670
1372147140,0.850680,0.850900,0.850650,0.850880
1372147200,0.850870,0.850880,0.850810,0.850830
1372147260,0.850810,0.850840,0.850570,0.850590
1372147320,0.850600,0.850670,0.850580,0.850650
1372147380,0.850670,0.850720,0.850550,0.850590
1372147440,0.850580,0.850720,0.850580,0.850710
1372147500,0.850720,0.850770,0.850630,0.850640
1372147560,0.850630,0.850680,0.850570,0.850620
1372147620,0.850610,0.850650,0.850570,0.850620
1372147680,0.850640,0.850640,0.850490,0.850510
1372147740,0.850520,0.850560,0.850470,0.850480
1372147800,0.850490,0.850490,0.849800,0.849810
1372147860,0.849830,0.849950,0.849650,0.849760
1372147920,0.849750,0.849750,0.849440,0.849470
1372147980,0.849480,0.849480,0.849200,0.849290
1372148040,0.849310,0.849330,0.849170,0.849300
1372148100,0.849290,0.849370,0.849280,0.849290
1372148160,0.849280,0.849370,0.849270,0.849290
1372148220,0.849300,0.849380,0.849290,0.849300
1372148280,0.849320,0.849450,0.849320,0.849330
1372148340,0.849340,0.849430,0.849280,0.849410
1372148400,0.849380,0.849420,0.849160,0.849160
1372148460,0.849020,0.849180,0.848950,0.849100
1372148520,0.849090,0.849140,0.849030,0.849040
1372148580,0.849020,0.849050,0.848950,0.848950
1372148640,0.848960,0.849200,0.848890,0.849170
1372148700,0.849160,0.849240,0.849160,0.849230
1372148760,0.849260,0.849350,0.849240,0.849340
1372148820,0.849330,0.849570,0.849300,0.849540
1372148880,0.849530,0.849780,0.849470,0.849690
1372148940,0.849720,0.849830,0.849560,0.849590
1372149000,0.849580,0.849650,0.849520,0.849570
1372149060,0.849580,0.849880,0.849580,0.849720
1372149120,0.849730,0.849770,0.849580,0.849580
1372149180,0.849590,0.850100,0.849320,0.850050
1372149240,0.850060,0.850560,0.850040,0.850560
1372149300,0.850520,0.850540,0.850360,0.850360
1372149360,0.850410,0.850430,0.850190,0.850400
1372149420,0.850390,0.850610,0.850320,0.850610
1372149480,0.850600,0.850980,0.850590,0.850900
1372149540,0.850920,0.850950,0.850560,0.850640
1372149600,0.850630,0.850760,0.850620,0.850750
1372149660,0.850760,0.850780,0.850600,0.850620
1372149720,0.850630,0.850630,0.850330,0.850360
1372149780,0.850330,0.850460,0.850300,0.850390
1372149840,0.850410,0.850450,0.850310,0.850420
1372149900,0.850430,0.850570,0.850430,0.850560
1372149960,0.850570,0.850770,0.850570,0.850740
1372150020,0.850730,0.850890,0.850630,0.850850
1372150080,0.850840,0.850890,0.850670,0.850880
1372150140,0.850910,0.850960,0.850780,0.850940
1372150200,0.850930,0.850930,0.850740,0.850820
1372150260,0.850810,0.851120,0.850780,0.851000
1372150320,0.850990,0.851030,0.850720,0.850780
1372150380,0.850750,0.850880,0.850710,0.850810
1372150440,0.850790,0.850820,0.850660,0.850680
1372150500,0.850670,0.850710,0.850610,0.850700
1372150560,0.850710,0.850790,0.850630,0.850700
1372150620,0.850680,0.850680,0.850470,0.850560
1372150680,0.850570,0.850630,0.850280,0.850330
1372150740,0.850350,0.850490,0.850310,0.850470
1372150800,0.850460,0.850460,0.850250,0.850320
1372150860,0.850350,0.850430,0.850190,0.850230
1372150920,0.850220,0.850340,0.850200,0.850300
1372150980,0.850290,0.850370,0.850220,0.850370
1372151040,0.850380,0.850440,0.850150,0.850150
1372151100,0.850160,0.850240,0.850120,0.850200
1372151160,0.850180,0.850270,0.850140,0.850240
1372151220,0.850230,0.850440,0.850220,0.850440
1372151280,0.850430,0.850490,0.850390,0.850430
1372151340,0.850440,0.850440,0.850200,0.850230
1372151400,0.850240,0.850240,0.850100,0.850120
1372151460,0.850090,0.850140,0.850010,0.850120
1372151520,0.850110,0.850110,0.850020,0.850090
1372151580,0.850080,0.850080,0.850000,0.850010
1372151640,0.850020,0.850080,0.849930,0.850010
1372151700,0.850000,0.850040,0.849960,0.850040
1372151760,0.850050,0.850130,0.850020,0.850120
1372151820,0.850130,0.850220,0.850030,0.850050
1372151880,0.850060,0.850310,0.850000,0.850280
1372151940,0.850220,0.850330,0.850140,0.850140
1372152000,0.850120,0.850310,0.850050,0.850220
1372152060,0.850210,0.850230,0.850030,0.850030
1372152120,0.850040,0.850140,0.849940,0.850130
1372152180,0.850120,0.850130,0.850080,0.850080
1372152240,0.850090,0.850180,0.850090,0.850140
1372152300,0.850130,0.850320,0.850050,0.850230
1372152360,0.850220,0.850250,0.850160,0.850180
1372152420,0.850150,0.850160,0.850010,0.850150
1372152480,0.850140,0.850200,0.849920,0.849920
1372152540,0.849900,0.849910,0.849510,0.849610
1372152600,0.849600,0.849610,0.849380,0.849410
1372152660,0.849400,0.849410,0.849170,0.849290
1372152720,0.849270,0.849290,0.849180,0.849210
1372152780,0.849220,0.849230,0.849110,0.849110
1372152840,0.849120,0.849190,0.849000,0.849160
1372152900,0.849150,0.849190,0.849120,0.849170
1372152960,0.849150,0.849200,0.849150,0.849160
1372153020,0.849150,0.849190,0.849090,0.849130
1372153080,0.849120,0.849180,0.849050,0.849160
1372153140,0.849150,0.849200,0.849130,0.849170
1372153200,0.849160,0.849230,0.849140,0.849170
1372153260,0.849180,0.849180,0.848970,0.849010
1372153320,0.849050,0.849180,0.849040,0.849120
1372153380,0.849100,0.849100,0.848930,0.849060
1372153440,0.849050,0.849170,0.849040,0.849080
1372153500,0.849090,0.849090,0.848880,0.849020
1372153560,0.849030,0.849170,0.848980,0.848990
1372153620,0.848980,0.849090,0.848980,0.849090
1372153680,0.849080,0.849160,0.849060,0.849150
1372153740,0.849130,0.849130,0.848910,0.848980
1372153800,0.849000,0.849060,0.848940,0.848960
1372153860,0.848990,0.849130,0.848940,0.849100
1372153920,0.849090,0.849120,0.848980,0.848990
1372153980,0.848980,0.848980,0.848890,0.848900
1372154040,0.848910,0.848950,0.848890,0.848920
1372154100,0.848940,0.848960,0.848920,0.848950
1372154160,0.848960,0.849040,0.848940,0.848980
1372154220,0.848990,0.849030,0.848930,0.848940
1372154280,0.848910,0.848920,0.848800,0.848800
1372154340,0.848810,0.848910,0.848810,0.848860
1372154400,0.848880,0.849050,0.848860,0.849020
1372154460,0.849010,0.849060,0.848940,0.849030
1372154520,0.849040,0.849210,0.849040,0.849120
1372154580,0.849140,0.849260,0.849130,0.849250
1372154640,0.849240,0.849350,0.849240,0.849340
1372154700,0.849360,0.849430,0.849300,0.849410
1372154760,0.849400,0.849450,0.849300,0.849360
1372154820,0.849370,0.849420,0.849240,0.849340
1372154880,0.849310,0.849430,0.849310,0.849360
1372154940,0.849350,0.849440,0.849310,0.849380
1372155000,0.849390,0.849450,0.849360,0.849420
1372155060,0.849410,0.849450,0.849320,0.849380
1372155120,0.849370,0.849400,0.849350,0.849400
1372155180,0.849350,0.849390,0.849320,0.849350
1372155240,0.849360,0.849370,0.849320,0.849340
1372155300,0.849330,0.849410,0.849270,0.849410
1372155360,0.849390,0.849430,0.849350,0.849350
1372155420,0.849370,0.849390,0.849340,0.849380
1372155480,0.849370,0.849380,0.849320,0.849340
1372155540,0.849330,0.849350,0.849290,0.849340
1372155600,0.849350,0.849350,0.849260,0.849300
1372155660,0.849290,0.849400,0.849280,0.849400
1372155720,0.849410,0.849430,0.849340,0.849430
1372155780,0.849450,0.849480,0.849330,0.849370
1372155840,0.849380,0.849380,0.849260,0.849280
1372155900,0.849290,0.849340,0.849240,0.849300
1372155960,0.849290,0.849320,0.849190,0.849310
1372156020,0.849290,0.849320,0.849230,0.849280
1372156080,0.849290,0.849310,0.849240,0.849280
1372156140,0.849290,0.849320,0.849280,0.849300
1372156200,0.849290,0.849320,0.849130,0.849130
1372156260,0.849100,0.849210,0.849050,0.849080
1372156320,0.849090,0.849290,0.849090,0.849250
1372156380,0.849270,0.849490,0.849240,0.849420
1372156440,0.849410,0.849600,0.849330,0.849510
1372156500,0.849530,0.849530,0.849380,0.849390
1372156560,0.849380,0.849400,0.849300,0.849340
1372156620,0.849350,0.849350,0.849210,0.849250
1372156680,0.849260,0.849400,0.849250,0.849400
1372156740,0.849410,0.849570,0.849410,0.849570
1372156800,0.849550,0.849630,0.849480,0.849630
1372156860,0.849620,0.849630,0.849480,0.849530
1372156920,0.849540,0.849590,0.849500,0.849510
1372156980,0.849530,0.849550,0.849440,0.849510
1372157040,0.849500,0.849540,0.849480,0.849490
1372157100,0.849500,0.849500,0.849300,0.849350
1372157160,0.849360,0.849360,0.849230,0.849260
1372157220,0.849270,0.849460,0.849190,0.849460
1372157280,0.849450,0.849470,0.849320,0.849380
1372157340,0.849360,0.849360,0.849260,0.849280
1372157400,0.849300,0.849470,0.849280,0.849470
1372157460,0.849460,0.849550,0.849440,0.849540
1372157520,0.849530,0.849590,0.849520,0.849580
1372157580,0.849590,0.849640,0.849500,0.849530
1372157640,0.849550,0.849560,0.849410,0.849480
1372157700,0.849500,0.849550,0.849480,0.849500
1372157760,0.849510,0.849570,0.849490,0.849550
1372157820,0.849540,0.849640,0.849540,0.849610
1372157880,0.849620,0.849850,0.849600,0.849610
1372157940,0.849620,0.849740,0.849610,0.849710
1372158000,0.849720,0.849920,0.849710,0.849790
1372158060,0.849780,0.849860,0.849740,0.849790
1372158120,0.849750,0.849750,0.849610,0.849680
1372158180,0.849670,0.849860,0.849630,0.849740
1372158240,0.849730,0.849880,0.849690,0.849870
1372158300,0.849890,0.849900,0.849560,0.849670
1372158360,0.849660,0.849760,0.849570,0.849730
1372158420,0.849770,0.849780,0.849640,0.849700
1372158480,0.849690,0.849690,0.849490,0.849520
1372158540,0.849500,0.849630,0.849490,0.849570
1372158600,0.849560,0.849700,0.849530,0.849690
1372158660,0.849700,0.849770,0.849590,0.849590
1372158720,0.849600,0.849630,0.849510,0.849540
1372158780,0.849550,0.849610,0.849540,0.849590
1372158840,0.849570,0.849700,0.849570,0.849610
1372158900,0.849590,0.849680,0.849560,0.849650
1372158960,0.849660,0.849660,0.849530,0.849540
1372159020,0.849550,0.849580,0.849400,0.849420
1372159080,0.849430,0.849650,0.849410,0.849580
1372159140,0.849570,0.849640,0.849500,0.849500
1372159200,0.849510,0.849540,0.849460,0.849490
1372159260,0.849500,0.849500,0.849450,0.849490
1372159320,0.849480,0.849500,0.849400,0.849420
1372159380,0.849410,0.849510,0.849380,0.849380
1372159440,0.849390,0.849470,0.849200,0.849200
1372159500,0.849220,0.849280,0.849210,0.849220
1372159560,0.849210,0.849260,0.849140,0.849220
1372159620,0.849230,0.849310,0.849220,0.849270
1372159680,0.849280,0.849280,0.849180,0.849210
1372159740,0.849220,0.849230,0.849110,0.849130
1372159800,0.849120,0.849210,0.849100,0.849110
1372159860,0.849120,0.849120,0.848910,0.848980
1372159920,0.848990,0.848990,0.848870,0.848870
1372159980,0.848860,0.848860,0.848720,0.848810
1372160040,0.848820,0.848850,0.848740,0.848740
1372160100,0.848730,0.849060,0.848720,0.849030
1372160160,0.849000,0.849060,0.848950,0.849000
1372160220,0.848990,0.849000,0.848820,0.848860
1372160280,0.848870,0.848960,0.848850,0.848920
1372160340,0.848910,0.848950,0.848890,0.848910
1372160400,0.848920,0.848920,0.848790,0.848800
1372160460,0.848810,0.848870,0.848780,0.848820
1372160520,0.848800,0.848810,0.848760,0.848780
1372160580,0.848820,0.848820,0.848630,0.848700
1372160640,0.848720,0.848800,0.848700,0.848790
1372160700,0.848800,0.848800,0.848730,0.848770
1372160760,0.848760,0.848820,0.848750,0.848810
1372160820,0.848830,0.848870,0.848800,0.848850
1372160880,0.848840,0.848980,0.848810,0.848970
1372160940,0.848960,0.849170,0.848910,0.849140
1372161000,0.849130,0.849260,0.849130,0.849240
1372161060,0.849230,0.849460,0.849200,0.849460
1372161120,0.849450,0.849460,0.849220,0.849250
1372161180,0.849260,0.849440,0.849180,0.849310
1372161240,0.849320,0.849550,0.849320,0.849410
1372161300,0.849420,0.849490,0.849410,0.849450
1372161360,0.849460,0.849460,0.849390,0.849400
1372161420,0.849390,0.849390,0.849320,0.849360
1372161480,0.849390,0.849620,0.849370,0.849620
1372161540,0.849610,0.849700,0.849500,0.849690
1372161600,0.849720,0.849770,0.849660,0.849760
1372161660,0.849750,0.849770,0.849630,0.849650
1372161720,0.849640,0.849680,0.849540,0.849540
1372161780,0.849550,0.849550,0.849480,0.849490
1372161840,0.849500,0.849530,0.849350,0.849350
1372161900,0.849370,0.849400,0.849060,0.849070
1372161960,0.849090,0.849240,0.849090,0.849230
1372162020,0.849240,0.849320,0.849150,0.849230
1372162080,0.849220,0.849280,0.849190,0.849200
1372162140,0.849190,0.849190,0.849010,0.849070
1372162200,0.849060,0.849180,0.849000,0.849150
1372162260,0.849160,0.849240,0.849150,0.849190
1372162320,0.849210,0.849240,0.849100,0.849160
1372162380,0.849150,0.849160,0.848920,0.848970
1372162440,0.848950,0.848970,0.848390,0.848600
1372162500,0.848650,0.848820,0.848490,0.848560
1372162560,0.848550,0.848560,0.848390,0.848450
1372162620,0.848480,0.848640,0.848450,0.848590
1372162680,0.848610,0.848700,0.848480,0.848520
1372162740,0.848500,0.848560,0.848410,0.848450
1372162800,0.848470,0.848530,0.848430,0.848460
1372162860,0.848440,0.848470,0.848280,0.848470
1372162920,0.848480,0.848740,0.848480,0.848710
1372162980,0.848700,0.848700,0.848490,0.848590
1372163040,0.848580,0.848720,0.848380,0.848720
1372163100,0.848730,0.848820,0.848640,0.848800
1372163160,0.848790,0.848860,0.848710,0.848850
1372163220,0.848860,0.848900,0.848750,0.848860
1372163280,0.848890,0.849030,0.848890,0.848970
1372163340,0.848980,0.849030,0.848760,0.848880
1372163400,0.848870,0.849020,0.848520,0.848810
1372163460,0.848790,0.848800,0.848470,0.848490
1372163520,0.848480,0.848680,0.848480,0.848540
1372163580,0.848530,0.848750,0.848470,0.848700
1372163640,0.848710,0.848790,0.848680,0.848680
1372163700,0.848670,0.848710,0.848250,0.848250
1372163760,0.848240,0.848440,0.848170,0.848300
1372163820,0.848310,0.848420,0.848170,0.848220
1372163880,0.848230,0.848270,0.848110,0.848150
1372163940,0.848160,0.848350,0.848120,0.848320
1372164000,0.848330,0.848500,0.848230,0.848380
1372164060,0.848370,0.848440,0.848180,0.848180
1372164120,0.848170,0.848320,0.848070,0.848320
1372164180,0.848330,0.848360,0.848250,0.848250
1372164240,0.848280,0.848350,0.848240,0.848280
1372164300,0.848290,0.848310,0.848220,0.848240
1372164360,0.848230,0.848270,0.848040,0.848070
1372164420,0.848060,0.848070,0.847720,0.847760
1372164480,0.847770,0.847800,0.847600,0.847690
1372164540,0.847710,0.847770,0.847560,0.847640
1372164600,0.847630,0.847780,0.847590,0.847710
1372164660,0.847720,0.847850,0.847720,0.847790
1372164720,0.847810,0.847990,0.847800,0.847960
1372164780,0.847970,0.848080,0.847890,0.847960
1372164840,0.847950,0.847980,0.847910,0.847920
1372164900,0.847900,0.847980,0.847900,0.847950
1372164960,0.848010,0.848190,0.848010,0.848090
1372165020,0.848100,0.848610,0.848100,0.848470
1372165080,0.848450,0.848520,0.848410,0.848420
1372165140,0.848430,0.848470,0.848310,0.848370
1372165200,0.848360,0.848380,0.848210,0.848340
1372165260,0.848300,0.848330,0.848090,0.848330
1372165320,0.848320,0.848410,0.848260,0.848320
1372165380,0.848330,0.848340,0.848080,0.848100
1372165440,0.848090,0.848400,0.848090,0.848400
1372165500,0.848430,0.848450,0.848330,0.848340
1372165560,0.848350,0.848400,0.848230,0.848340
1372165620,0.848350,0.848370,0.848220,0.848350
1372165680,0.848360,0.848470,0.848320,0.848460
1372165740,0.848450,0.848460,0.848360,0.848370
1372165800,0.848380,0.848690,0.848340,0.848600
1372165860,0.848620,0.848630,0.848540,0.848610
1372165920,0.848600,0.848700,0.848580,0.848670
1372165980,0.848660,0.848660,0.848480,0.848500
1372166040,0.848490,0.848500,0.848320,0.848320
1372166100,0.848350,0.848480,0.848130,0.848150
1372166160,0.848160,0.848200,0.848020,0.848090
1372166220,0.848080,0.848280,0.848020,0.848200
1372166280,0.848180,0.848270,0.848030,0.848040
1372166340,0.848030,0.848100,0.847970,0.848030
1372166400,0.848050,0.848190,0.848000,0.848130
1372166460,0.848140,0.848290,0.848090,0.848100
1372166520,0.848120,0.848220,0.848080,0.848210
1372166580,0.848200,0.848230,0.848130,0.848150
1372166640,0.848170,0.848210,0.848090,0.848110
1372166700,0.848080,0.848270,0.848080,0.848270
1372166760,0.848260,0.848270,0.848050,0.848130
1372166820,0.848150,0.848200,0.848130,0.848170
1372166880,0.848160,0.848310,0.848150,0.848300
1372166940,0.848310,0.848440,0.848210,0.848430
1372167000,0.848440,0.848620,0.848440,0.848610
1372167060,0.848600,0.848780,0.848600,0.848680
1372167120,0.848690,0.848750,0.848490,0.848500
1372167180,0.848510,0.848550,0.848460,0.848490
1372167240,0.848480,0.848490,0.848380,0.848380
1372167300,0.848360,0.848360,0.848250,0.848310
1372167360,0.848320,0.848390,0.848300,0.848300
1372167420,0.848310,0.848370,0.848280,0.848350
1372167480,0.848340,0.848480,0.848310,0.848470
1372167540,0.848480,0.848620,0.848480,0.848600
1372167600,0.848610,0.848670,0.848590,0.848610
1372167660,0.848570,0.848780,0.848560,0.848720
1372167720,0.848740,0.848770,0.848640,0.848640
1372167780,0.848650,0.848670,0.848580,0.848660
1372167840,0.848650,0.848700,0.848550,0.848550
1372167900,0.848560,0.848560,0.848470,0.848470
1372167960,0.848460,0.848550,0.848440,0.848520
1372168020,0.848540,0.848670,0.848530,0.848650
1372168080,0.848660,0.848680,0.848590,0.848650
1372168140,0.848660,0.848680,0.848490,0.848510
1372168200,0.848520,0.848570,0.848440,0.848460
1372168260,0.848450,0.848500,0.848300,0.848300
1372168320,0.848290,0.848320,0.848220,0.848320
1372168380,0.848300,0.848320,0.848170,0.848280
1372168440,0.848270,0.848380,0.848180,0.848200
1372168500,0.848170,0.848190,0.848070,0.848080
1372168560,0.848090,0.848220,0.848060,0.848220
1372168620,0.848210,0.848280,0.848140,0.848250
1372168680,0.848240,0.848270,0.848130,0.848190
1372168740,0.848200,0.848310,0.847980,0.848050
1372168800,0.848040,0.848210,0.847710,0.848010
1372168860,0.847990,0.847990,0.847680,0.847770
1372168920,0.847760,0.847800,0.847600,0.847660
1372168980,0.847650,0.847710,0.847530,0.847570
1372169040,0.847550,0.847740,0.847520,0.847610
1372169100,0.847620,0.847620,0.847250,0.847250
1372169160,0.847240,0.847400,0.847100,0.847110
1372169220,0.847120,0.847230,0.847100,0.847210
1372169280,0.847200,0.847430,0.847200,0.847330
1372169340,0.847350,0.847450,0.847340,0.847440
1372169400,0.847450,0.847960,0.847450,0.847920
1372169460,0.848100,0.848540,0.848100,0.848340
1372169520,0.848360,0.848360,0.847980,0.848020
1372169580,0.848030,0.848230,0.848030,0.848190
1372169640,0.848180,0.848240,0.848060,0.848090
1372169700,0.848100,0.848280,0.848060,0.848260
1372169760,0.848270,0.848330,0.847940,0.848010
1372169820,0.848000,0.848070,0.847770,0.847780
1372169880,0.847790,0.847800,0.847490,0.847610
1372169940,0.847620,0.847890,0.847610,0.847820
1372170000,0.847780,0.847840,0.847720,0.847790
1372170060,0.847800,0.847820,0.847730,0.847800
1372170120,0.847810,0.848130,0.847800,0.847970
1372170180,0.847930,0.848090,0.847930,0.848000
1372170240,0.848030,0.848260,0.847960,0.848180
1372170300,0.848160,0.848320,0.848150,0.848260
1372170360,0.848240,0.848270,0.848140,0.848140
1372170420,0.848150,0.848240,0.848050,0.848090
1372170480,0.848100,0.848100,0.848000,0.848000
1372170540,0.848010,0.848360,0.847990,0.848330
1372170600,0.848320,0.848390,0.848270,0.848390
1372170660,0.848360,0.848560,0.848330,0.848550
1372170720,0.848560,0.848810,0.848520,0.848690
1372170780,0.848700,0.848730,0.848530,0.848620
1372170840,0.848630,0.848630,0.848420,0.848420
1372170900,0.848410,0.848510,0.848400,0.848500
1372170960,0.848480,0.848630,0.848480,0.848560
1372171020,0.848570,0.848660,0.848470,0.848510
1372171080,0.848500,0.848570,0.848470,0.848540
1372171140,0.848550,0.848650,0.848550,0.848580
1372171200,0.848590,0.848610,0.848520,0.848590
1372171260,0.848580,0.848760,0.848560,0.848760
1372171320,0.848800,0.848900,0.848790,0.848860
1372171380,0.848850,0.848900,0.848760,0.848810
1372171440,0.848780,0.848840,0.848670,0.848760
1372171500,0.848770,0.848970,0.848770,0.848890
1372171560,0.848900,0.848920,0.848760,0.848790
1372171620,0.848800,0.848870,0.848750,0.848820
1372171680,0.848800,0.848850,0.848620,0.848660
1372171740,0.848640,0.848730,0.848600,0.848620
1372171800,0.848640,0.848680,0.848520,0.848590
1372171860,0.848580,0.848620,0.848380,0.848410
1372171920,0.848400,0.848540,0.848320,0.848510
1372171980,0.848500,0.848560,0.848420,0.848510
1372172040,0.848530,0.848750,0.848520,0.848590
1372172100,0.848560,0.848560,0.848260,0.848300
1372172160,0.848260,0.848270,0.848010,0.848020
1372172220,0.848010,0.848150,0.848000,0.848040
1372172280,0.848050,0.848250,0.848050,0.848250
1372172340,0.848240,0.848680,0.848190,0.848590
1372172400,0.848580,0.848620,0.848500,0.848540
1372172460,0.848550,0.848770,0.848510,0.848750
1372172520,0.848760,0.848770,0.848690,0.848720
1372172580,0.848730,0.848870,0.848620,0.848810
1372172640,0.848820,0.848820,0.848680,0.848730
1372172700,0.848740,0.848740,0.848420,0.848430
1372172760,0.848420,0.848490,0.848350,0.848350
1372172820,0.848340,0.848400,0.848130,0.848140
1372172880,0.848120,0.848390,0.848120,0.848350
1372172940,0.848380,0.848410,0.848270,0.848310
1372173000,0.848330,0.848400,0.848230,0.848350
1372173060,0.848370,0.848370,0.848100,0.848200
1372173120,0.848190,0.848340,0.848090,0.848090
1372173180,0.848080,0.848250,0.848060,0.848230
1372173240,0.848240,0.848420,0.848130,0.848360
1372173300,0.848370,0.848480,0.848340,0.848400
1372173360,0.848440,0.848470,0.848320,0.848360
1372173420,0.848380,0.848410,0.848230,0.848310
1372173480,0.848320,0.848440,0.848320,0.848430
1372173540,0.848410,0.848430,0.848360,0.848380
1372173600,0.848370,0.848460,0.848350,0.848430
1372173660,0.848390,0.848560,0.848380,0.848400
1372173720,0.848430,0.848440,0.848210,0.848240
1372173780,0.848260,0.848460,0.848200,0.848450
1372173840,0.848440,0.848470,0.848410,0.848440
1372173900,0.848430,0.848470,0.848410,0.848430
1372173960,0.848440,0.848530,0.848380,0.848380
1372174020,0.848390,0.848470,0.848360,0.848390
1372174080,0.848400,0.848450,0.848190,0.848240
1372174140,0.848260,0.848410,0.848190,0.848190
1372174200,0.848170,0.848440,0.848150,0.848390
1372174260,0.848380,0.848510,0.848330,0.848490
1372174320,0.848480,0.848490,0.848390,0.848410
1372174380,0.848420,0.848460,0.848380,0.848450
1372174440,0.848460,0.848550,0.848420,0.848460
1372174500,0.848450,0.848560,0.848450,0.848560
1372174560,0.848570,0.848840,0.848550,0.848830
1372174620,0.848870,0.848870,0.848780,0.848780
1372174680,0.848770,0.848840,0.848770,0.848840
1372174740,0.848810,0.848890,0.848760,0.848820
1372174800,0.848880,0.848940,0.848750,0.848750
1372174860,0.848740,0.848750,0.848710,0.848740
1372174920,0.848750,0.848820,0.848690,0.848790
1372174980,0.848800,0.848890,0.848670,0.848690
1372175040,0.848700,0.848740,0.848570,0.848650
1372175100,0.848660,0.848820,0.848640,0.848810
1372175160,0.848840,0.848900,0.848720,0.848720
1372175220,0.848740,0.848790,0.848630,0.848630
1372175280,0.848640,0.848680,0.848530,0.848620
1372175340,0.848630,0.848720,0.848550,0.848720
1372175400,0.848730,0.848800,0.848690,0.848780
1372175460,0.848770,0.848770,0.848570,0.848580
1372175520,0.848570,0.848570,0.848440,0.848460
1372175580,0.848450,0.848460,0.848380,0.848420
1372175640,0.848430,0.848430,0.848200,0.848210
1372175700,0.848230,0.848240,0.848090,0.848140
1372175760,0.848160,0.848360,0.848080,0.848360
1372175820,0.848310,0.848390,0.848130,0.848300
1372175880,0.848310,0.848480,0.848310,0.848390
1372175940,0.848380,0.848390,0.848200,0.848270
1372176000,0.848290,0.848410,0.848240,0.848300
1372176060,0.848310,0.848350,0.848270,0.848300
1372176120,0.848280,0.848320,0.848240,0.848310
1372176180,0.848300,0.848370,0.848300,0.848370
1372176240,0.848360,0.848360,0.848270,0.848290
1372176300,0.848300,0.848350,0.848240,0.848240
1372176360,0.848230,0.848240,0.848140,0.848140
1372176420,0.848150,0.848200,0.848100,0.848130
1372176480,0.848120,0.848180,0.848100,0.848160
1372176540,0.848180,0.848190,0.848030,0.848050
1372176600,0.848060,0.848140,0.848030,0.848110
1372176660,0.848130,0.848130,0.848090,0.848090
1372176720,0.848100,0.848110,0.847980,0.847980
1372176780,0.847990,0.848060,0.847990,0.848010
1372176840,0.848020,0.848130,0.848020,0.848120
1372176900,0.848130,0.848130,0.848110,0.848120
1372176960,0.848130,0.848140,0.848040,0.848040
1372177020,0.848050,0.848130,0.848050,0.848090
1372177080,0.848110,0.848110,0.848050,0.848070
1372177140,0.848080,0.848110,0.848040,0.848070
1372177200,0.848060,0.848070,0.847980,0.847980
1372177260,0.847990,0.847990,0.847940,0.847960
1372177320,0.847970,0.847970,0.847870,0.847880
1372177380,0.847890,0.847900,0.847840,0.847890
1372177440,0.847920,0.847950,0.847880,0.847930
1372177500,0.847950,0.847970,0.847920,0.847930
1372177560,0.847920,0.847990,0.847910,0.847940
1372177620,0.847930,0.848080,0.847920,0.848020
1372177680,0.848030,0.848080,0.848030,0.848050
1372177740,0.848060,0.848100,0.847950,0.848010
1372177800,0.848000,0.848000,0.847930,0.847930
1372177860,0.847950,0.847970,0.847940,0.847940
1372177920,0.847930,0.847940,0.847900,0.847900
1372177980,0.847910,0.847970,0.847870,0.847940
1372178040,0.847950,0.847970,0.847940,0.847960
1372178100,0.847970,0.847990,0.847900,0.847970
1372178160,0.847990,0.848010,0.847960,0.848000
1372178220,0.847990,0.848020,0.847970,0.847990
1372178280,0.848000,0.848010,0.847960,0.847990
1372178340,0.848000,0.848000,0.847960,0.848000
1372178400,0.848010,0.848050,0.847950,0.848000
1372178460,0.847990,0.848070,0.847990,0.848010
1372178520,0.848000,0.848030,0.847990,0.848010
1372178580,0.848000,0.848120,0.848000,0.848100
1372178640,0.848110,0.848160,0.848100,0.848110
1372178700,0.848100,0.848190,0.848070,0.848170
1372178760,0.848160,0.848190,0.848130,0.848170
1372178820,0.848160,0.848250,0.848160,0.848240
1372178880,0.848250,0.848260,0.848170,0.848220
1372178940,0.848210,0.848270,0.848200,0.848260
1372179000,0.848250,0.848590,0.848240,0.848550
1372179060,0.848540,0.848580,0.848520,0.848520
1372179120,0.848530,0.848560,0.848480,0.848560
1372179180,0.848540,0.848740,0.848530,0.848710
1372179240,0.848700,0.848890,0.848700,0.848860
1372179300,0.848870,0.848900,0.848800,0.848850
1372179360,0.848820,0.848920,0.848780,0.848920
1372179420,0.848910,0.848970,0.848900,0.848940
1372179480,0.848950,0.849080,0.848930,0.849070
1372179540,0.849080,0.849180,0.849030,0.849040
1372179600,0.849020,0.849020,0.848890,0.849000
1372179660,0.849030,0.849050,0.848990,0.849040
1372179720,0.849050,0.849080,0.849030,0.849040
1372179780,0.849030,0.849100,0.849000,0.849080
1372179840,0.849070,0.849200,0.849070,0.849160
1372179900,0.849170,0.849200,0.849080,0.849120
1372179960,0.849130,0.849130,0.849000,0.849020
1372180020,0.849030,0.849040,0.848950,0.848970
1372180080,0.848980,0.848980,0.848830,0.848840
1372180140,0.848830,0.848840,0.848790,0.848820
1372180200,0.848810,0.848890,0.848790,0.848890
1372180260,0.848880,0.848950,0.848860,0.848950
1372180320,0.848940,0.848940,0.848810,0.848870
1372180380,0.848850,0.848850,0.848730,0.848790
1372180440,0.848780,0.848790,0.848690,0.848710
1372180500,0.848720,0.848810,0.848720,0.848810
1372180560,0.848800,0.848920,0.848760,0.848900
1372180620,0.848890,0.848890,0.848820,0.848820
1372180680,0.848830,0.848870,0.848780,0.848780
1372180740,0.848790,0.848840,0.848780,0.848820
1372180800,0.848830,0.848840,0.848760,0.848840
1372180860,0.848830,0.848830,0.848780,0.848810
1372180920,0.848830,0.848860,0.848780,0.848790
1372180980,0.848810,0.848940,0.848810,0.848870
1372181040,0.848860,0.848880,0.848760,0.848870
1372181100,0.848880,0.848890,0.848810,0.848870
1372181160,0.848860,0.848930,0.848820,0.848930
1372181220,0.848940,0.849020,0.848920,0.849010
1372181280,0.849030,0.849030,0.848940,0.848990
1372181340,0.849010,0.849040,0.849000,0.849030
1372181400,0.849040,0.849080,0.848990,0.849010
1372181460,0.849030,0.849090,0.849000,0.849030
1372181520,0.849040,0.849100,0.849020,0.849080
1372181580,0.849090,0.849090,0.849000,0.849030
1372181640,0.849040,0.849130,0.849040,0.849090
1372181700,0.849100,0.849160,0.849080,0.849140
1372181760,0.849120,0.849230,0.849100,0.849230
1372181820,0.849210,0.849300,0.849210,0.849220
1372181880,0.849230,0.849300,0.849220,0.849290
1372181940,0.849300,0.849300,0.849190,0.849190
1372182000,0.849210,0.849220,0.849200,0.849200
1372182060,0.849210,0.849250,0.849210,0.849240
1372182120,0.849230,0.849290,0.849230,0.849260
1372182180,0.849250,0.849250,0.849200,0.849240
1372182240,0.849230,0.849240,0.849130,0.849160
1372182300,0.849170,0.849190,0.849060,0.849090
1372182360,0.849100,0.849120,0.849090,0.849090
1372182420,0.849100,0.849120,0.849080,0.849110
1372182480,0.849100,0.849210,0.849080,0.849200
1372182540,0.849210,0.849210,0.849170,0.849180
1372182600,0.849170,0.849200,0.849120,0.849120
1372182660,0.849100,0.849130,0.849100,0.849110
1372182720,0.849100,0.849160,0.849100,0.849150
1372182780,0.849140,0.849140,0.849140,0.849140
1372182840,0.849130,0.849180,0.849090,0.849180
1372182900,0.849170,0.849180,0.849140,0.849180
1372182960,0.849170,0.849180,0.849170,0.849180
1372183020,0.849190,0.849220,0.849180,0.849200
1372183080,0.849220,0.849230,0.849180,0.849180
1372183140,0.849170,0.849270,0.849170,0.849200
1372183200,0.849190,0.849200,0.849130,0.849190
1372183260,0.849170,0.849190,0.849160,0.849180
1372183320,0.849210,0.849300,0.849210,0.849260
1372183380,0.849250,0.849300,0.849230,0.849240
1372183440,0.849230,0.849230,0.849180,0.849180
1372183500,0.849190,0.849300,0.849190,0.849250
1372183560,0.849230,0.849250,0.849220,0.849240
1372183620,0.849250,0.849250,0.849140,0.849140
1372183680,0.849130,0.849140,0.849090,0.849090
1372183740,0.849100,0.849180,0.849100,0.849180
1372183800,0.849190,0.849190,0.849100,0.849100
1372183860,0.849080,0.849120,0.849070,0.849110
1372183920,0.849080,0.849130,0.849020,0.849110
1372183980,0.849130,0.849160,0.849110,0.849150
1372184040,0.849140,0.849190,0.849080,0.849190
1372184100,0.849200,0.849200,0.849180,0.849200
1372184160,0.849220,0.849290,0.849200,0.849290
1372184220,0.849300,0.849300,0.849130,0.849150
1372184280,0.849140,0.849140,0.848950,0.848980
1372184340,0.848990,0.849040,0.848970,0.849030
1372184400,0.849040,0.849060,0.848970,0.848980
1372184460,0.848990,0.849050,0.848950,0.849040
1372184520,0.849030,0.849030,0.848960,0.848990
1372184580,0.849000,0.849020,0.849000,0.849020
1372184640,0.849010,0.849060,0.849010,0.849060
1372184700,0.849070,0.849070,0.849010,0.849020
1372184760,0.849030,0.849030,0.849000,0.849020
1372184820,0.849000,0.849010,0.848810,0.848840
1372184880,0.848830,0.848860,0.848730,0.848730
1372184940,0.848740,0.848780,0.848730,0.848740
1372185000,0.848760,0.848810,0.848730,0.848770
1372185060,0.848750,0.848750,0.848640,0.848680
1372185120,0.848690,0.848740,0.848670,0.848710
1372185180,0.848700,0.848710,0.848640,0.848680
1372185240,0.848690,0.848750,0.848690,0.848740
1372185300,0.848730,0.848750,0.848690,0.848700
1372185360,0.848690,0.848690,0.848600,0.848650
1372185420,0.848640,0.848680,0.848620,0.848670
1372185480,0.848660,0.848660,0.848630,0.848640
1372185540,0.848630,0.848670,0.848600,0.848650
1372185600,0.848660,0.848660,0.848580,0.848650
1372185660,0.848670,0.848680,0.848650,0.848660
1372185720,0.848650,0.848670,0.848630,0.848660
1372185780,0.848670,0.848690,0.848660,0.848680
1372185840,0.848670,0.848670,0.848660,0.848660
1372185900,0.848650,0.848680,0.848650,0.848660
1372185960,0.848670,0.848680,0.848610,0.848620
1372186020,0.848600,0.848620,0.848540,0.848590
1372186080,0.848600,0.848640,0.848600,0.848640
1372186140,0.848630,0.848650,0.848600,0.848600
1372186200,0.848590,0.848710,0.848590,0.848710
1372186260,0.848700,0.848700,0.848580,0.848610
1372186320,0.848620,0.848640,0.848580,0.848600
1372186380,0.848610,0.848610,0.848580,0.848600
1372186440,0.848590,0.848700,0.848590,0.848700
1372186500,0.848710,0.848710,0.848630,0.848690
1372186560,0.848670,0.848750,0.848650,0.848730
1372186620,0.848720,0.848720,0.848580,0.848630
1372186680,0.848640,0.848660,0.848640,0.848640
1372186740,0.848630,0.848680,0.848390,0.848500
1372186800,0.848510,0.848510,0.848460,0.848460
1372186860,0.848480,0.848490,0.848480,0.848480
1372186920,0.848500,0.848570,0.848470,0.848560
1372186980,0.848570,0.848650,0.848560,0.848560
1372187040,0.848550,0.848560,0.848390,0.848460
1372187100,0.848470,0.848530,0.848430,0.848500
1372187160,0.848510,0.848520,0.848420,0.848450
1372187220,0.848440,0.848510,0.848440,0.848440
1372187280,0.848450,0.848470,0.848450,0.848470
1372187340,0.848460,0.848490,0.848430,0.848470
1372187400,0.848480,0.848500,0.848330,0.848450
1372187460,0.848410,0.848500,0.848370,0.848430
1372187520,0.848440,0.848450,0.848380,0.848430
1372187580,0.848440,0.848450,0.848360,0.848420
1372187640,0.848430,0.848520,0.848430,0.848500
1372187700,0.848510,0.848520,0.848340,0.848340
1372187760,0.848330,0.848410,0.848310,0.848400
1372187820,0.848410,0.848470,0.848410,0.848470
1372187880,0.848490,0.848490,0.848440,0.848460
1372187940,0.848450,0.848480,0.848410,0.848410
1372188000,0.848390,0.848420,0.848300,0.848300
1372188060,0.848310,0.848380,0.848310,0.848340
1372188120,0.848370,0.848390,0.848320,0.848330
1372188180,0.848340,0.848390,0.848320,0.848330
1372188240,0.848320,0.848430,0.848310,0.848430
1372188300,0.848420,0.848460,0.848410,0.848410
1372188360,0.848430,0.848460,0.848400,0.848400
1372188420,0.848410,0.848430,0.848390,0.848420
1372188480,0.848400,0.848400,0.848290,0.848300
1372188540,0.848290,0.848340,0.848270,0.848330
1372188600,0.848340,0.848340,0.848330,0.848330
1372188660,0.848340,0.848450,0.848330,0.848430
1372188720,0.848440,0.848450,0.848420,0.848440
1372188780,0.848430,0.848440,0.848300,0.848370
1372188840,0.848360,0.848440,0.848340,0.848380
1372188900,0.848390,0.848450,0.848380,0.848430
1372188960,0.848420,0.848420,0.848380,0.848400
1372189020,0.848390,0.848400,0.848300,0.848310
1372189080,0.848300,0.848310,0.848280,0.848290
1372189140,0.848300,0.848320,0.848260,0.848260
1372189200,0.848280,0.848320,0.848250,0.848310
1372189260,0.848320,0.848380,0.848320,0.848340
1372189320,0.848360,0.848390,0.848340,0.848390
1372189380,0.848400,0.848400,0.848370,0.848380
1372189440,0.848390,0.848430,0.848390,0.848400
1372189500,0.848410,0.848510,0.848390,0.848440
1372189560,0.848430,0.848450,0.848310,0.848360
1372189620,0.848370,0.848510,0.848370,0.848510
1372189680,0.848480,0.848540,0.848420,0.848460
1372189740,0.848470,0.848510,0.848470,0.848480
1372189800,0.848470,0.848550,0.848470,0.848520
1372189860,0.848530,0.848570,0.848490,0.848490
1372189920,0.848500,0.848500,0.848410,0.848430
1372189980,0.848440,0.848460,0.848380,0.848380
1372190040,0.848430,0.848450,0.848390,0.848430
1372190100,0.848420,0.848570,0.848420,0.848560
1372190160,0.848530,0.848550,0.848470,0.848510
1372190220,0.848500,0.848590,0.848460,0.848570
1372190280,0.848580,0.848620,0.848550,0.848580
1372190340,0.848550,0.848590,0.848490,0.848570
1372190400,0.848560,0.848630,0.848560,0.848620
1372190460,0.848610,0.848650,0.848600,0.848600
1372190520,0.848610,0.848610,0.848580,0.848580
1372190580,0.848570,0.848570,0.848500,0.848500
1372190640,0.848510,0.848510,0.848430,0.848430
1372190700,0.848440,0.848440,0.848380,0.848390
1372190760,0.848380,0.848380,0.848360,0.848370
1372190820,0.848360,0.848370,0.848340,0.848360
1372190880,0.848370,0.848380,0.848360,0.848380
1372190940,0.848370,0.848470,0.848370,0.848470
1372191000,0.848460,0.848470,0.848320,0.848330
1372191060,0.848340,0.848410,0.848320,0.848410
1372191120,0.848430,0.848450,0.848430,0.848430
1372191180,0.848420,0.848420,0.848400,0.848410
1372191240,0.848400,0.848400,0.848380,0.848390
1372191300,0.848380,0.848480,0.848360,0.848460
1372191360,0.848450,0.848560,0.848420,0.848560
1372191420,0.848550,0.848550,0.848530,0.848540
1372191480,0.848550,0.848600,0.848540,0.848590
1372191540,0.848600,0.848660,0.848580,0.848660
1372191600,0.848670,0.848700,0.848640,0.848660
1372191660,0.848650,0.848710,0.848640,0.848680
1372191720,0.848670,0.848680,0.848650,0.848670
1372191780,0.848660,0.848740,0.848600,0.848600
1372191840,0.848620,0.848690,0.848610,0.848660
1372191900,0.848670,0.848680,0.848650,0.848660
1372191960,0.848650,0.848660,0.848630,0.848630
1372192020,0.848600,0.848620,0.848520,0.848620
1372192080,0.848630,0.848630,0.848620,0.848620
1372192140,0.848610,0.848660,0.848550,0.848560
1372192200,0.848550,0.848690,0.848460,0.848690
1372192260,0.848700,0.848700,0.848690,0.848690
1372192320,0.848670,0.848690,0.848650,0.848660
1372192380,0.848650,0.848690,0.848590,0.848660
1372192440,0.848670,0.848670,0.848650,0.848670
1372192500,0.848660,0.848690,0.848660,0.848670
1372192560,0.848660,0.848690,0.848650,0.848660
1372192620,0.848670,0.848670,0.848630,0.848640
1372192680,0.848620,0.848640,0.848580,0.848600
1372192740,0.848590,0.848600,0.848480,0.848520
1372192800,0.848510,0.848510,0.848470,0.848480
1372192860,0.848470,0.848540,0.848470,0.848530
1372192920,0.848520,0.848530,0.848500,0.848500
1372192980,0.848510,0.848580,0.848510,0.848580
1372193040,0.848570,0.848580,0.848540,0.848540
1372193100,0.848530,0.848540,0.848530,0.848530
1372193160,0.848540,0.848540,0.848480,0.848500
1372193220,0.848510,0.848530,0.848480,0.848500
1372193280,0.848440,0.848600,0.848430,0.848470
1372193340,0.848490,0.848550,0.848460,0.848540
1372193400,0.848550,0.848620,0.848430,0.848450
1372193460,0.848440,0.848440,0.848330,0.848360
1372193520,0.848380,0.848420,0.848380,0.848400
1372193580,0.848410,0.848410,0.848380,0.848410
1372193640,0.848390,0.848400,0.848250,0.848280
1372193700,0.848290,0.848290,0.848220,0.848260
1372193760,0.848250,0.848330,0.848210,0.848210
1372193820,0.848220,0.848250,0.848210,0.848250
1372193880,0.848240,0.848250,0.848180,0.848250
1372193940,0.848210,0.848280,0.847900,0.847900
1372194000,0.847950,0.848290,0.847920,0.848190
1372194060,0.848240,0.848240,0.848170,0.848210
1372194120,0.848190,0.848220,0.848140,0.848150
1372194180,0.848160,0.848160,0.848120,0.848130
1372194240,0.848120,0.848160,0.848040,0.848140
1372194300,0.848160,0.848190,0.848050,0.848100
1372194360,0.848050,0.848140,0.848050,0.848130
1372194420,0.848140,0.848180,0.848130,0.848180
1372194480,0.848170,0.848190,0.848170,0.848180
1372194540,0.848170,0.848170,0.848080,0.848080
1372194600,0.848070,0.848130,0.848010,0.848080
1372194660,0.848090,0.848090,0.848020,0.848030
1372194720,0.848040,0.848070,0.848040,0.848060
1372194780,0.848050,0.848060,0.848000,0.848020
1372194840,0.848030,0.848040,0.847960,0.848030
1372194900,0.848010,0.848050,0.847970,0.847980
1372194960,0.848000,0.848010,0.847990,0.848000
1372195020,0.847990,0.847990,0.847990,0.847990
1372195080,0.848000,0.848000,0.847960,0.847960
1372195200,0.847970,0.848020,0.847970,0.848020
1372195260,0.848030,0.848040,0.848030,0.848040
1372195320,0.848030,0.848070,0.848020,0.848030
1372195380,0.848040,0.848050,0.848040,0.848050
1372195440,0.848040,0.848070,0.847970,0.848070
1372195500,0.848090,0.848090,0.848070,0.848090
1372195560,0.848080,0.848090,0.848060,0.848070
1372195620,0.848080,0.848120,0.848060,0.848100
1372195680,0.848110,0.848120,0.848080,0.848120
1372195740,0.848100,0.848120,0.848090,0.848090
1372195800,0.848050,0.848100,0.848030,0.848100
1372195860,0.848110,0.848120,0.848090,0.848110
1372195920,0.848100,0.848120,0.848080,0.848080
1372195980,0.848070,0.848070,0.848010,0.848040
1372196040,0.848020,0.848040,0.848020,0.848020
1372196100,0.848030,0.848030,0.848020,0.848020
1372196160,0.848030,0.848040,0.848020,0.848020
1372196220,0.848030,0.848030,0.847980,0.848000
1372196280,0.847990,0.848030,0.847980,0.847980
1372196340,0.847990,0.848010,0.847980,0.848000
1372196400,0.848010,0.848020,0.848000,0.848020
1372196460,0.848000,0.848000,0.847980,0.847980
1372196520,0.848030,0.848090,0.848030,0.848090
1372196580,0.848080,0.848090,0.848080,0.848090
1372196700,0.848080,0.848080,0.848080,0.848080
1372196760,0.848090,0.848090,0.848010,0.848010
1372196820,0.848030,0.848030,0.847980,0.848020
1372196880,0.848010,0.848030,0.848000,0.848030
1372196940,0.848040,0.848100,0.848030,0.848090
1372197000,0.848080,0.848090,0.848050,0.848060
1372197060,0.848070,0.848110,0.848060,0.848110
1372197120,0.848130,0.848350,0.848110,0.848290
1372197180,0.848280,0.848290,0.848190,0.848220
1372197240,0.848230,0.848230,0.848170,0.848180
1372197300,0.848170,0.848180,0.848170,0.848170
1372197360,0.848180,0.848180,0.848150,0.848150
1372197420,0.848160,0.848180,0.848150,0.848160
1372197480,0.848150,0.848160,0.848130,0.848130
1372197540,0.848120,0.848130,0.848090,0.848090
1372197600,0.848080,0.848250,0.848080,0.848250
1372197660,0.848260,0.848340,0.848260,0.848340
1372197720,0.848320,0.848330,0.848310,0.848330
1372197780,0.848320,0.848330,0.848190,0.848190
1372197840,0.848180,0.848320,0.848180,0.848260
1372197900,0.848250,0.848260,0.848220,0.848240
1372197960,0.848230,0.848270,0.848230,0.848260
1372198020,0.848270,0.848270,0.848200,0.848200
1372198080,0.848210,0.848450,0.848090,0.848430
1372198140,0.848420,0.848420,0.848290,0.848370
1372198200,0.848360,0.848430,0.848320,0.848390
1372198260,0.848380,0.848420,0.848370,0.848380
1372198320,0.848370,0.848440,0.848370,0.848370
1372198380,0.848380,0.848380,0.848260,0.848330
1372198440,0.848320,0.848330,0.848270,0.848270
1372198500,0.848280,0.848280,0.848270,0.848280
1372198560,0.848270,0.848300,0.848270,0.848290
1372198620,0.848300,0.848320,0.848290,0.848310
1372198680,0.848300,0.848300,0.848280,0.848280
1372198740,0.848290,0.848290,0.848280,0.848280
1372198800,0.848290,0.848290,0.848290,0.848290
1372198860,0.848280,0.848310,0.848270,0.848300
1372198920,0.848290,0.848300,0.848250,0.848280
1372198980,0.848290,0.848300,0.848260,0.848260
1372199040,0.848270,0.848270,0.848250,0.848250
1372199100,0.848260,0.848260,0.848240,0.848240
1372199160,0.848220,0.848270,0.848220,0.848270
1372199220,0.848260,0.848310,0.848250,0.848310
1372199280,0.848300,0.848340,0.848290,0.848290
1372199340,0.848300,0.848300,0.848200,0.848200
1372199400,0.848190,0.848210,0.848170,0.848200
1372199460,0.848210,0.848230,0.848210,0.848230
1372199520,0.848220,0.848230,0.848220,0.848230
1372199580,0.848220,0.848220,0.848170,0.848200
1372199640,0.848190,0.848230,0.848190,0.848220
1372199700,0.848230,0.848230,0.848190,0.848210
1372199760,0.848220,0.848260,0.848220,0.848250
1372199820,0.848280,0.848280,0.848250,0.848250
1372199880,0.848260,0.848260,0.848230,0.848230
1372199940,0.848220,0.848330,0.848200,0.848310
1372200000,0.848320,0.848400,0.848280,0.848380
1372200060,0.848400,0.848490,0.848330,0.848390
1372200120,0.848400,0.848410,0.848350,0.848390
1372200180,0.848380,0.848390,0.848370,0.848390
1372200240,0.848400,0.848410,0.848390,0.848400
1372200300,0.848410,0.848410,0.848320,0.848380
1372200360,0.848370,0.848380,0.848310,0.848350
1372200420,0.848340,0.848380,0.848340,0.848360
1372200480,0.848350,0.848360,0.848300,0.848300
1372200540,0.848280,0.848340,0.848260,0.848330
1372200600,0.848310,0.848360,0.848300,0.848350
1372200660,0.848330,0.848340,0.848270,0.848290
1372200720,0.848310,0.848340,0.848310,0.848340
1372200780,0.848330,0.848440,0.848330,0.848420
1372200840,0.848400,0.848400,0.848350,0.848380
1372200900,0.848390,0.848400,0.848360,0.848400
1372200960,0.848410,0.848450,0.848350,0.848350
1372201020,0.848340,0.848390,0.848320,0.848360
1372201080,0.848340,0.848400,0.848330,0.848390
1372201140,0.848400,0.848440,0.848380,0.848430
1372201200,0.848440,0.848440,0.848410,0.848430
1372201260,0.848440,0.848450,0.848360,0.848370
1372201320,0.848360,0.848360,0.848260,0.848260
1372201380,0.848250,0.848280,0.848240,0.848250
1372201440,0.848240,0.848300,0.848220,0.848290
1372201500,0.848280,0.848400,0.848260,0.848400
1372201560,0.848410,0.848410,0.848360,0.848400
1372201620,0.848390,0.848410,0.848390,0.848400
1372201680,0.848420,0.848420,0.848410,0.848420
1372201740,0.848410,0.848430,0.848410,0.848430
1372201800,0.848440,0.848440,0.848360,0.848360
1372201860,0.848340,0.848360,0.848340,0.848350
1372201980,0.848370,0.848450,0.848350,0.848450
1372202040,0.848460,0.848540,0.848460,0.848500
1372202100,0.848490,0.848560,0.848490,0.848540
1372202160,0.848590,0.848600,0.848510,0.848510
1372202220,0.848520,0.848520,0.848420,0.848420
1372202280,0.848430,0.848430,0.848420,0.848430
1372202340,0.848420,0.848420,0.848420,0.848420
1372202400,0.848400,0.848430,0.848370,0.848410
1372202460,0.848420,0.848420,0.848410,0.848410
1372202520,0.848420,0.848420,0.848300,0.848320
1372202580,0.848310,0.848320,0.848310,0.848310
1372202640,0.848320,0.848330,0.848310,0.848330
1372202700,0.848360,0.848400,0.848360,0.848400
1372202760,0.848410,0.848460,0.848390,0.848430
1372202820,0.848420,0.848420,0.848380,0.848390
1372202880,0.848370,0.848390,0.848330,0.848340
1372202940,0.848330,0.848370,0.848330,0.848370
1372203000,0.848360,0.848400,0.848360,0.848370
1372203060,0.848360,0.848380,0.848330,0.848340
1372203120,0.848330,0.848340,0.848330,0.848340
1372203180,0.848350,0.848350,0.848330,0.848330
1372203240,0.848320,0.848320,0.848320,0.848320
1372203300,0.848330,0.848340,0.848260,0.848280
1372203360,0.848270,0.848360,0.848270,0.848340
1372203420,0.848320,0.848320,0.848190,0.848210
1372203480,0.848230,0.848290,0.848220,0.848240
1372203540,0.848280,0.848310,0.848250,0.848290
1372203600,0.848300,0.848310,0.848290,0.848310
1372203660,0.848300,0.848340,0.848300,0.848330
1372203720,0.848340,0.848340,0.848320,0.848340
1372203780,0.848330,0.848350,0.848270,0.848290
1372203840,0.848300,0.848300,0.848250,0.848260
1372203900,0.848250,0.848260,0.848240,0.848260
1372203960,0.848270,0.848340,0.848270,0.848340
1372204020,0.848350,0.848420,0.848340,0.848420
1372204080,0.848430,0.848430,0.848410,0.848410
1372204140,0.848420,0.848430,0.848410,0.848420
1372204200,0.848430,0.848470,0.848390,0.848470
1372204260,0.848480,0.848490,0.848470,0.848490
1372204320,0.848460,0.848490,0.848460,0.848490
1372204380,0.848500,0.848590,0.848490,0.848570
1372204440,0.848560,0.848570,0.848560,0.848570
1372204500,0.848580,0.848590,0.848550,0.848560
1372204560,0.848570,0.848610,0.848550,0.848610
1372204620,0.848560,0.848630,0.848510,0.848520
1372204680,0.848510,0.848560,0.848450,0.848470
1372204740,0.848460,0.848480,0.848450,0.848470
1372204800,0.848460,0.848470,0.848450,0.848460
1372204860,0.848450,0.848510,0.848430,0.848460
1372204920,0.848470,0.848710,0.848460,0.848670
1372204980,0.848680,0.848780,0.848670,0.848730
1372205040,0.848720,0.848730,0.848670,0.848670
1372205100,0.848680,0.848730,0.848670,0.848730
1372205160,0.848740,0.848760,0.848660,0.848730
1372205220,0.848700,0.848700,0.848630,0.848640
1372205280,0.848650,0.848690,0.848630,0.848660
1372205340,0.848670,0.848680,0.848630,0.848680
1372205400,0.848690,0.848710,0.848670,0.848670
1372205460,0.848660,0.848680,0.848640,0.848640
1372205520,0.848630,0.848660,0.848620,0.848650
1372205580,0.848660,0.848710,0.848650,0.848680
1372205640,0.848690,0.848700,0.848650,0.848650
1372205700,0.848660,0.848720,0.848650,0.848720
1372205760,0.848730,0.848770,0.848700,0.848730
1372205820,0.848740,0.848740,0.848680,0.848730
1372205880,0.848710,0.848720,0.848680,0.848710
1372205940,0.848700,0.848720,0.848670,0.848670
1372206000,0.848660,0.848700,0.848660,0.848690
1372206060,0.848680,0.848720,0.848660,0.848660
1372206120,0.848680,0.848680,0.848630,0.848630
1372206180,0.848640,0.848670,0.848620,0.848650
1372206240,0.848640,0.848750,0.848610,0.848660
1372206300,0.848670,0.848680,0.848580,0.848580
1372206360,0.848630,0.848630,0.848600,0.848610
1372206420,0.848620,0.848670,0.848570,0.848640
1372206480,0.848680,0.848680,0.848630,0.848630
1372206540,0.848620,0.848730,0.848610,0.848730
1372206600,0.848720,0.848730,0.848650,0.848670
1372206660,0.848660,0.848700,0.848620,0.848690
1372206720,0.848680,0.848690,0.848640,0.848660
1372206780,0.848670,0.848730,0.848630,0.848680
1372206840,0.848690,0.848730,0.848670,0.848730
1372206900,0.848740,0.848760,0.848720,0.848730
1372206960,0.848710,0.848720,0.848620,0.848640
1372207020,0.848650,0.848670,0.848640,0.848660
1372207080,0.848670,0.848720,0.848650,0.848720
1372207140,0.848710,0.848720,0.848650,0.848700
1372207200,0.848690,0.848730,0.848690,0.848710
1372207260,0.848720,0.848740,0.848650,0.848670
1372207320,0.848660,0.848670,0.848640,0.848650
1372207380,0.848640,0.848650,0.848560,0.848570
1372207440,0.848580,0.848600,0.848550,0.848590
1372207500,0.848600,0.848600,0.848580,0.848600
1372207560,0.848610,0.848630,0.848570,0.848600
1372207620,0.848590,0.848610,0.848540,0.848550
1372207680,0.848560,0.848560,0.848500,0.848500
1372207740,0.848530,0.848640,0.848530,0.848640
1372207800,0.848630,0.848750,0.848630,0.848750
1372207860,0.848760,0.848760,0.848630,0.848680
1372207920,0.848690,0.848730,0.848650,0.848690
1372207980,0.848680,0.848730,0.848570,0.848590
1372208040,0.848600,0.848620,0.848550,0.848560
1372208100,0.848410,0.848590,0.848410,0.848460
1372208160,0.848440,0.848500,0.848370,0.848370
1372208220,0.848360,0.848500,0.848360,0.848470
1372208280,0.848490,0.848520,0.848460,0.848480
1372208340,0.848500,0.848540,0.848490,0.848540
1372208400,0.848530,0.848540,0.848420,0.848440
1372208460,0.848450,0.848480,0.848360,0.848360
1372208520,0.848350,0.848430,0.848350,0.848430
1372208580,0.848400,0.848410,0.848330,0.848350
1372208640,0.848360,0.848370,0.848330,0.848340
1372208700,0.848330,0.848430,0.848330,0.848430
1372208760,0.848450,0.848460,0.848430,0.848450
1372208820,0.848440,0.848440,0.848400,0.848410
1372208880,0.848400,0.848440,0.848400,0.848420
1372208940,0.848400,0.848430,0.848330,0.848350
1372209000,0.848330,0.848390,0.848260,0.848300
1372209060,0.848290,0.848360,0.848290,0.848320
1372209120,0.848330,0.848350,0.848250,0.848270
1372209180,0.848290,0.848310,0.848260,0.848290
1372209240,0.848310,0.848380,0.848180,0.848190
1372209300,0.848180,0.848250,0.848180,0.848180
1372209360,0.848190,0.848230,0.848180,0.848210
1372209420,0.848200,0.848290,0.848190,0.848230
1372209480,0.848220,0.848220,0.848150,0.848160
1372209540,0.848170,0.848170,0.848140,0.848140
1372209600,0.848160,0.848160,0.848150,0.848160
1372209660,0.848170,0.848190,0.848140,0.848150
1372209720,0.848140,0.848220,0.848080,0.848220
1372209780,0.848200,0.848220,0.848170,0.848180
1372209840,0.848190,0.848260,0.848140,0.848250
1372209900,0.848260,0.848260,0.848130,0.848180
1372209960,0.848150,0.848240,0.848150,0.848240
1372210020,0.848260,0.848260,0.848100,0.848110
1372210080,0.848140,0.848190,0.848130,0.848180
1372210140,0.848190,0.848200,0.848130,0.848150
1372210200,0.848160,0.848210,0.848110,0.848120
1372210260,0.848130,0.848130,0.848030,0.848070
1372210320,0.848080,0.848190,0.848080,0.848100
1372210380,0.848110,0.848150,0.848080,0.848130
1372210440,0.848140,0.848150,0.848120,0.848150
1372210500,0.848130,0.848140,0.848120,0.848130
1372210560,0.848150,0.848170,0.848130,0.848160
1372210620,0.848170,0.848210,0.848150,0.848200
1372210680,0.848210,0.848210,0.848140,0.848150
1372210740,0.848140,0.848140,0.848120,0.848130
1372210800,0.848110,0.848110,0.848060,0.848060
1372210860,0.848070,0.848110,0.848060,0.848070
1372210920,0.848080,0.848140,0.848080,0.848130
1372210980,0.848160,0.848220,0.848160,0.848220
1372211040,0.848210,0.848210,0.848170,0.848190
1372211100,0.848180,0.848250,0.848140,0.848160
1372211160,0.848170,0.848220,0.848170,0.848180
1372211220,0.848220,0.848250,0.848200,0.848210
1372211280,0.848200,0.848230,0.848150,0.848200
1372211340,0.848210,0.848240,0.848150,0.848150
1372211400,0.848190,0.848200,0.848150,0.848150
1372211460,0.848160,0.848230,0.848150,0.848180
1372211520,0.848190,0.848240,0.848170,0.848210
1372211580,0.848200,0.848250,0.848170,0.848250
1372211640,0.848260,0.848260,0.848200,0.848220
1372211700,0.848230,0.848260,0.848220,0.848220
1372211760,0.848200,0.848300,0.848200,0.848280
1372211820,0.848270,0.848280,0.848090,0.848100
1372211880,0.848110,0.848170,0.848090,0.848170
1372211940,0.848150,0.848190,0.848140,0.848190
1372212000,0.848200,0.848310,0.848190,0.848310
1372212060,0.848290,0.848300,0.848250,0.848270
1372212120,0.848260,0.848280,0.848230,0.848270
1372212180,0.848280,0.848360,0.848260,0.848350
1372212240,0.848320,0.848320,0.848170,0.848170
1372212300,0.848150,0.848160,0.848130,0.848150
1372212360,0.848140,0.848160,0.848110,0.848140
1372212420,0.848130,0.848150,0.848110,0.848120
1372212480,0.848090,0.848110,0.848090,0.848090
1372212540,0.848100,0.848170,0.848100,0.848170
1372212600,0.848150,0.848150,0.848120,0.848130
1372212660,0.848120,0.848150,0.848120,0.848150
1372212720,0.848130,0.848180,0.848120,0.848120
1372212780,0.848130,0.848160,0.848130,0.848140
1372212840,0.848130,0.848170,0.848080,0.848080
1372212900,0.848070,0.848150,0.848060,0.848140
1372212960,0.848130,0.848220,0.848130,0.848200
1372213020,0.848180,0.848180,0.848120,0.848120
1372213080,0.848100,0.848130,0.848090,0.848090
1372213140,0.848080,0.848210,0.848080,0.848200
1372213200,0.848190,0.848190,0.848090,0.848090
1372213260,0.848080,0.848140,0.848080,0.848120
1372213320,0.848130,0.848140,0.848110,0.848120
1372213380,0.848100,0.848120,0.848050,0.848110
1372213440,0.848090,0.848100,0.848090,0.848100
1372213500,0.848090,0.848120,0.848040,0.848110
1372213560,0.848120,0.848130,0.848050,0.848070
1372213620,0.848080,0.848160,0.848060,0.848060
1372213680,0.848070,0.848120,0.848070,0.848110
1372213740,0.848120,0.848130,0.848100,0.848120
1372213800,0.848110,0.848120,0.848080,0.848100
1372213860,0.848090,0.848100,0.848080,0.848090
1372213920,0.848100,0.848110,0.848060,0.848070
1372213980,0.848080,0.848090,0.848070,0.848080
1372214040,0.848090,0.848090,0.848080,0.848090
1372214100,0.848080,0.848080,0.848020,0.848050
1372214160,0.848060,0.848070,0.848030,0.848060
1372214220,0.848040,0.848060,0.847990,0.848010
1372214280,0.848030,0.848040,0.848000,0.848040
1372214340,0.848030,0.848050,0.848020,0.848040
1372214400,0.848050,0.848080,0.848040,0.848040
1372214460,0.848050,0.848120,0.848050,0.848120
1372214520,0.848110,0.848120,0.848070,0.848080
1372214580,0.848090,0.848090,0.848050,0.848080
1372214640,0.848090,0.848110,0.848070,0.848090
1372214700,0.848080,0.848100,0.848060,0.848070
1372214760,0.848080,0.848110,0.848080,0.848110
1372214820,0.848120,0.848190,0.848120,0.848130
1372214880,0.848140,0.848250,0.848130,0.848190
1372214940,0.848180,0.848190,0.848160,0.848170
1372215000,0.848160,0.848210,0.848160,0.848210
1372215060,0.848200,0.848210,0.848170,0.848190
1372215120,0.848160,0.848180,0.848120,0.848160
1372215180,0.848130,0.848130,0.848100,0.848120
1372215240,0.848130,0.848150,0.848060,0.848070
1372215300,0.848080,0.848110,0.848040,0.848060
1372215360,0.848050,0.848050,0.847990,0.848020
1372215420,0.848010,0.848020,0.847820,0.847820
1372215480,0.847830,0.847890,0.847740,0.847800
1372215540,0.847790,0.847970,0.847790,0.847870
1372215600,0.847880,0.847880,0.847640,0.847760
1372215660,0.847750,0.847900,0.847720,0.847860
1372215720,0.847870,0.847870,0.847800,0.847800
1372215780,0.847780,0.847830,0.847710,0.847770
1372215840,0.847780,0.847870,0.847770,0.847810
1372215900,0.847820,0.847830,0.847780,0.847820
1372215960,0.847830,0.847920,0.847790,0.847890
1372216020,0.847880,0.847900,0.847860,0.847880
1372216080,0.847870,0.847900,0.847850,0.847850
1372216140,0.847870,0.847870,0.847750,0.847770
1372216200,0.847780,0.847820,0.847780,0.847800
1372216260,0.847790,0.847790,0.847620,0.847650
1372216320,0.847640,0.847650,0.847610,0.847620
1372216380,0.847610,0.847630,0.847550,0.847560
1372216440,0.847550,0.847560,0.847540,0.847560
1372216500,0.847550,0.847560,0.847490,0.847560
1372216560,0.847570,0.847580,0.847560,0.847570
1372216620,0.847580,0.847600,0.847500,0.847520
1372216680,0.847540,0.847580,0.847540,0.847560
1372216740,0.847550,0.847620,0.847550,0.847620
1372216800,0.847630,0.847630,0.847600,0.847620
1372216860,0.847630,0.847630,0.847570,0.847610
1372216920,0.847600,0.847650,0.847570,0.847570
1372216980,0.847550,0.847580,0.847550,0.847570
1372217040,0.847580,0.847650,0.847570,0.847610
1372217100,0.847620,0.847640,0.847600,0.847600
1372217160,0.847620,0.847620,0.847560,0.847560
1372217220,0.847550,0.847600,0.847550,0.847590
1372217280,0.847580,0.847630,0.847350,0.847440
1372217340,0.847430,0.847490,0.847340,0.847480
1372217400,0.847490,0.847490,0.847470,0.847480
1372217460,0.847490,0.847490,0.847350,0.847390
1372217520,0.847400,0.847510,0.847400,0.847490
1372217580,0.847500,0.847510,0.847420,0.847500
1372217640,0.847480,0.847510,0.847400,0.847410
1372217700,0.847400,0.847440,0.847340,0.847340
1372217760,0.847330,0.847350,0.847230,0.847300
1372217820,0.847290,0.847330,0.847210,0.847330
1372217880,0.847340,0.847370,0.847280,0.847300
1372217940,0.847290,0.847300,0.847200,0.847250
1372218000,0.847260,0.847340,0.847260,0.847340
1372218060,0.847330,0.847330,0.847230,0.847320
1372218120,0.847340,0.847350,0.847270,0.847320
1372218180,0.847330,0.847360,0.847310,0.847350
1372218240,0.847360,0.847360,0.847330,0.847350
1372218300,0.847340,0.847390,0.847300,0.847330
1372218360,0.847310,0.847310,0.847270,0.847270
1372218420,0.847260,0.847280,0.847230,0.847280
1372218480,0.847320,0.847330,0.847220,0.847250
1372218540,0.847230,0.847260,0.847210,0.847210
1372218600,0.847220,0.847260,0.847190,0.847200
1372218660,0.847260,0.847260,0.847190,0.847210
1372218720,0.847220,0.847250,0.847210,0.847250
1372218780,0.847260,0.847260,0.847250,0.847260
1372218840,0.847270,0.847290,0.847270,0.847270
1372218900,0.847300,0.847300,0.847280,0.847280
1372218960,0.847290,0.847320,0.847290,0.847300
1372219020,0.847310,0.847310,0.847280,0.847310
1372219080,0.847300,0.847300,0.847270,0.847290
1372219140,0.847270,0.847290,0.847260,0.847260
