time,open,high,low,close
1663732800,0.589340,0.589410,0.589320,0.589320
1663732860,0.589320,0.589320,0.589220,0.589220
1663732920,0.589250,0.589250,0.589150,0.589170
1663732980,0.589170,0.589200,0.589140,0.589180
1663733040,0.589180,0.589220,0.589170,0.589180
1663733100,0.589180,0.589180,0.589070,0.589080
1663733160,0.589080,0.589100,0.589020,0.589080
1663733220,0.589070,0.589090,0.589000,0.589070
1663733280,0.589050,0.589120,0.589050,0.589080
1663733340,0.589080,0.589120,0.588950,0.589080
1663733400,0.589070,0.589120,0.589020,0.589030
1663733460,0.589040,0.589180,0.589020,0.589180
1663733520,0.589180,0.589180,0.589020,0.589030
1663733580,0.589030,0.589040,0.589030,0.589030
1663733640,0.589000,0.589080,0.589000,0.589070
1663733700,0.589080,0.589110,0.588920,0.588920
1663733760,0.588920,0.588940,0.588870,0.588920
1663733820,0.588920,0.588970,0.588890,0.588930
1663733880,0.588930,0.588980,0.588850,0.588970
1663733940,0.588970,0.589090,0.588970,0.589080
1663734000,0.589080,0.589120,0.589070,0.589120
1663734060,0.589120,0.589160,0.589070,0.589080
1663734120,0.589070,0.589110,0.589040,0.589110
1663734180,0.589100,0.589120,0.589090,0.589110
1663734240,0.589130,0.589200,0.589120,0.589140
1663734300,0.589140,0.589180,0.589130,0.589160
1663734360,0.589170,0.589190,0.589160,0.589180
1663734420,0.589170,0.589270,0.589170,0.589250
1663734480,0.589280,0.589320,0.589200,0.589200
1663734540,0.589200,0.589220,0.589170,0.589170
1663734600,0.589140,0.589140,0.588970,0.588970
1663734660,0.588960,0.588960,0.588860,0.588860
1663734720,0.588860,0.588880,0.588680,0.588690
1663734780,0.588670,0.588670,0.588390,0.588470
1663734840,0.588480,0.588560,0.588450,0.588450
1663734900,0.588480,0.588620,0.588480,0.588540
1663734960,0.588550,0.588570,0.588490,0.588510
1663735020,0.588530,0.588680,0.588500,0.588660
1663735080,0.588670,0.588770,0.588670,0.588740
1663735140,0.588720,0.588720,0.588570,0.588690
1663735200,0.588670,0.588670,0.588570,0.588640
1663735260,0.588620,0.588720,0.588540,0.588690
1663735320,0.588700,0.588770,0.588630,0.588750
1663735380,0.588780,0.588920,0.588710,0.588780
1663735440,0.588820,0.588950,0.588820,0.588860
1663735500,0.588850,0.588880,0.588830,0.588830
1663735560,0.588830,0.588910,0.588770,0.588790
1663735620,0.588780,0.588810,0.588720,0.588740
1663735680,0.588730,0.588750,0.588710,0.588740
1663735740,0.588720,0.588760,0.588710,0.588760
1663735800,0.588730,0.588740,0.588570,0.588580
1663735860,0.588570,0.588580,0.588380,0.588410
1663735920,0.588410,0.588440,0.588370,0.588440
1663735980,0.588450,0.588480,0.588370,0.588370
1663736040,0.588370,0.588480,0.588340,0.588460
1663736100,0.588470,0.588660,0.588470,0.588540
1663736160,0.588570,0.588740,0.588560,0.588650
1663736220,0.588630,0.588710,0.588530,0.588690
1663736280,0.588680,0.588740,0.588640,0.588690
1663736340,0.588700,0.588810,0.588700,0.588740
1663736400,0.588780,0.588800,0.588460,0.588610
1663736460,0.588620,0.588790,0.588600,0.588750
1663736520,0.588750,0.588840,0.588520,0.588540
1663736580,0.588540,0.588640,0.588520,0.588530
1663736640,0.588540,0.588620,0.588530,0.588600
1663736700,0.588630,0.588740,0.588600,0.588700
1663736760,0.588700,0.588720,0.588690,0.588700
1663736820,0.588700,0.588710,0.588640,0.588690
1663736880,0.588700,0.588710,0.588660,0.588680
1663736940,0.588660,0.588760,0.588660,0.588700
1663737000,0.588690,0.588750,0.588680,0.588730
1663737060,0.588720,0.588720,0.588690,0.588690
1663737120,0.588710,0.588730,0.588690,0.588730
1663737180,0.588740,0.588810,0.588730,0.588810
1663737240,0.588810,0.588810,0.588770,0.588780
1663737300,0.588780,0.588930,0.588770,0.588920
1663737360,0.588890,0.588930,0.588880,0.588920
1663737420,0.588910,0.588980,0.588900,0.588950
1663737480,0.588940,0.589010,0.588910,0.589010
1663737540,0.589040,0.589200,0.589020,0.589170
1663737600,0.589170,0.589200,0.589100,0.589140
1663737660,0.589140,0.589230,0.589130,0.589190
1663737720,0.589200,0.589220,0.589100,0.589100
1663737780,0.589100,0.589150,0.589070,0.589100
1663737840,0.589100,0.589140,0.589060,0.589090
1663737900,0.589100,0.589120,0.589040,0.589120
1663737960,0.589120,0.589220,0.589100,0.589190
1663738020,0.589210,0.589210,0.589130,0.589130
1663738080,0.589110,0.589170,0.589050,0.589050
1663738140,0.589060,0.589190,0.589040,0.589150
1663738200,0.589160,0.589290,0.589150,0.589230
1663738260,0.589230,0.589240,0.589140,0.589180
1663738320,0.589190,0.589410,0.589190,0.589400
1663738380,0.589380,0.589400,0.589320,0.589380
1663738440,0.589370,0.589440,0.589360,0.589370
1663738500,0.589390,0.589420,0.589170,0.589340
1663738560,0.589360,0.589380,0.589250,0.589270
1663738620,0.589280,0.589280,0.589140,0.589180
1663738680,0.589160,0.589270,0.589160,0.589240
1663738740,0.589250,0.589260,0.589190,0.589240
1663738800,0.589220,0.589250,0.589140,0.589230
1663738860,0.589210,0.589280,0.589160,0.589270
1663738920,0.589270,0.589440,0.589190,0.589200
1663738980,0.589200,0.589240,0.589060,0.589080
1663739040,0.589080,0.589110,0.589060,0.589060
1663739100,0.589090,0.589140,0.588990,0.589040
1663739160,0.589040,0.589040,0.588940,0.588970
1663739220,0.588970,0.589010,0.588890,0.588960
1663739280,0.588970,0.589020,0.588920,0.588970
1663739340,0.588960,0.588960,0.588860,0.588860
1663739400,0.588860,0.588860,0.588770,0.588800
1663739460,0.588810,0.588880,0.588750,0.588850
1663739520,0.588850,0.589220,0.588820,0.589220
1663739580,0.589210,0.589220,0.589120,0.589130
1663739640,0.589130,0.589180,0.589080,0.589090
1663739700,0.589110,0.589290,0.589110,0.589170
1663739760,0.589130,0.589130,0.588870,0.588870
1663739820,0.588870,0.588920,0.588550,0.588570
1663739880,0.588560,0.588600,0.588340,0.588460
1663739940,0.588450,0.588610,0.588390,0.588430
1663740000,0.588450,0.588480,0.588340,0.588460
1663740060,0.588440,0.588470,0.588040,0.588070
1663740120,0.588110,0.588130,0.587770,0.587930
1663740180,0.587920,0.588230,0.587820,0.588020
1663740240,0.588020,0.588530,0.587970,0.588470
1663740300,0.588470,0.588830,0.588460,0.588630
1663740360,0.588630,0.588730,0.588550,0.588650
1663740420,0.588660,0.588710,0.588590,0.588640
1663740480,0.588650,0.588770,0.588580,0.588720
1663740540,0.588750,0.588750,0.588550,0.588560
1663740600,0.588560,0.588710,0.588560,0.588600
1663740660,0.588600,0.588610,0.588310,0.588350
1663740720,0.588350,0.588360,0.588170,0.588170
1663740780,0.588170,0.588270,0.588130,0.588170
1663740840,0.588170,0.588180,0.587910,0.588050
1663740900,0.588070,0.588320,0.588020,0.588120
1663740960,0.588150,0.588260,0.588120,0.588170
1663741020,0.588180,0.588450,0.588130,0.588440
1663741080,0.588440,0.588760,0.588430,0.588760
1663741140,0.588780,0.588840,0.588630,0.588660
1663741200,0.588670,0.588950,0.588670,0.588900
1663741260,0.588870,0.589040,0.588860,0.589040
1663741320,0.589040,0.589070,0.588710,0.588950
1663741380,0.588920,0.589380,0.588920,0.589220
1663741440,0.589230,0.589270,0.589020,0.589060
1663741500,0.589070,0.589130,0.589020,0.589070
1663741560,0.589050,0.589060,0.588840,0.588840
1663741620,0.588830,0.588880,0.588700,0.588770
1663741680,0.588770,0.588890,0.588740,0.588800
1663741740,0.588770,0.589030,0.588770,0.589000
1663741800,0.589020,0.589080,0.588770,0.588780
1663741860,0.588780,0.588830,0.588650,0.588680
1663741920,0.588670,0.588680,0.588370,0.588420
1663741980,0.588420,0.588480,0.588120,0.588170
1663742040,0.588170,0.588370,0.588080,0.588080
1663742100,0.588070,0.588370,0.588070,0.588220
1663742160,0.588220,0.588350,0.588140,0.588170
1663742220,0.588170,0.588170,0.587890,0.588030
1663742280,0.588080,0.588240,0.588030,0.588150
1663742340,0.588170,0.588280,0.588030,0.588060
1663742400,0.588070,0.588110,0.587850,0.587850
1663742460,0.587850,0.587960,0.587740,0.587740
1663742520,0.587740,0.588050,0.587740,0.588030
1663742580,0.588020,0.588450,0.588010,0.588390
1663742640,0.588390,0.588480,0.588240,0.588340
1663742700,0.588370,0.588440,0.588130,0.588140
1663742760,0.588140,0.588140,0.587910,0.587990
1663742820,0.587970,0.588290,0.587960,0.588240
1663742880,0.588260,0.588470,0.588240,0.588460
1663742940,0.588450,0.588450,0.588270,0.588300
1663743000,0.588300,0.588390,0.588240,0.588260
1663743060,0.588230,0.588270,0.588010,0.588040
1663743120,0.588040,0.588250,0.588040,0.588190
1663743180,0.588170,0.588170,0.587990,0.588020
1663743240,0.588040,0.588150,0.587940,0.587970
1663743300,0.588010,0.588110,0.587990,0.588050
1663743360,0.588030,0.588050,0.587770,0.587810
1663743420,0.587810,0.587870,0.587640,0.587660
1663743480,0.587670,0.587850,0.587500,0.587850
1663743540,0.587830,0.588040,0.587750,0.588040
1663743600,0.588050,0.588100,0.587810,0.587810
1663743660,0.587840,0.588150,0.587840,0.588040
1663743720,0.588040,0.588250,0.587960,0.588040
1663743780,0.588070,0.588250,0.588010,0.588190
1663743840,0.588200,0.588390,0.588120,0.588250
1663743900,0.588230,0.588320,0.587940,0.587940
1663743960,0.587930,0.588000,0.587790,0.587920
1663744020,0.587930,0.588000,0.587890,0.587930
1663744080,0.587930,0.587990,0.587800,0.587820
1663744140,0.587840,0.588040,0.587830,0.587960
1663744200,0.587960,0.588140,0.587900,0.588070
1663744260,0.588070,0.588250,0.588000,0.588160
1663744320,0.588140,0.588190,0.587850,0.587990
1663744380,0.587990,0.588350,0.587980,0.588310
1663744440,0.588310,0.588380,0.588190,0.588250
1663744500,0.588270,0.588750,0.588270,0.588750
1663744560,0.588800,0.588900,0.588730,0.588870
1663744620,0.588870,0.588900,0.588600,0.588680
1663744680,0.588660,0.588920,0.588660,0.588900
1663744740,0.588870,0.588990,0.588790,0.588810
1663744800,0.588840,0.589050,0.588810,0.589020
1663744860,0.588990,0.589050,0.588940,0.588970
1663744920,0.588980,0.589010,0.588810,0.588870
1663744980,0.588870,0.589050,0.588810,0.588880
1663745040,0.588880,0.588920,0.588790,0.588840
1663745100,0.588840,0.589040,0.588840,0.589010
1663745160,0.589020,0.589060,0.588860,0.589020
1663745220,0.589000,0.589170,0.589000,0.589170
1663745280,0.589180,0.589310,0.589140,0.589260
1663745340,0.589290,0.589400,0.589190,0.589190
1663745400,0.589200,0.589250,0.588980,0.589040
1663745460,0.589080,0.589200,0.588990,0.589050
1663745520,0.589060,0.589200,0.588930,0.588990
1663745580,0.588990,0.589070,0.588960,0.589040
1663745640,0.589040,0.589090,0.588880,0.588910
1663745700,0.588930,0.588950,0.588540,0.588720
1663745760,0.588730,0.588740,0.588610,0.588680
1663745820,0.588700,0.588810,0.588670,0.588770
1663745880,0.588750,0.588750,0.588620,0.588740
1663745940,0.588760,0.588840,0.588670,0.588780
1663746000,0.588770,0.588790,0.588610,0.588680
1663746060,0.588670,0.588670,0.588470,0.588490
1663746120,0.588470,0.588570,0.588440,0.588530
1663746180,0.588520,0.588550,0.588460,0.588470
1663746240,0.588490,0.588610,0.588470,0.588500
1663746300,0.588490,0.588730,0.588490,0.588640
1663746360,0.588630,0.588670,0.588540,0.588550
1663746420,0.588580,0.588780,0.588530,0.588760
1663746480,0.588760,0.588900,0.588740,0.588860
1663746540,0.588860,0.588970,0.588860,0.588920
1663746600,0.588940,0.589130,0.588940,0.589060
1663746660,0.589030,0.589110,0.589030,0.589100
1663746720,0.589110,0.589240,0.589080,0.589190
1663746780,0.589180,0.589260,0.589180,0.589230
1663746840,0.589250,0.589250,0.589150,0.589150
1663746900,0.589150,0.589160,0.588920,0.588930
1663746960,0.588940,0.589000,0.588890,0.588910
1663747020,0.588910,0.589040,0.588890,0.589010
1663747080,0.589000,0.589050,0.588890,0.588970
1663747140,0.588960,0.588990,0.588880,0.588880
1663747200,0.588900,0.588950,0.588830,0.588840
1663747260,0.588860,0.588990,0.588840,0.588840
1663747320,0.588870,0.588890,0.588830,0.588830
1663747380,0.588820,0.588860,0.588780,0.588780
1663747440,0.588750,0.588750,0.588640,0.588710
1663747500,0.588710,0.588720,0.588480,0.588570
1663747560,0.588580,0.588620,0.588460,0.588490
1663747620,0.588500,0.588880,0.588500,0.588840
1663747680,0.588840,0.588840,0.588690,0.588690
1663747740,0.588680,0.588680,0.588560,0.588590
1663747800,0.588610,0.588750,0.588590,0.588730
1663747860,0.588730,0.588820,0.588630,0.588790
1663747920,0.588780,0.588890,0.588780,0.588870
1663747980,0.588880,0.588940,0.588790,0.588910
1663748040,0.588910,0.589020,0.588900,0.588920
1663748100,0.588920,0.588990,0.588890,0.588980
1663748160,0.588910,0.588980,0.588780,0.588840
1663748220,0.588860,0.588930,0.588840,0.588870
1663748280,0.588870,0.588920,0.588830,0.588880
1663748340,0.588880,0.588900,0.588840,0.588890
1663748400,0.588900,0.589020,0.588900,0.588990
1663748460,0.589020,0.589090,0.588980,0.589050
1663748520,0.589060,0.589070,0.588980,0.589030
1663748580,0.589060,0.589150,0.589040,0.589090
1663748640,0.589110,0.589170,0.589090,0.589140
1663748700,0.589120,0.589210,0.589100,0.589200
1663748760,0.589200,0.589220,0.589090,0.589100
1663748820,0.589090,0.589110,0.588860,0.588860
1663748880,0.588850,0.589030,0.588850,0.589000
1663748940,0.589000,0.589000,0.588650,0.588720
1663749000,0.588740,0.588860,0.588720,0.588810
1663749060,0.588800,0.588800,0.588480,0.588480
1663749120,0.588490,0.588630,0.588490,0.588600
1663749180,0.588590,0.588720,0.588570,0.588710
1663749240,0.588700,0.588760,0.588620,0.588630
1663749300,0.588620,0.588700,0.588620,0.588620
1663749360,0.588640,0.588780,0.588620,0.588780
1663749420,0.588770,0.588840,0.588700,0.588740
1663749480,0.588750,0.588820,0.588720,0.588810
1663749540,0.588800,0.588860,0.588760,0.588850
1663749600,0.588840,0.588930,0.588780,0.588910
1663749660,0.588920,0.588940,0.588850,0.588920
1663749720,0.588920,0.588990,0.588880,0.588920
1663749780,0.588900,0.588900,0.588850,0.588880
1663749840,0.588880,0.588890,0.588840,0.588840
1663749900,0.588870,0.588890,0.588580,0.588720
1663749960,0.588710,0.588920,0.588710,0.588890
1663750020,0.588900,0.588900,0.588780,0.588800
1663750080,0.588790,0.588840,0.588740,0.588770
1663750140,0.588790,0.588870,0.588740,0.588840
1663750200,0.588840,0.588950,0.588750,0.588750
1663750260,0.588760,0.588800,0.588650,0.588680
1663750320,0.588670,0.588700,0.588550,0.588590
1663750380,0.588590,0.588670,0.588530,0.588530
1663750440,0.588510,0.588610,0.588500,0.588580
1663750500,0.588600,0.588760,0.588600,0.588600
1663750560,0.588590,0.588620,0.588410,0.588440
1663750620,0.588450,0.588590,0.588450,0.588570
1663750680,0.588570,0.588580,0.588460,0.588460
1663750740,0.588460,0.588530,0.588430,0.588460
1663750800,0.588450,0.588560,0.588370,0.588520
1663750860,0.588530,0.588640,0.588480,0.588500
1663750920,0.588520,0.588640,0.588520,0.588590
1663750980,0.588580,0.588610,0.588460,0.588520
1663751040,0.588530,0.588700,0.588520,0.588660
1663751100,0.588680,0.588820,0.588660,0.588810
1663751160,0.588800,0.588830,0.588720,0.588780
1663751220,0.588770,0.588830,0.588710,0.588720
1663751280,0.588730,0.588730,0.588630,0.588680
1663751340,0.588680,0.588750,0.588630,0.588640
1663751400,0.588640,0.588640,0.588580,0.588590
1663751460,0.588590,0.588640,0.588570,0.588630
1663751520,0.588620,0.588660,0.588590,0.588660
1663751580,0.588700,0.588840,0.588690,0.588780
1663751640,0.588780,0.588890,0.588750,0.588840
1663751700,0.588850,0.588900,0.588830,0.588890
1663751760,0.588900,0.588920,0.588850,0.588880
1663751820,0.588870,0.588940,0.588870,0.588870
1663751880,0.588870,0.588900,0.588810,0.588860
1663751940,0.588840,0.588890,0.588780,0.588890
1663752000,0.588880,0.589010,0.588880,0.588930
1663752060,0.588930,0.588960,0.588850,0.588920
1663752120,0.588920,0.588940,0.588760,0.588770
1663752180,0.588780,0.588780,0.588750,0.588750
1663752240,0.588750,0.588770,0.588670,0.588670
1663752300,0.588660,0.588710,0.588590,0.588700
1663752360,0.588700,0.588930,0.588690,0.588890
1663752420,0.588880,0.588970,0.588840,0.588900
1663752480,0.588890,0.589000,0.588870,0.588890
1663752540,0.588900,0.588940,0.588830,0.588930
1663752600,0.588910,0.588990,0.588810,0.588970
1663752660,0.588980,0.589090,0.588970,0.588990
1663752720,0.588990,0.589070,0.588960,0.588980
1663752780,0.588970,0.588980,0.588930,0.588930
1663752840,0.588970,0.588980,0.588880,0.588930
1663752900,0.588940,0.588990,0.588930,0.588970
1663752960,0.589010,0.589010,0.588930,0.588930
1663753020,0.588940,0.588980,0.588880,0.588970
1663753080,0.588970,0.589060,0.588950,0.588980
1663753140,0.588980,0.588980,0.588850,0.588860
1663753200,0.588860,0.589000,0.588850,0.588970
1663753260,0.588980,0.589190,0.588950,0.589140
1663753320,0.589130,0.589150,0.588950,0.589090
1663753380,0.589090,0.589160,0.589090,0.589160
1663753440,0.589170,0.589190,0.589110,0.589110
1663753500,0.589130,0.589230,0.589090,0.589220
1663753560,0.589210,0.589310,0.589190,0.589300
1663753620,0.589290,0.589400,0.589280,0.589370
1663753680,0.589370,0.589480,0.589370,0.589480
1663753740,0.589470,0.589480,0.589380,0.589470
1663753800,0.589470,0.589510,0.589410,0.589440
1663753860,0.589430,0.589430,0.589360,0.589370
1663753920,0.589370,0.589430,0.589320,0.589390
1663753980,0.589390,0.589420,0.589370,0.589420
1663754040,0.589400,0.589560,0.589400,0.589530
1663754100,0.589530,0.589530,0.589250,0.589250
1663754160,0.589250,0.589340,0.589230,0.589300
1663754220,0.589310,0.589390,0.589300,0.589390
1663754280,0.589380,0.589530,0.589380,0.589520
1663754340,0.589540,0.589580,0.589530,0.589550
1663754400,0.589520,0.589520,0.589300,0.589320
1663754460,0.589310,0.589370,0.589250,0.589360
1663754520,0.589350,0.589430,0.589330,0.589390
1663754580,0.589410,0.589580,0.589400,0.589530
1663754640,0.589540,0.589630,0.589480,0.589480
1663754700,0.589480,0.589540,0.589420,0.589440
1663754760,0.589430,0.589490,0.589360,0.589360
1663754820,0.589380,0.589460,0.589360,0.589450
1663754880,0.589410,0.589440,0.589330,0.589410
1663754940,0.589390,0.589390,0.589260,0.589260
1663755000,0.589260,0.589270,0.589160,0.589180
1663755060,0.589160,0.589190,0.589130,0.589170
1663755120,0.589160,0.589170,0.589020,0.589020
1663755180,0.589020,0.589050,0.588960,0.589010
1663755240,0.589010,0.589090,0.588980,0.589090
1663755300,0.589090,0.589160,0.589070,0.589110
1663755360,0.589100,0.589120,0.589080,0.589110
1663755420,0.589100,0.589190,0.589100,0.589170
1663755480,0.589160,0.589180,0.589040,0.589080
1663755540,0.589080,0.589140,0.589040,0.589110
1663755600,0.589120,0.589150,0.589080,0.589110
1663755660,0.589110,0.589110,0.588950,0.588950
1663755720,0.588950,0.589040,0.588930,0.589020
1663755780,0.589030,0.589040,0.588970,0.588970
1663755840,0.588980,0.588990,0.588950,0.588980
1663755900,0.588980,0.588990,0.588870,0.588970
1663755960,0.588970,0.589050,0.588960,0.588980
1663756020,0.588980,0.589100,0.588960,0.589040
1663756080,0.589060,0.589170,0.589030,0.589160
1663756140,0.589140,0.589140,0.589110,0.589110
1663756200,0.589110,0.589130,0.588920,0.588920
1663756260,0.588910,0.588970,0.588800,0.588830
1663756320,0.588820,0.588860,0.588750,0.588750
1663756380,0.588760,0.588760,0.588680,0.588720
1663756440,0.588720,0.588750,0.588650,0.588710
1663756500,0.588720,0.588790,0.588530,0.588640
1663756560,0.588640,0.588890,0.588640,0.588890
1663756620,0.588890,0.588980,0.588860,0.588960
1663756680,0.588980,0.588980,0.588860,0.588860
1663756740,0.588850,0.588850,0.588740,0.588750
1663756800,0.588750,0.588990,0.588720,0.588910
1663756860,0.588920,0.589000,0.588880,0.588950
1663756920,0.588940,0.589010,0.588930,0.588970
1663756980,0.588960,0.588980,0.588930,0.588980
1663757040,0.588980,0.589040,0.588930,0.589030
1663757100,0.589050,0.589140,0.589010,0.589060
1663757160,0.589060,0.589110,0.589060,0.589060
1663757220,0.589080,0.589110,0.589050,0.589070
1663757280,0.589070,0.589070,0.588910,0.588920
1663757340,0.588930,0.588930,0.588860,0.588870
1663757400,0.588880,0.588890,0.588830,0.588830
1663757460,0.588830,0.588950,0.588830,0.588940
1663757520,0.588960,0.588960,0.588910,0.588940
1663757580,0.588920,0.588970,0.588890,0.588920
1663757640,0.588930,0.589040,0.588930,0.588940
1663757700,0.588940,0.588940,0.588830,0.588850
1663757760,0.588880,0.588890,0.588680,0.588680
1663757820,0.588670,0.588690,0.588670,0.588670
1663757880,0.588660,0.588710,0.588660,0.588690
1663757940,0.588680,0.588690,0.588570,0.588680
1663758000,0.588680,0.588680,0.588550,0.588550
1663758060,0.588560,0.588620,0.588540,0.588570
1663758120,0.588570,0.588650,0.588520,0.588570
1663758180,0.588580,0.588610,0.588520,0.588550
1663758240,0.588550,0.588550,0.588350,0.588350
1663758300,0.588340,0.588410,0.588310,0.588340
1663758360,0.588330,0.588360,0.588250,0.588310
1663758420,0.588310,0.588380,0.588300,0.588380
1663758480,0.588360,0.588420,0.588350,0.588410
1663758540,0.588420,0.588530,0.588420,0.588490
1663758600,0.588490,0.588520,0.588450,0.588450
1663758660,0.588450,0.588460,0.588340,0.588350
1663758720,0.588360,0.588440,0.588290,0.588300
1663758780,0.588300,0.588300,0.588210,0.588230
1663758840,0.588240,0.588320,0.588010,0.588010
1663758900,0.588010,0.588170,0.588000,0.588170
1663758960,0.588140,0.588170,0.588050,0.588160
1663759020,0.588160,0.588170,0.588040,0.588120
1663759080,0.588110,0.588150,0.588050,0.588110
1663759140,0.588110,0.588110,0.587910,0.587950
1663759200,0.587950,0.587950,0.587740,0.587740
1663759260,0.587750,0.587850,0.587730,0.587820
1663759320,0.587860,0.587870,0.587770,0.587870
1663759380,0.587850,0.587890,0.587810,0.587880
1663759440,0.587900,0.588010,0.587900,0.587960
1663759500,0.587960,0.588050,0.587950,0.587960
1663759560,0.587970,0.588100,0.587950,0.588060
1663759620,0.588060,0.588110,0.588040,0.588040
1663759680,0.588010,0.588100,0.588000,0.588070
1663759740,0.588070,0.588070,0.587980,0.588020
1663759800,0.588030,0.588040,0.587880,0.587900
1663759860,0.587920,0.588070,0.587850,0.588050
1663759920,0.588040,0.588150,0.588020,0.588080
1663759980,0.588080,0.588200,0.588070,0.588150
1663760040,0.588140,0.588140,0.587980,0.588090
1663760100,0.588090,0.588380,0.588080,0.588370
1663760160,0.588370,0.588520,0.588270,0.588490
1663760220,0.588500,0.588520,0.588320,0.588490
1663760280,0.588500,0.588590,0.588490,0.588540
1663760340,0.588540,0.588550,0.588420,0.588420
1663760400,0.588440,0.588500,0.588330,0.588470
1663760460,0.588460,0.588530,0.588420,0.588480
1663760520,0.588480,0.588500,0.588370,0.588420
1663760580,0.588420,0.588480,0.588410,0.588430
1663760640,0.588410,0.588510,0.588400,0.588490
1663760700,0.588490,0.588530,0.588460,0.588460
1663760760,0.588470,0.588540,0.588440,0.588500
1663760820,0.588520,0.588560,0.588480,0.588490
1663760880,0.588470,0.588500,0.588400,0.588430
1663760940,0.588430,0.588440,0.588280,0.588310
1663761000,0.588320,0.588320,0.588180,0.588280
1663761060,0.588280,0.588340,0.588280,0.588330
1663761120,0.588330,0.588400,0.588310,0.588390
1663761180,0.588420,0.588420,0.588080,0.588080
1663761240,0.588060,0.588210,0.588050,0.588180
1663761300,0.588190,0.588210,0.588030,0.588030
1663761360,0.588030,0.588160,0.588020,0.588110
1663761420,0.588100,0.588100,0.587930,0.587950
1663761480,0.587950,0.588090,0.587940,0.588010
1663761540,0.588010,0.588050,0.587940,0.587940
1663761600,0.587940,0.588250,0.587940,0.588120
1663761660,0.588120,0.588150,0.588070,0.588140
1663761720,0.588140,0.588300,0.588110,0.588180
1663761780,0.588180,0.588280,0.588130,0.588270
1663761840,0.588250,0.588250,0.588120,0.588170
1663761900,0.588180,0.588180,0.587970,0.588100
1663761960,0.588110,0.588230,0.588070,0.588070
1663762020,0.588070,0.588070,0.587830,0.587840
1663762080,0.587850,0.587970,0.587850,0.587890
1663762140,0.587890,0.587970,0.587880,0.587910
1663762200,0.587910,0.588000,0.587880,0.587960
1663762260,0.587960,0.587990,0.587870,0.587900
1663762320,0.587900,0.587960,0.587880,0.587950
1663762380,0.587960,0.588040,0.587910,0.588030
1663762440,0.588020,0.588090,0.587960,0.587970
1663762500,0.587980,0.587990,0.587860,0.587870
1663762560,0.587870,0.587880,0.587760,0.587820
1663762620,0.587830,0.587860,0.587740,0.587750
1663762680,0.587750,0.587780,0.587700,0.587710
1663762740,0.587720,0.587730,0.587190,0.587350
1663762800,0.587350,0.587460,0.587260,0.587440
1663762860,0.587450,0.587450,0.587340,0.587360
1663762920,0.587360,0.587430,0.587310,0.587430
1663762980,0.587430,0.587780,0.587390,0.587780
1663763040,0.587780,0.587780,0.587590,0.587710
1663763100,0.587710,0.587800,0.587670,0.587680
1663763160,0.587670,0.587700,0.587540,0.587580
1663763220,0.587590,0.587660,0.587530,0.587530
1663763280,0.587560,0.587690,0.587560,0.587680
1663763340,0.587670,0.587690,0.587620,0.587640
1663763400,0.587660,0.587760,0.587580,0.587730
1663763460,0.587710,0.587890,0.587700,0.587780
1663763520,0.587780,0.587990,0.587780,0.587970
1663763580,0.587990,0.588260,0.587990,0.588120
1663763640,0.588110,0.588300,0.588070,0.588300
1663763700,0.588300,0.588390,0.588270,0.588360
1663763760,0.588370,0.588390,0.588250,0.588360
1663763820,0.588370,0.588490,0.588310,0.588380
1663763880,0.588420,0.588460,0.588260,0.588300
1663763940,0.588300,0.588590,0.588290,0.588580
1663764000,0.588590,0.588600,0.588350,0.588350
1663764060,0.588420,0.588520,0.588380,0.588400
1663764120,0.588380,0.588630,0.588370,0.588550
1663764180,0.588560,0.588560,0.588380,0.588420
1663764240,0.588440,0.588540,0.588420,0.588470
1663764300,0.588470,0.588470,0.588320,0.588450
1663764360,0.588460,0.588540,0.588410,0.588540
1663764420,0.588530,0.588530,0.588380,0.588450
1663764480,0.588450,0.588460,0.588340,0.588390
1663764540,0.588410,0.588500,0.588340,0.588500
1663764600,0.588510,0.588570,0.588490,0.588570
1663764660,0.588560,0.588590,0.588440,0.588500
1663764720,0.588490,0.588590,0.588380,0.588580
1663764780,0.588580,0.588590,0.588450,0.588480
1663764840,0.588480,0.588610,0.588410,0.588410
1663764900,0.588440,0.588440,0.588340,0.588380
1663764960,0.588380,0.588400,0.588320,0.588370
1663765020,0.588370,0.588370,0.588180,0.588200
1663765080,0.588180,0.588180,0.588050,0.588140
1663765140,0.588160,0.588290,0.588130,0.588280
1663765200,0.588280,0.588550,0.588280,0.588500
1663765260,0.588500,0.588550,0.588380,0.588430
1663765320,0.588430,0.588440,0.588330,0.588350
1663765380,0.588330,0.588440,0.588310,0.588390
1663765440,0.588390,0.588390,0.588220,0.588300
1663765500,0.588330,0.588340,0.588150,0.588160
1663765560,0.588140,0.588140,0.587990,0.588020
1663765620,0.588020,0.588150,0.587980,0.588080
1663765680,0.588080,0.588180,0.588050,0.588100
1663765740,0.588100,0.588260,0.588100,0.588230
1663765800,0.588240,0.588350,0.588190,0.588310
1663765860,0.588300,0.588390,0.588290,0.588350
1663765920,0.588360,0.588360,0.588230,0.588270
1663765980,0.588260,0.588440,0.588190,0.588430
1663766040,0.588410,0.588420,0.588350,0.588360
1663766100,0.588370,0.588440,0.588350,0.588430
1663766160,0.588430,0.588440,0.588340,0.588440
1663766220,0.588430,0.588440,0.588320,0.588360
1663766280,0.588360,0.588450,0.588150,0.588210
1663766340,0.588190,0.588210,0.588140,0.588170
1663766400,0.588170,0.588240,0.588160,0.588200
1663766460,0.588180,0.588210,0.588150,0.588150
1663766520,0.588140,0.588230,0.588140,0.588200
1663766580,0.588200,0.588200,0.588090,0.588140
1663766640,0.588150,0.588240,0.588140,0.588190
1663766700,0.588200,0.588340,0.588080,0.588080
1663766760,0.588080,0.588080,0.587940,0.588060
1663766820,0.588060,0.588300,0.588060,0.588260
1663766880,0.588250,0.588330,0.588110,0.588320
1663766940,0.588330,0.588340,0.588210,0.588250
1663767000,0.588240,0.588290,0.588010,0.588050
1663767060,0.588060,0.588080,0.587690,0.587690
1663767120,0.587690,0.587700,0.587420,0.587480
1663767180,0.587460,0.587480,0.587240,0.587320
1663767240,0.587320,0.587470,0.587260,0.587380
1663767300,0.587380,0.587510,0.587380,0.587460
1663767360,0.587470,0.587590,0.587390,0.587570
1663767420,0.587580,0.587610,0.587410,0.587440
1663767480,0.587420,0.587440,0.587320,0.587430
1663767540,0.587440,0.587670,0.587440,0.587650
1663767600,0.587660,0.587750,0.587640,0.587640
1663767660,0.587640,0.587840,0.587640,0.587780
1663767720,0.587760,0.587820,0.587590,0.587600
1663767780,0.587610,0.587660,0.587490,0.587490
1663767840,0.587470,0.587490,0.587270,0.587290
1663767900,0.587280,0.587520,0.587140,0.587510
1663767960,0.587520,0.587650,0.587410,0.587650
1663768020,0.587640,0.588110,0.587620,0.587990
1663768080,0.587990,0.588180,0.587950,0.588150
1663768140,0.588140,0.588140,0.588020,0.588080
1663768200,0.588090,0.588090,0.587890,0.587960
1663768260,0.587940,0.587980,0.587730,0.587820
1663768320,0.587830,0.587830,0.587670,0.587740
1663768380,0.587730,0.587830,0.587690,0.587700
1663768440,0.587690,0.587830,0.587630,0.587820
1663768500,0.587820,0.587910,0.587820,0.587830
1663768560,0.587830,0.587890,0.587830,0.587880
1663768620,0.587890,0.587900,0.587780,0.587870
1663768680,0.587890,0.588040,0.587870,0.588040
1663768740,0.588050,0.588050,0.587830,0.587840
1663768800,0.587840,0.588230,0.587830,0.588190
1663768860,0.588160,0.588270,0.587990,0.588270
1663768920,0.588270,0.588320,0.588020,0.588180
1663768980,0.588160,0.588350,0.588110,0.588110
1663769040,0.588120,0.588360,0.588090,0.588290
1663769100,0.588300,0.588470,0.588250,0.588280
1663769160,0.588260,0.588390,0.588230,0.588270
1663769220,0.588260,0.588550,0.588240,0.588530
1663769280,0.588530,0.588700,0.588480,0.588650
1663769340,0.588650,0.588870,0.588650,0.588860
1663769400,0.588860,0.588950,0.588730,0.588840
1663769460,0.588850,0.588880,0.588540,0.588840
1663769520,0.588850,0.588850,0.588470,0.588510
1663769580,0.588530,0.588560,0.588450,0.588510
1663769640,0.588490,0.588650,0.588490,0.588570
1663769700,0.588580,0.588720,0.588530,0.588630
1663769760,0.588610,0.588680,0.588580,0.588610
1663769820,0.588610,0.588850,0.588610,0.588850
1663769880,0.588850,0.588910,0.588670,0.588690
1663769940,0.588690,0.588790,0.588560,0.588580
1663770000,0.588600,0.588730,0.588530,0.588690
1663770060,0.588680,0.588730,0.588430,0.588480
1663770120,0.588460,0.588540,0.588310,0.588450
1663770180,0.588440,0.588470,0.588300,0.588350
1663770240,0.588350,0.588450,0.588280,0.588280
1663770300,0.588280,0.588280,0.588090,0.588100
1663770360,0.588090,0.588170,0.588040,0.588150
1663770420,0.588140,0.588330,0.588140,0.588250
1663770480,0.588300,0.588400,0.588190,0.588300
1663770540,0.588300,0.588490,0.588290,0.588420
1663770600,0.588400,0.588460,0.588130,0.588130
1663770660,0.588130,0.588150,0.587920,0.587980
1663770720,0.587960,0.588000,0.587750,0.587890
1663770780,0.587870,0.587910,0.587790,0.587810
1663770840,0.587820,0.587850,0.587700,0.587790
1663770900,0.587790,0.587940,0.587730,0.587870
1663770960,0.587850,0.587920,0.587820,0.587900
1663771020,0.587900,0.587930,0.587830,0.587850
1663771080,0.587840,0.587910,0.587760,0.587780
1663771140,0.587800,0.587890,0.587760,0.587820
1663771200,0.587820,0.587930,0.587760,0.587900
1663771260,0.587900,0.587960,0.587890,0.587900
1663771320,0.587890,0.587980,0.587810,0.587810
1663771380,0.587810,0.587860,0.587720,0.587830
1663771440,0.587830,0.587880,0.587750,0.587750
1663771500,0.587750,0.587780,0.587630,0.587650
1663771560,0.587650,0.587700,0.587580,0.587660
1663771620,0.587660,0.587690,0.587500,0.587630
1663771680,0.587610,0.587780,0.587610,0.587670
1663771740,0.587670,0.587950,0.587640,0.587950
1663771800,0.587930,0.588000,0.587820,0.587990
1663771860,0.587980,0.587990,0.587870,0.587920
1663771920,0.587940,0.587960,0.587500,0.587510
1663771980,0.587510,0.587690,0.587480,0.587630
1663772040,0.587620,0.587760,0.587600,0.587760
1663772100,0.587760,0.587790,0.587610,0.587690
1663772160,0.587690,0.587870,0.587640,0.587840
1663772220,0.587870,0.587870,0.587640,0.587680
1663772280,0.587680,0.587690,0.587540,0.587650
1663772340,0.587660,0.587740,0.587580,0.587730
1663772400,0.587740,0.587750,0.587560,0.587680
1663772460,0.587700,0.587710,0.587670,0.587690
1663772520,0.587680,0.587710,0.587520,0.587580
1663772580,0.587590,0.587600,0.587390,0.587400
1663772640,0.587390,0.587420,0.587240,0.587240
1663772700,0.587260,0.587350,0.587140,0.587250
1663772760,0.587270,0.587550,0.587240,0.587520
1663772820,0.587520,0.587610,0.587450,0.587450
1663772880,0.587450,0.587720,0.587450,0.587700
1663772940,0.587700,0.587900,0.587660,0.587860
1663773000,0.587860,0.587860,0.587720,0.587810
1663773060,0.587820,0.587850,0.587720,0.587730
1663773120,0.587690,0.587950,0.587690,0.587940
1663773180,0.587950,0.588050,0.587900,0.588040
1663773240,0.588040,0.588240,0.588010,0.588220
1663773300,0.588210,0.588310,0.588140,0.588220
1663773360,0.588210,0.588310,0.588100,0.588240
1663773420,0.588240,0.588420,0.588240,0.588410
1663773480,0.588390,0.588390,0.588150,0.588170
1663773540,0.588160,0.588260,0.588150,0.588210
1663773600,0.588240,0.588350,0.588120,0.588120
1663773660,0.588120,0.588150,0.588000,0.588040
1663773720,0.588070,0.588290,0.588030,0.588210
1663773780,0.588200,0.588240,0.588060,0.588150
1663773840,0.588150,0.588220,0.588120,0.588190
1663773900,0.588190,0.588280,0.588140,0.588270
1663773960,0.588280,0.588300,0.588190,0.588250
1663774020,0.588280,0.588350,0.588190,0.588200
1663774080,0.588200,0.588290,0.588160,0.588210
1663774140,0.588220,0.588220,0.588070,0.588150
1663774200,0.588150,0.588360,0.588150,0.588340
1663774260,0.588330,0.588370,0.588280,0.588310
1663774320,0.588310,0.588400,0.588310,0.588320
1663774380,0.588320,0.588490,0.588320,0.588410
1663774440,0.588400,0.588400,0.588350,0.588360
1663774500,0.588340,0.588500,0.588340,0.588440
1663774560,0.588440,0.588450,0.588320,0.588370
1663774620,0.588350,0.588500,0.588340,0.588480
1663774680,0.588460,0.588500,0.588440,0.588460
1663774740,0.588470,0.588570,0.588450,0.588450
1663774800,0.588430,0.588500,0.588400,0.588460
1663774860,0.588460,0.588580,0.588410,0.588580
1663774920,0.588560,0.588620,0.588540,0.588600
1663774980,0.588570,0.588650,0.588550,0.588600
1663775040,0.588590,0.588600,0.588510,0.588560
1663775100,0.588560,0.588590,0.588440,0.588450
1663775160,0.588440,0.588460,0.588390,0.588410
1663775220,0.588410,0.588420,0.588300,0.588350
1663775280,0.588350,0.588380,0.588340,0.588340
1663775340,0.588350,0.588400,0.588340,0.588340
1663775400,0.588340,0.588340,0.588240,0.588270
1663775460,0.588280,0.588280,0.588190,0.588230
1663775520,0.588240,0.588280,0.588210,0.588240
1663775580,0.588230,0.588320,0.588220,0.588270
1663775640,0.588250,0.588280,0.588240,0.588260
1663775700,0.588240,0.588300,0.588240,0.588290
1663775760,0.588290,0.588300,0.588190,0.588220
1663775820,0.588230,0.588290,0.588120,0.588210
1663775880,0.588210,0.588230,0.588160,0.588190
1663775940,0.588180,0.588300,0.588180,0.588270
1663776000,0.588250,0.588280,0.588090,0.588110
1663776060,0.588150,0.588150,0.588000,0.588010
1663776120,0.588010,0.588030,0.587900,0.587900
1663776180,0.587890,0.587950,0.587890,0.587930
1663776240,0.587940,0.587990,0.587860,0.587870
1663776300,0.587870,0.588020,0.587840,0.587990
1663776360,0.588000,0.588110,0.587990,0.588090
1663776420,0.588100,0.588250,0.588100,0.588180
1663776480,0.588170,0.588320,0.588170,0.588250
1663776540,0.588260,0.588320,0.588230,0.588240
1663776600,0.588240,0.588240,0.588130,0.588190
1663776660,0.588190,0.588240,0.588190,0.588200
1663776720,0.588210,0.588240,0.588160,0.588180
1663776780,0.588170,0.588300,0.588170,0.588270
1663776840,0.588270,0.588290,0.588170,0.588170
1663776900,0.588180,0.588340,0.588140,0.588310
1663776960,0.588330,0.588350,0.588270,0.588280
1663777020,0.588280,0.588300,0.588230,0.588290
1663777080,0.588290,0.588340,0.588270,0.588310
1663777140,0.588310,0.588340,0.588290,0.588290
1663777200,0.588290,0.588400,0.588290,0.588320
1663777260,0.588320,0.588320,0.588150,0.588150
1663777320,0.588140,0.588250,0.588090,0.588100
1663777380,0.588090,0.588170,0.588090,0.588160
1663777440,0.588150,0.588150,0.588030,0.588030
1663777500,0.588030,0.588060,0.587950,0.588040
1663777560,0.588060,0.588120,0.588020,0.588100
1663777620,0.588110,0.588190,0.588100,0.588190
1663777680,0.588200,0.588260,0.588190,0.588210
1663777740,0.588190,0.588220,0.588150,0.588150
1663777800,0.588150,0.588150,0.588020,0.588020
1663777860,0.588020,0.588050,0.587940,0.588000
1663777920,0.588000,0.588000,0.587900,0.587910
1663777980,0.587910,0.587930,0.587850,0.587920
1663778040,0.587900,0.587960,0.587880,0.587920
1663778100,0.587920,0.588050,0.587920,0.587950
1663778160,0.587950,0.588010,0.587930,0.587950
1663778220,0.587950,0.587960,0.587860,0.587860
1663778280,0.587860,0.587900,0.587800,0.587810
1663778340,0.587800,0.587900,0.587800,0.587850
1663778400,0.587860,0.587880,0.587800,0.587800
1663778460,0.587790,0.587850,0.587750,0.587850
1663778520,0.587830,0.587830,0.587750,0.587750
1663778580,0.587720,0.587750,0.587700,0.587700
1663778640,0.587710,0.587750,0.587610,0.587620
1663778700,0.587600,0.587610,0.587490,0.587530
1663778760,0.587540,0.587600,0.587510,0.587510
1663778820,0.587520,0.587590,0.587450,0.587550
1663778880,0.587550,0.587670,0.587550,0.587650
1663778940,0.587670,0.587810,0.587660,0.587810
1663779000,0.587800,0.587810,0.587750,0.587770
1663779060,0.587760,0.587770,0.587450,0.587540
1663779120,0.587560,0.587570,0.587390,0.587430
1663779180,0.587440,0.587440,0.587310,0.587360
1663779240,0.587350,0.587440,0.587350,0.587380
1663779300,0.587380,0.587440,0.587350,0.587350
1663779360,0.587360,0.587420,0.587340,0.587410
1663779420,0.587400,0.587420,0.587250,0.587280
1663779480,0.587300,0.587380,0.587240,0.587240
1663779540,0.587250,0.587300,0.587200,0.587230
1663779600,0.587240,0.587310,0.587230,0.587250
1663779660,0.587250,0.587300,0.587230,0.587270
1663779720,0.587250,0.587300,0.587170,0.587300
1663779780,0.587290,0.587350,0.587250,0.587300
1663779840,0.587310,0.587440,0.587300,0.587440
1663779900,0.587440,0.587440,0.587290,0.587360
1663779960,0.587350,0.587420,0.587290,0.587350
1663780020,0.587370,0.587500,0.587350,0.587500
1663780080,0.587480,0.587480,0.587320,0.587350
1663780140,0.587350,0.587450,0.587350,0.587450
1663780200,0.587450,0.587490,0.587370,0.587400
1663780260,0.587400,0.587530,0.587390,0.587530
1663780320,0.587510,0.587520,0.587440,0.587440
1663780380,0.587460,0.587500,0.587380,0.587490
1663780440,0.587510,0.587510,0.587400,0.587450
1663780500,0.587430,0.587430,0.587340,0.587380
1663780560,0.587380,0.587380,0.587290,0.587300
1663780620,0.587330,0.587470,0.587300,0.587450
1663780680,0.587440,0.587470,0.587390,0.587470
1663780740,0.587440,0.587470,0.587390,0.587450
1663780800,0.587440,0.587480,0.587390,0.587390
1663780860,0.587400,0.587510,0.587400,0.587460
1663780920,0.587480,0.587480,0.587230,0.587290
1663780980,0.587290,0.587430,0.587290,0.587410
1663781040,0.587400,0.587550,0.587400,0.587550
1663781100,0.587540,0.587540,0.587490,0.587510
1663781160,0.587520,0.587560,0.587490,0.587560
1663781220,0.587560,0.587570,0.587520,0.587560
1663781280,0.587540,0.587610,0.587540,0.587590
1663781340,0.587610,0.587650,0.587590,0.587590
1663781400,0.587590,0.587600,0.587380,0.587440
1663781460,0.587440,0.587500,0.587390,0.587400
1663781520,0.587450,0.587520,0.587450,0.587500
1663781580,0.587520,0.587660,0.587500,0.587660
1663781640,0.587650,0.587780,0.587650,0.587740
1663781700,0.587740,0.587840,0.587740,0.587800
1663781760,0.587800,0.587890,0.587800,0.587890
1663781820,0.587890,0.587930,0.587840,0.587850
1663781880,0.587900,0.587940,0.587850,0.587940
1663781940,0.587940,0.587940,0.587900,0.587940
1663782000,0.587930,0.587930,0.587880,0.587890
1663782060,0.587890,0.587940,0.587890,0.587910
1663782120,0.587890,0.588000,0.587810,0.587990
1663782180,0.588010,0.588010,0.587880,0.587920
1663782240,0.587920,0.588040,0.587910,0.588010
1663782300,0.588010,0.588290,0.588000,0.588290
1663782360,0.588320,0.588320,0.588250,0.588280
1663782420,0.588280,0.588460,0.588280,0.588370
1663782480,0.588350,0.588520,0.588350,0.588510
1663782540,0.588540,0.588810,0.588540,0.588800
1663782600,0.588790,0.588800,0.588680,0.588740
1663782660,0.588740,0.588830,0.588740,0.588810
1663782720,0.588810,0.588820,0.588440,0.588480
1663782780,0.588480,0.588500,0.588420,0.588480
1663782840,0.588490,0.588490,0.588350,0.588390
1663782900,0.588380,0.588410,0.588160,0.588160
1663782960,0.588150,0.588290,0.588130,0.588150
1663783020,0.588140,0.588200,0.588130,0.588150
1663783080,0.588130,0.588160,0.587940,0.587940
1663783140,0.587940,0.588240,0.587940,0.588200
1663783200,0.588210,0.588210,0.585170,0.585310
1663783260,0.585320,0.585700,0.584310,0.584860
1663783320,0.584860,0.585170,0.584250,0.584380
1663783380,0.584390,0.585370,0.584150,0.585150
1663783440,0.585210,0.585520,0.584790,0.584830
1663783500,0.584800,0.584940,0.584390,0.584680
1663783560,0.584660,0.584790,0.584370,0.584390
1663783620,0.584360,0.584810,0.584140,0.584680
1663783680,0.584660,0.584900,0.584160,0.584900
1663783740,0.584900,0.585160,0.584590,0.584830
1663783800,0.584830,0.585120,0.584570,0.584680
1663783860,0.584680,0.585240,0.584550,0.584790
1663783920,0.584790,0.585040,0.584630,0.584970
1663783980,0.585000,0.585240,0.584700,0.585060
1663784040,0.585070,0.585070,0.584460,0.584640
1663784100,0.584630,0.585210,0.584450,0.585010
1663784160,0.585010,0.585460,0.585010,0.585390
1663784220,0.585360,0.585360,0.584790,0.584790
1663784280,0.584800,0.585150,0.584690,0.585020
1663784340,0.585000,0.585430,0.585000,0.585310
1663784400,0.585300,0.585550,0.585170,0.585330
1663784460,0.585340,0.585550,0.585120,0.585410
1663784520,0.585420,0.585510,0.585240,0.585280
1663784580,0.585290,0.585480,0.585120,0.585470
1663784640,0.585470,0.585660,0.585320,0.585570
1663784700,0.585550,0.585850,0.585380,0.585800
1663784760,0.585790,0.586080,0.585740,0.585760
1663784820,0.585760,0.585760,0.585290,0.585300
1663784880,0.585300,0.585370,0.585080,0.585160
1663784940,0.585170,0.585490,0.585150,0.585340
1663785000,0.585340,0.585350,0.584600,0.584710
1663785060,0.584700,0.585670,0.584510,0.585000
1663785120,0.585030,0.586160,0.585030,0.586050
1663785180,0.586040,0.588030,0.586040,0.587590
1663785240,0.587620,0.588550,0.587460,0.588180
1663785300,0.588200,0.589440,0.588040,0.588390
1663785360,0.588380,0.588880,0.587890,0.588350
1663785420,0.588320,0.588670,0.587900,0.588000
1663785480,0.588000,0.588300,0.587370,0.587370
1663785540,0.587360,0.587850,0.586970,0.587130
1663785600,0.587120,0.587540,0.586950,0.587100
1663785660,0.587100,0.588200,0.587100,0.588040
1663785720,0.588070,0.589370,0.588070,0.589350
1663785780,0.589360,0.589710,0.589140,0.589650
1663785840,0.589680,0.590180,0.589560,0.590040
1663785900,0.590030,0.591050,0.590030,0.590600
1663785960,0.590610,0.590970,0.590390,0.590550
1663786020,0.590520,0.590550,0.589240,0.589370
1663786080,0.589390,0.589430,0.588870,0.588900
1663786140,0.588910,0.589260,0.588610,0.588970
1663786200,0.588990,0.589760,0.588010,0.589130
1663786260,0.589130,0.589410,0.588690,0.588950
1663786320,0.588960,0.589910,0.588620,0.589520
1663786380,0.589540,0.590040,0.589510,0.589780
1663786440,0.589780,0.590340,0.589780,0.590320
1663786500,0.590300,0.590530,0.590020,0.590330
1663786560,0.590370,0.590390,0.589900,0.589990
1663786620,0.589980,0.590760,0.589790,0.590710
1663786680,0.590750,0.591040,0.590700,0.590830
1663786740,0.590820,0.590980,0.590420,0.590510
1663786800,0.589790,0.590900,0.589790,0.590490
1663786860,0.590490,0.590490,0.589670,0.589990
1663786920,0.590030,0.590440,0.589900,0.590280
1663786980,0.590290,0.590320,0.589750,0.589800
1663787040,0.589770,0.590030,0.589570,0.589770
1663787100,0.589720,0.589870,0.589240,0.589820
1663787160,0.589750,0.590100,0.589720,0.590100
1663787220,0.590100,0.590150,0.589660,0.589810
1663787280,0.589840,0.589890,0.589450,0.589660
1663787340,0.589660,0.589670,0.589160,0.589260
1663787400,0.589220,0.589220,0.587950,0.588070
1663787460,0.588050,0.588490,0.587810,0.588180
1663787520,0.588170,0.588730,0.587910,0.588730
1663787580,0.588760,0.589360,0.588420,0.589130
1663787640,0.589140,0.590260,0.588960,0.590260
1663787700,0.590270,0.590900,0.589890,0.590380
1663787760,0.590360,0.590380,0.589660,0.589800
1663787820,0.589800,0.589930,0.589590,0.589660
1663787880,0.589640,0.589940,0.589180,0.589210
1663787940,0.589190,0.589430,0.588940,0.589300
1663788000,0.589290,0.589290,0.588520,0.588690
1663788060,0.588710,0.588730,0.588430,0.588460
1663788120,0.588450,0.588760,0.588330,0.588710
1663788180,0.588690,0.588970,0.588500,0.588890
1663788240,0.588880,0.588970,0.588700,0.588870
1663788300,0.588850,0.588850,0.588040,0.588120
1663788360,0.588130,0.588130,0.587610,0.587650
1663788420,0.587650,0.587650,0.587090,0.587120
1663788480,0.587120,0.587460,0.587100,0.587340
1663788540,0.587310,0.587370,0.587060,0.587180
1663788600,0.587160,0.587160,0.586850,0.587110
1663788660,0.587100,0.587270,0.586750,0.586910
1663788720,0.586900,0.586910,0.586610,0.586780
1663788780,0.586840,0.587370,0.586690,0.587350
1663788840,0.587340,0.587650,0.587340,0.587560
1663788900,0.587560,0.587610,0.587350,0.587440
1663788960,0.587450,0.587450,0.587170,0.587250
1663789020,0.587250,0.587250,0.586930,0.586940
1663789080,0.586940,0.587010,0.586770,0.586820
1663789140,0.586800,0.586850,0.586450,0.586570
1663789200,0.586560,0.586690,0.586440,0.586690
1663789260,0.586700,0.587160,0.586640,0.587160
1663789320,0.587150,0.587160,0.586740,0.586740
1663789380,0.586750,0.586860,0.586570,0.586650
1663789440,0.586650,0.586660,0.586180,0.586200
1663789500,0.586210,0.586210,0.585800,0.585890
1663789560,0.585890,0.585940,0.585630,0.585720
1663789620,0.585730,0.585790,0.585420,0.585450
1663789680,0.585410,0.585480,0.585240,0.585240
1663789740,0.585240,0.585490,0.585180,0.585430
1663789800,0.585440,0.585690,0.585430,0.585660
1663789860,0.585650,0.585850,0.585630,0.585810
1663789920,0.585810,0.585850,0.585550,0.585700
1663789980,0.585700,0.585830,0.585680,0.585800
1663790040,0.585780,0.585800,0.585500,0.585660
1663790100,0.585660,0.585660,0.585400,0.585500
1663790160,0.585500,0.585600,0.585430,0.585520
1663790220,0.585530,0.585750,0.585530,0.585740
1663790280,0.585760,0.585880,0.585650,0.585830
1663790340,0.585820,0.585870,0.585760,0.585770
1663790400,0.585760,0.585760,0.585530,0.585610
1663790460,0.585600,0.585690,0.585600,0.585660
1663790520,0.585670,0.585750,0.585590,0.585610
1663790580,0.585580,0.585600,0.585320,0.585320
1663790640,0.585320,0.585330,0.585120,0.585120
1663790700,0.585130,0.585470,0.585090,0.585450
1663790760,0.585470,0.585590,0.585450,0.585560
1663790820,0.585570,0.585670,0.585570,0.585660
1663790880,0.585670,0.585680,0.585650,0.585660
1663790940,0.585650,0.585660,0.585540,0.585550
1663791000,0.585560,0.585570,0.585500,0.585570
1663791060,0.585570,0.585640,0.585550,0.585610
1663791120,0.585600,0.585600,0.585500,0.585540
1663791180,0.585560,0.585600,0.585500,0.585600
1663791240,0.585590,0.585610,0.585500,0.585560
1663791300,0.585560,0.585620,0.585460,0.585460
1663791360,0.585440,0.585460,0.585400,0.585450
1663791420,0.585430,0.585480,0.585430,0.585470
1663791480,0.585470,0.585570,0.585450,0.585460
1663791540,0.585450,0.585460,0.585290,0.585290
1663791600,0.585280,0.585350,0.585240,0.585350
1663791660,0.585340,0.585370,0.585270,0.585270
1663791720,0.585260,0.585280,0.585220,0.585230
1663791780,0.585250,0.585260,0.585150,0.585170
1663791840,0.585170,0.585180,0.585130,0.585140
1663791900,0.585140,0.585140,0.585080,0.585080
1663791960,0.585080,0.585170,0.585050,0.585050
1663792020,0.585040,0.585160,0.585000,0.585150
1663792080,0.585160,0.585250,0.585050,0.585120
1663792140,0.585150,0.585170,0.584990,0.584990
1663792200,0.584990,0.585110,0.584990,0.585110
1663792260,0.585100,0.585100,0.585010,0.585020
1663792320,0.585020,0.585110,0.585010,0.585020
1663792380,0.585000,0.585030,0.585000,0.585020
1663792440,0.585030,0.585040,0.584980,0.585030
1663792500,0.585050,0.585100,0.585020,0.585080
1663792560,0.585100,0.585120,0.585050,0.585060
1663792620,0.585050,0.585080,0.585040,0.585060
1663792680,0.585090,0.585110,0.585090,0.585100
1663792740,0.585100,0.585100,0.585060,0.585060
1663792800,0.585010,0.585020,0.585010,0.585020
1663792860,0.585020,0.585040,0.585000,0.585010
1663792920,0.585010,0.585020,0.584990,0.585000
1663792980,0.585010,0.585010,0.585000,0.585000
1663793040,0.585000,0.585090,0.584940,0.585070
1663793100,0.585080,0.585130,0.585080,0.585100
1663793160,0.585130,0.585140,0.585130,0.585140
1663793220,0.585160,0.585160,0.585150,0.585150
1663793280,0.585140,0.585290,0.585140,0.585290
1663793340,0.585300,0.585300,0.585190,0.585190
1663793400,0.585180,0.585240,0.585140,0.585210
1663793460,0.585190,0.585240,0.585170,0.585210
1663793520,0.585220,0.585240,0.585170,0.585240
1663793580,0.585240,0.585270,0.585130,0.585150
1663793640,0.585140,0.585200,0.585130,0.585140
1663793700,0.585140,0.585190,0.585130,0.585130
1663793760,0.585130,0.585240,0.585090,0.585190
1663793820,0.585200,0.585200,0.585130,0.585150
1663793880,0.585170,0.585170,0.585130,0.585150
1663793940,0.585120,0.585300,0.584790,0.584790
1663794000,0.585060,0.585180,0.585060,0.585180
1663794300,0.585040,0.585140,0.585040,0.585140
1663794360,0.585190,0.585280,0.585110,0.585280
1663794540,0.585300,0.585320,0.585210,0.585210
1663794600,0.585210,0.585280,0.585210,0.585270
1663794660,0.585280,0.585400,0.585270,0.585270
1663794720,0.585280,0.585340,0.585270,0.585270
1663794780,0.585270,0.585350,0.585270,0.585270
1663794840,0.585270,0.585280,0.585270,0.585270
1663794900,0.585270,0.585270,0.585270,0.585270
1663794960,0.585210,0.585270,0.585210,0.585270
1663795020,0.585270,0.585270,0.585110,0.585110
1663795080,0.585090,0.585090,0.585090,0.585090
1663795140,0.585110,0.585200,0.585110,0.585200
1663795260,0.585200,0.585200,0.585110,0.585110
1663795320,0.585110,0.585180,0.585110,0.585180
1663795440,0.585250,0.585540,0.585250,0.585460
1663795500,0.585390,0.585500,0.585200,0.585340
1663795560,0.585320,0.585320,0.585320,0.585320
1663795620,0.585340,0.585350,0.585320,0.585350
1663795680,0.585330,0.585330,0.585260,0.585270
1663795740,0.585230,0.585230,0.585230,0.585230
1663795800,0.585220,0.585220,0.585150,0.585160
1663795920,0.585180,0.585180,0.585180,0.585180
1663795980,0.585150,0.585160,0.585150,0.585160
1663796040,0.585180,0.585180,0.585180,0.585180
1663796220,0.585150,0.585160,0.585150,0.585160
1663796280,0.585150,0.585150,0.585090,0.585110
1663796340,0.585130,0.585170,0.585110,0.585150
1663796400,0.585160,0.585180,0.585120,0.585150
1663796460,0.585160,0.585180,0.585120,0.585170
1663796520,0.585120,0.585170,0.585120,0.585170
1663796580,0.585130,0.585130,0.585130,0.585130
1663796640,0.585090,0.585170,0.585090,0.585160
1663796700,0.585140,0.585180,0.585120,0.585120
1663796760,0.585120,0.585170,0.585120,0.585170
1663796820,0.585170,0.585170,0.585120,0.585120
1663796880,0.585100,0.585100,0.585100,0.585100
1663796940,0.585120,0.585180,0.585120,0.585180
1663797000,0.585120,0.585120,0.585120,0.585120
1663797060,0.585100,0.585100,0.585100,0.585100
1663797120,0.585240,0.585270,0.585230,0.585270
1663797180,0.585260,0.585280,0.585030,0.585140
1663797240,0.585240,0.585240,0.585050,0.585050
1663797300,0.585070,0.585070,0.585050,0.585050
1663797540,0.585070,0.585170,0.585070,0.585150
1663797600,0.585100,0.585260,0.584960,0.585210
1663797660,0.585210,0.585250,0.585120,0.585150
1663797720,0.585150,0.585280,0.585150,0.585280
1663797780,0.585260,0.585260,0.585240,0.585240
1663797840,0.585250,0.585250,0.585130,0.585160
1663797900,0.585140,0.585300,0.585130,0.585270
1663797960,0.585270,0.585270,0.585270,0.585270
1663798020,0.585280,0.585280,0.585220,0.585220
1663798080,0.585230,0.585230,0.585020,0.585020
1663798140,0.585010,0.585010,0.584920,0.584980
1663798200,0.584960,0.584980,0.584950,0.584970
1663798260,0.584960,0.584960,0.584960,0.584960
1663798320,0.584950,0.584970,0.584940,0.584940
1663798380,0.584940,0.584950,0.584810,0.584810
1663798440,0.584810,0.584880,0.584730,0.584870
1663798500,0.584870,0.584990,0.584850,0.584990
1663798560,0.584980,0.584980,0.584840,0.584870
1663798620,0.584860,0.584920,0.584860,0.584920
1663798680,0.584940,0.585010,0.584940,0.585000
1663798740,0.584970,0.584970,0.584880,0.584880
1663798800,0.584880,0.585040,0.584850,0.585040
1663798860,0.585010,0.585180,0.585010,0.585120
1663798920,0.585100,0.585220,0.585100,0.585200
1663798980,0.585190,0.585220,0.585100,0.585220
1663799040,0.585220,0.585230,0.585140,0.585180
1663799100,0.585170,0.585250,0.585160,0.585220
1663799160,0.585250,0.585310,0.585210,0.585250
1663799220,0.585220,0.585250,0.585170,0.585180
1663799280,0.585200,0.585210,0.585170,0.585170
1663799340,0.585170,0.585210,0.585160,0.585180
1663799400,0.585200,0.585210,0.585010,0.585060
1663799460,0.585060,0.585210,0.585040,0.585170
1663799520,0.585150,0.585160,0.585120,0.585130
1663799580,0.585150,0.585190,0.585030,0.585170
1663799640,0.585180,0.585190,0.585030,0.585070
1663799700,0.585050,0.585050,0.584850,0.584850
1663799760,0.584850,0.584850,0.584630,0.584630
1663799820,0.584620,0.584660,0.584570,0.584630
1663799880,0.584650,0.584670,0.584650,0.584650
1663799940,0.584630,0.584710,0.584630,0.584630
1663800000,0.584630,0.584630,0.584580,0.584580
1663800060,0.584590,0.584790,0.584570,0.584780
1663800120,0.584760,0.584800,0.584750,0.584770
1663800180,0.584770,0.584770,0.584570,0.584590
1663800240,0.584580,0.584760,0.584340,0.584500
1663800300,0.584500,0.584500,0.584120,0.584280
1663800360,0.584280,0.584360,0.584220,0.584310
1663800420,0.584290,0.584400,0.584290,0.584320
1663800480,0.584320,0.584320,0.584250,0.584250
1663800540,0.584250,0.584270,0.584200,0.584220
1663800600,0.584220,0.584220,0.584120,0.584120
1663800660,0.584140,0.584220,0.584140,0.584220
1663800720,0.584170,0.584220,0.584130,0.584190
1663800780,0.584190,0.584240,0.584140,0.584200
1663800840,0.584210,0.584270,0.584180,0.584260
1663800900,0.584260,0.584500,0.584260,0.584480
1663800960,0.584470,0.584470,0.584360,0.584440
1663801020,0.584430,0.584430,0.584310,0.584410
1663801080,0.584410,0.584410,0.584360,0.584370
1663801140,0.584380,0.584380,0.584240,0.584240
1663801200,0.584240,0.584260,0.584060,0.584140
1663801260,0.584130,0.584340,0.584110,0.584320
1663801320,0.584310,0.584360,0.584230,0.584240
1663801380,0.584270,0.584290,0.584190,0.584210
1663801440,0.584190,0.584260,0.584190,0.584230
1663801500,0.584220,0.584310,0.584180,0.584300
1663801560,0.584280,0.584320,0.584260,0.584270
1663801620,0.584270,0.584340,0.584170,0.584220
1663801680,0.584210,0.584230,0.584120,0.584170
1663801740,0.584220,0.584260,0.584170,0.584230
1663801800,0.584270,0.584300,0.584220,0.584270
1663801860,0.584280,0.584420,0.584260,0.584330
1663801920,0.584360,0.584370,0.584260,0.584300
1663801980,0.584320,0.584330,0.583780,0.583780
1663802040,0.583770,0.583810,0.583480,0.583540
1663802100,0.583550,0.583690,0.583500,0.583500
1663802160,0.583500,0.583500,0.583270,0.583270
1663802220,0.583270,0.583370,0.583090,0.583130
1663802280,0.583110,0.583490,0.583030,0.583400
1663802340,0.583460,0.583490,0.583350,0.583450
1663802400,0.583440,0.583500,0.583410,0.583440
1663802460,0.583450,0.583490,0.583430,0.583480
1663802520,0.583480,0.583480,0.583320,0.583360
1663802580,0.583380,0.583400,0.583250,0.583280
1663802640,0.583290,0.583420,0.583290,0.583350
1663802700,0.583350,0.583350,0.583200,0.583230
1663802760,0.583220,0.583370,0.583180,0.583310
1663802820,0.583300,0.583320,0.583250,0.583300
1663802880,0.583280,0.583280,0.583130,0.583150
1663802940,0.583160,0.583160,0.583090,0.583100
1663803000,0.583090,0.583110,0.582950,0.582960
1663803060,0.582960,0.582980,0.582810,0.582920
1663803120,0.582910,0.583150,0.582900,0.583120
1663803180,0.583100,0.583130,0.583000,0.583030
1663803240,0.583020,0.583240,0.582960,0.583220
1663803300,0.583200,0.583330,0.583200,0.583310
1663803360,0.583300,0.583380,0.583280,0.583290
1663803420,0.583290,0.583450,0.583290,0.583430
1663803480,0.583430,0.583450,0.583250,0.583310
1663803540,0.583290,0.583300,0.583240,0.583270
1663803600,0.583280,0.583280,0.583240,0.583270
1663803660,0.583280,0.583300,0.583210,0.583230
1663803720,0.583230,0.583290,0.583150,0.583270
1663803780,0.583270,0.583280,0.583230,0.583280
1663803840,0.583290,0.583290,0.583240,0.583240
1663803900,0.583220,0.583220,0.583130,0.583190
1663803960,0.583190,0.583250,0.583180,0.583200
1663804020,0.583210,0.583240,0.583100,0.583100
1663804080,0.583100,0.583100,0.582860,0.582860
1663804140,0.582850,0.582850,0.582690,0.582800
1663804200,0.582810,0.583020,0.582790,0.582860
1663804260,0.582860,0.582950,0.582860,0.582900
1663804320,0.582880,0.582950,0.582840,0.582860
1663804380,0.582850,0.582880,0.582850,0.582850
1663804440,0.582880,0.583010,0.582870,0.583000
1663804500,0.583000,0.583080,0.582920,0.583050
1663804560,0.583070,0.583080,0.583010,0.583060
1663804620,0.583050,0.583050,0.582810,0.582820
1663804680,0.582770,0.582860,0.582750,0.582770
1663804740,0.582770,0.583010,0.582770,0.582910
1663804800,0.582930,0.582990,0.582680,0.582790
1663804860,0.582770,0.582990,0.582730,0.582940
1663804920,0.582950,0.582980,0.582710,0.582740
1663804980,0.582760,0.582870,0.582250,0.582310
1663805040,0.582300,0.582520,0.582270,0.582520
1663805100,0.582520,0.582670,0.582430,0.582650
1663805160,0.582650,0.582770,0.582620,0.582660
1663805220,0.582680,0.582710,0.582450,0.582510
1663805280,0.582510,0.582530,0.582300,0.582320
1663805340,0.582320,0.582440,0.582260,0.582420
1663805400,0.582410,0.582630,0.582410,0.582610
1663805460,0.582610,0.582800,0.582520,0.582800
1663805520,0.582790,0.582880,0.582700,0.582720
1663805580,0.582700,0.582710,0.582540,0.582610
1663805640,0.582610,0.582610,0.582340,0.582340
1663805700,0.582340,0.582400,0.582290,0.582370
1663805760,0.582350,0.582390,0.582190,0.582190
1663805820,0.582190,0.582310,0.581850,0.582030
1663805880,0.582050,0.582120,0.581930,0.581950
1663805940,0.581960,0.582050,0.581860,0.582040
1663806000,0.582080,0.582330,0.582040,0.582290
1663806060,0.582340,0.582500,0.582300,0.582430
1663806120,0.582440,0.582440,0.582290,0.582300
1663806180,0.582370,0.582510,0.582290,0.582360
1663806240,0.582340,0.582540,0.582290,0.582490
1663806300,0.582500,0.582500,0.582340,0.582350
1663806360,0.582350,0.582370,0.582240,0.582250
1663806420,0.582250,0.582280,0.582010,0.582010
1663806480,0.582050,0.582140,0.581940,0.582140
1663806540,0.582140,0.582200,0.582070,0.582200
1663806600,0.582190,0.582300,0.581940,0.582270
1663806660,0.582260,0.582430,0.582260,0.582390
1663806720,0.582390,0.582400,0.582250,0.582280
1663806780,0.582290,0.582340,0.582190,0.582250
1663806840,0.582240,0.582240,0.581810,0.581850
1663806900,0.581810,0.582090,0.581800,0.582070
1663806960,0.582060,0.582220,0.582040,0.582180
1663807020,0.582190,0.582210,0.582040,0.582070
1663807080,0.582070,0.582220,0.582050,0.582070
1663807140,0.582070,0.582250,0.582060,0.582240
1663807200,0.582220,0.582260,0.581940,0.581960
1663807260,0.581970,0.581980,0.581650,0.581670
1663807320,0.581680,0.581680,0.581390,0.581420
1663807380,0.581420,0.581600,0.581320,0.581570
1663807440,0.581570,0.581690,0.581490,0.581680
1663807500,0.581670,0.581860,0.581610,0.581760
1663807560,0.581760,0.581780,0.581640,0.581740
1663807620,0.581750,0.581750,0.581590,0.581640
1663807680,0.581630,0.581810,0.581630,0.581680
1663807740,0.581690,0.581770,0.581620,0.581750
1663807800,0.581730,0.581730,0.581570,0.581570
1663807860,0.581560,0.581580,0.581500,0.581510
1663807920,0.581510,0.581610,0.581430,0.581480
1663807980,0.581490,0.581490,0.581290,0.581300
1663808040,0.581290,0.581500,0.581250,0.581480
1663808100,0.581490,0.581630,0.581310,0.581360
1663808160,0.581350,0.581350,0.581240,0.581260
1663808220,0.581250,0.581450,0.581190,0.581190
1663808280,0.581190,0.581230,0.581130,0.581150
1663808340,0.581160,0.581350,0.581120,0.581150
1663808400,0.581190,0.581500,0.581190,0.581430
1663808460,0.581430,0.581610,0.581370,0.581480
1663808520,0.581480,0.581530,0.581380,0.581490
1663808580,0.581480,0.581650,0.581480,0.581560
1663808640,0.581550,0.581550,0.581420,0.581440
1663808700,0.581420,0.581500,0.581360,0.581470
1663808760,0.581470,0.581610,0.581470,0.581610
1663808820,0.581600,0.581780,0.581570,0.581710
1663808880,0.581700,0.581750,0.581580,0.581620
1663808940,0.581620,0.581630,0.581520,0.581560
1663809000,0.581560,0.581610,0.581280,0.581280
1663809060,0.581280,0.581400,0.581230,0.581320
1663809120,0.581370,0.581560,0.581330,0.581520
1663809180,0.581510,0.581580,0.581250,0.581330
1663809240,0.581320,0.581410,0.581200,0.581350
1663809300,0.581350,0.581400,0.581250,0.581250
1663809360,0.581220,0.581300,0.581170,0.581210
1663809420,0.581200,0.581250,0.581000,0.581180
1663809480,0.581170,0.581170,0.581050,0.581140
1663809540,0.581140,0.581410,0.581140,0.581400
1663809600,0.581390,0.581400,0.581200,0.581230
1663809660,0.581210,0.581210,0.581030,0.581150
1663809720,0.581150,0.581180,0.580980,0.581120
1663809780,0.581100,0.581150,0.581010,0.581030
1663809840,0.581030,0.581200,0.581030,0.581180
1663809900,0.581170,0.581220,0.581120,0.581200
1663809960,0.581210,0.581270,0.581190,0.581250
1663810020,0.581250,0.581600,0.581210,0.581550
1663810080,0.581550,0.581650,0.581510,0.581610
1663810140,0.581610,0.581730,0.581590,0.581720
1663810200,0.581720,0.581860,0.581670,0.581820
1663810260,0.581830,0.581910,0.581730,0.581780
1663810320,0.581800,0.581810,0.581510,0.581530
1663810380,0.581550,0.581610,0.581430,0.581510
1663810440,0.581520,0.581520,0.581390,0.581410
1663810500,0.581410,0.581490,0.581310,0.581430
1663810560,0.581420,0.581620,0.581410,0.581610
1663810620,0.581610,0.581770,0.581610,0.581680
1663810680,0.581690,0.581720,0.581480,0.581510
1663810740,0.581510,0.581610,0.581420,0.581560
1663810800,0.581560,0.581720,0.581490,0.581710
1663810860,0.581700,0.581820,0.581650,0.581760
1663810920,0.581760,0.581850,0.581680,0.581700
1663810980,0.581710,0.581840,0.581710,0.581820
1663811040,0.581810,0.581860,0.581790,0.581860
1663811100,0.581820,0.581860,0.581640,0.581670
1663811160,0.581670,0.581950,0.581640,0.581940
1663811220,0.581940,0.582040,0.581920,0.582020
1663811280,0.582020,0.582120,0.582020,0.582030
1663811340,0.582040,0.582120,0.581990,0.582060
1663811400,0.582060,0.582150,0.582050,0.582060
1663811460,0.582060,0.582290,0.582020,0.582270
1663811520,0.582250,0.582300,0.582200,0.582210
1663811580,0.582190,0.582220,0.582060,0.582080
1663811640,0.582090,0.582130,0.581990,0.582000
1663811700,0.582000,0.582010,0.581890,0.581960
1663811760,0.581960,0.582200,0.581950,0.582160
1663811820,0.582170,0.582170,0.581870,0.581880
1663811880,0.581870,0.582320,0.581860,0.582290
1663811940,0.582300,0.582580,0.582240,0.582570
1663812000,0.582570,0.582580,0.582190,0.582200
1663812060,0.582190,0.582370,0.582170,0.582190
1663812120,0.582170,0.582330,0.582170,0.582330
1663812180,0.582340,0.582350,0.582150,0.582180
1663812240,0.582180,0.582180,0.582050,0.582080
1663812300,0.582080,0.582100,0.582020,0.582020
1663812360,0.582020,0.582050,0.581860,0.581860
1663812420,0.581870,0.581870,0.581660,0.581670
1663812480,0.581660,0.581670,0.581490,0.581500
1663812540,0.581530,0.581620,0.581490,0.581550
1663812600,0.581550,0.581560,0.581300,0.581330
1663812660,0.581330,0.581510,0.581330,0.581480
1663812720,0.581490,0.581640,0.581490,0.581570
1663812780,0.581560,0.581590,0.581330,0.581370
1663812840,0.581340,0.581560,0.581340,0.581550
1663812900,0.581550,0.581640,0.581490,0.581640
1663812960,0.581630,0.581740,0.581630,0.581740
1663813020,0.581750,0.581790,0.581690,0.581690
1663813080,0.581690,0.581810,0.581690,0.581770
1663813140,0.581750,0.581900,0.581740,0.581850
1663813200,0.581840,0.582050,0.581840,0.581980
1663813260,0.581970,0.582030,0.581940,0.581960
1663813320,0.581960,0.582120,0.581920,0.581970
1663813380,0.581970,0.582080,0.581880,0.581900
1663813440,0.581890,0.581930,0.581850,0.581880
1663813500,0.581890,0.581950,0.581800,0.581890
1663813560,0.581900,0.582020,0.581820,0.581820
1663813620,0.581820,0.581830,0.581650,0.581730
1663813680,0.581730,0.581740,0.581640,0.581680
1663813740,0.581670,0.581750,0.581590,0.581690
1663813800,0.581690,0.581850,0.581690,0.581850
1663813860,0.581850,0.581970,0.581830,0.581940
1663813920,0.581930,0.581960,0.581830,0.581910
1663813980,0.581940,0.581950,0.581780,0.581780
1663814040,0.581790,0.581790,0.581640,0.581640
1663814100,0.581640,0.581780,0.581640,0.581760
1663814160,0.581760,0.581880,0.581690,0.581840
1663814220,0.581850,0.581950,0.581840,0.581900
1663814280,0.581890,0.582040,0.581890,0.582010
1663814340,0.581990,0.582140,0.581950,0.582090
1663814400,0.582090,0.582130,0.581950,0.581990
1663814460,0.581980,0.582210,0.581970,0.582180
1663814520,0.582190,0.582200,0.582140,0.582140
1663814580,0.582160,0.582300,0.582140,0.582290
1663814640,0.582300,0.582390,0.582290,0.582370
1663814700,0.582380,0.582500,0.582350,0.582390
1663814760,0.582380,0.582460,0.582320,0.582450
1663814820,0.582450,0.582570,0.582430,0.582560
1663814880,0.582560,0.582570,0.582520,0.582530
1663814940,0.582520,0.582640,0.582430,0.582640
1663815000,0.582640,0.582640,0.582510,0.582530
1663815060,0.582530,0.582550,0.581990,0.582180
1663815120,0.582180,0.582340,0.581920,0.581950
1663815180,0.582000,0.582220,0.581710,0.582120
1663815240,0.582110,0.582120,0.581720,0.581740
1663815300,0.581750,0.581800,0.581590,0.581630
1663815360,0.581620,0.582870,0.581560,0.582710
1663815420,0.582720,0.583260,0.582610,0.582740
1663815480,0.582740,0.583050,0.582550,0.582820
1663815540,0.582820,0.582820,0.582350,0.582430
1663815600,0.582420,0.582810,0.582420,0.582470
1663815660,0.582450,0.582470,0.582270,0.582300
1663815720,0.582310,0.582450,0.582260,0.582260
1663815780,0.582270,0.582270,0.582020,0.582030
1663815840,0.582030,0.582230,0.582020,0.582080
1663815900,0.582080,0.582260,0.582070,0.582220
1663815960,0.582220,0.582230,0.582070,0.582140
1663816020,0.582140,0.582290,0.582070,0.582170
1663816080,0.582170,0.582330,0.582140,0.582270
1663816140,0.582270,0.582430,0.582220,0.582320
1663816200,0.582320,0.582500,0.582220,0.582220
1663816260,0.582220,0.582280,0.582090,0.582210
1663816320,0.582210,0.582240,0.582020,0.582050
1663816380,0.582070,0.582080,0.581980,0.582070
1663816440,0.582080,0.582080,0.581800,0.581850
1663816500,0.581860,0.582030,0.581840,0.581880
1663816560,0.581880,0.581910,0.581800,0.581830
1663816620,0.581800,0.581800,0.581480,0.581600
1663816680,0.581590,0.581590,0.581500,0.581510
1663816740,0.581530,0.581860,0.581530,0.581800
1663816800,0.581790,0.582000,0.581790,0.581940
1663816860,0.581920,0.582040,0.581900,0.581900
1663816920,0.581900,0.581940,0.581810,0.581940
1663816980,0.581940,0.582100,0.581940,0.581980
1663817040,0.581960,0.582000,0.581890,0.581970
1663817100,0.581960,0.581960,0.581740,0.581770
1663817160,0.581770,0.581870,0.581740,0.581780
1663817220,0.581780,0.581820,0.581700,0.581720
1663817280,0.581720,0.581740,0.581660,0.581700
1663817340,0.581690,0.581760,0.581650,0.581720
1663817400,0.581730,0.582230,0.581610,0.582120
1663817460,0.582130,0.582150,0.581820,0.581880
1663817520,0.581860,0.581890,0.581790,0.581890
1663817580,0.581890,0.581920,0.581740,0.581790
1663817640,0.581750,0.581780,0.581720,0.581760
1663817700,0.581750,0.582010,0.581750,0.581980
1663817760,0.581950,0.582040,0.581930,0.582040
1663817820,0.582030,0.582100,0.581930,0.582090
1663817880,0.582080,0.582090,0.581960,0.582040
1663817940,0.582030,0.582070,0.581990,0.582020
1663818000,0.582010,0.582150,0.581980,0.582040
1663818060,0.582030,0.582200,0.582010,0.582170
1663818120,0.582170,0.582300,0.582150,0.582190
1663818180,0.582190,0.582190,0.582120,0.582180
1663818240,0.582180,0.582270,0.582140,0.582240
1663818300,0.582240,0.582250,0.582080,0.582090
1663818360,0.582080,0.582080,0.581950,0.581980
1663818420,0.581980,0.582050,0.581890,0.582030
1663818480,0.582040,0.582110,0.581980,0.581980
1663818540,0.581980,0.582090,0.581980,0.582090
1663818600,0.582090,0.582150,0.582030,0.582040
1663818660,0.582040,0.582100,0.581970,0.582000
1663818720,0.582000,0.582140,0.582000,0.582130
1663818780,0.582130,0.582140,0.582010,0.582080
1663818840,0.582070,0.582150,0.582050,0.582150
1663818900,0.582150,0.582150,0.582040,0.582070
1663818960,0.582070,0.582100,0.582000,0.582000
1663819020,0.582010,0.582020,0.581940,0.581950
1663819080,0.581950,0.581970,0.581840,0.581880
1663819140,0.581870,0.581910,0.581690,0.581690
