time,open,high,low,close
1110344400,1.162900,1.163000,1.162800,1.162800
1110344460,1.162900,1.162900,1.162800,1.162900
1110344580,1.162800,1.162900,1.162800,1.162900
1110344640,1.163000,1.163000,1.162900,1.162900
1110344700,1.163000,1.163000,1.163000,1.163000
1110344820,1.163100,1.163100,1.163000,1.163100
1110344880,1.163000,1.163100,1.163000,1.163000
1110345120,1.163100,1.163100,1.163100,1.163100
1110345360,1.163000,1.163000,1.163000,1.163000
1110345420,1.163100,1.163100,1.163000,1.163000
1110345840,1.162900,1.163000,1.162900,1.162900
1110345900,1.163000,1.163000,1.162900,1.162900
1110345960,1.162800,1.162900,1.162800,1.162900
1110346020,1.163000,1.163000,1.162900,1.163000
1110346080,1.162900,1.162900,1.162900,1.162900
1110346140,1.163000,1.163000,1.162900,1.163000
1110346200,1.162900,1.163000,1.162900,1.163000
1110346260,1.162900,1.162900,1.162900,1.162900
1110346320,1.163000,1.163000,1.162900,1.162900
1110346380,1.163000,1.163000,1.163000,1.163000
1110346500,1.163100,1.163100,1.163000,1.163100
1110346560,1.163000,1.163100,1.163000,1.163100
1110346620,1.163000,1.163000,1.163000,1.163000
1110346860,1.163100,1.163100,1.162900,1.162900
1110346920,1.163000,1.163000,1.162900,1.163000
1110346980,1.162900,1.163000,1.162900,1.162900
1110347040,1.163000,1.163000,1.163000,1.163000
1110347220,1.163100,1.163100,1.163000,1.163100
1110347280,1.163000,1.163200,1.163000,1.163200
1110347340,1.163100,1.163200,1.163100,1.163200
1110347400,1.163300,1.163400,1.163200,1.163400
1110347520,1.163300,1.163400,1.163300,1.163400
1110347580,1.163500,1.163500,1.163400,1.163400
1110347640,1.163300,1.163500,1.163300,1.163300
1110347700,1.163400,1.163400,1.163300,1.163300
1110347760,1.163200,1.163200,1.163200,1.163200
1110347820,1.163300,1.163300,1.163200,1.163200
1110347880,1.163100,1.163100,1.163100,1.163100
1110347940,1.163200,1.163200,1.163100,1.163100
1110348000,1.163000,1.163100,1.163000,1.163100
1110348120,1.163200,1.163200,1.163100,1.163100
1110348420,1.163200,1.163200,1.163200,1.163200
1110348540,1.163300,1.163300,1.163200,1.163200
1110348600,1.163100,1.163100,1.163100,1.163100
1110348660,1.163200,1.163200,1.163200,1.163200
1110348720,1.163300,1.163300,1.163200,1.163200
1110348960,1.163100,1.163100,1.163100,1.163100
1110349020,1.163200,1.163200,1.163200,1.163200
1110349080,1.163100,1.163100,1.162900,1.162900
1110349140,1.163000,1.163100,1.163000,1.163000
1110349200,1.163100,1.163100,1.163000,1.163000
1110349380,1.162900,1.163100,1.162900,1.163000
1110349440,1.162900,1.163000,1.162900,1.162900
1110349500,1.163000,1.163100,1.162800,1.162900
1110349560,1.162800,1.163100,1.162800,1.163000
1110349620,1.162900,1.163000,1.162900,1.163000
1110349680,1.162900,1.163000,1.162900,1.163000
1110349800,1.163100,1.163100,1.163100,1.163100
1110349860,1.163200,1.163200,1.163200,1.163200
1110349920,1.163100,1.163300,1.163100,1.163200
1110349980,1.163300,1.163300,1.163200,1.163300
1110350040,1.163200,1.163200,1.163200,1.163200
1110350100,1.163100,1.163300,1.163100,1.163200
1110350160,1.163100,1.163100,1.163100,1.163100
1110350220,1.163200,1.163200,1.163100,1.163100
1110350280,1.163200,1.163200,1.163100,1.163200
1110350460,1.163300,1.163300,1.163200,1.163200
1110350580,1.163100,1.163100,1.163000,1.163100
1110350640,1.163000,1.163100,1.163000,1.163000
1110350700,1.163100,1.163100,1.163100,1.163100
1110350760,1.163000,1.163100,1.163000,1.163100
1110350820,1.163000,1.163100,1.163000,1.163100
1110350880,1.163200,1.163300,1.163200,1.163300
1110350940,1.163200,1.163400,1.163200,1.163300
1110351000,1.163200,1.163300,1.163200,1.163300
1110351060,1.163200,1.163200,1.163000,1.163000
1110351120,1.162900,1.163000,1.162900,1.163000
1110351240,1.163100,1.163100,1.163000,1.163100
1110351300,1.163000,1.163100,1.163000,1.163100
1110351420,1.163000,1.163000,1.163000,1.163000
1110351480,1.163100,1.163100,1.162900,1.162900
1110351540,1.163000,1.163000,1.162900,1.162900
1110351600,1.162800,1.162900,1.162800,1.162900
1110351660,1.162800,1.162900,1.162800,1.162800
1110351720,1.162900,1.163100,1.162900,1.163100
1110351780,1.163000,1.163000,1.162900,1.162900
1110351900,1.162800,1.162900,1.162800,1.162900
1110352020,1.163000,1.163000,1.162800,1.162900
1110352080,1.162800,1.163000,1.162800,1.162900
1110352140,1.163000,1.163000,1.162900,1.162900
1110352200,1.163000,1.163000,1.162900,1.163000
1110352260,1.162900,1.163100,1.162900,1.163100
1110352320,1.163000,1.163100,1.163000,1.163000
1110352380,1.163100,1.163100,1.162900,1.162900
1110352440,1.162800,1.162900,1.162800,1.162800
1110352500,1.162700,1.162800,1.162700,1.162800
1110352560,1.162900,1.162900,1.162800,1.162900
1110352620,1.162800,1.162900,1.162800,1.162900
1110352680,1.162800,1.162900,1.162800,1.162900
1110352740,1.162800,1.162900,1.162800,1.162900
1110352860,1.162800,1.162900,1.162800,1.162900
1110352980,1.162800,1.162900,1.162800,1.162800
1110353040,1.162900,1.162900,1.162800,1.162900
1110353100,1.163000,1.163200,1.163000,1.163100
1110353160,1.163200,1.163300,1.163200,1.163300
1110353280,1.163400,1.163500,1.163400,1.163400
1110353340,1.163500,1.163500,1.163400,1.163400
1110353400,1.163500,1.163600,1.163400,1.163500
1110353460,1.163600,1.163600,1.163400,1.163500
1110353520,1.163400,1.163400,1.163400,1.163400
1110353580,1.163300,1.163300,1.163200,1.163200
1110353640,1.163100,1.163100,1.163000,1.163100
1110353700,1.163000,1.163000,1.163000,1.163000
1110353760,1.163100,1.163100,1.163000,1.163100
1110353820,1.163200,1.163200,1.163200,1.163200
1110353880,1.163300,1.163300,1.163300,1.163300
1110353940,1.163200,1.163200,1.163100,1.163100
1110354000,1.163000,1.163100,1.162800,1.162800
1110354060,1.162700,1.162900,1.162700,1.162900
1110354120,1.163000,1.163000,1.162900,1.162900
1110354180,1.163000,1.163100,1.162800,1.162800
1110354240,1.162700,1.163000,1.162700,1.162700
1110354300,1.162600,1.162700,1.162500,1.162700
1110354360,1.162600,1.162800,1.162600,1.162600
1110354420,1.162700,1.162700,1.162200,1.162300
1110354480,1.162200,1.162300,1.162200,1.162200
1110354540,1.162300,1.162400,1.162200,1.162300
1110354600,1.162400,1.162400,1.162300,1.162400
1110354660,1.162300,1.162400,1.162200,1.162400
1110354720,1.162300,1.162400,1.162300,1.162400
1110354780,1.162300,1.162400,1.162300,1.162300
1110354840,1.162400,1.162400,1.162300,1.162300
1110354900,1.162400,1.162400,1.162200,1.162300
1110354960,1.162200,1.162200,1.162200,1.162200
1110355020,1.162100,1.162100,1.161600,1.162000
1110355080,1.161900,1.161900,1.161200,1.161200
1110355140,1.161300,1.161300,1.160900,1.161000
1110355200,1.160900,1.161100,1.160900,1.161000
1110355260,1.161100,1.161200,1.161000,1.161100
1110355320,1.161000,1.161200,1.161000,1.161100
1110355380,1.161000,1.161300,1.161000,1.161300
1110355440,1.161400,1.161500,1.161300,1.161400
1110355500,1.161500,1.161500,1.161400,1.161400
1110355560,1.161300,1.161400,1.161200,1.161300
1110355620,1.161200,1.161200,1.161000,1.161000
1110355680,1.161100,1.161100,1.160900,1.161100
1110355740,1.161200,1.161300,1.161000,1.161100
1110355800,1.161200,1.161200,1.160900,1.161000
1110355860,1.161100,1.161200,1.161100,1.161200
1110355920,1.161300,1.161800,1.161200,1.161800
1110355980,1.161900,1.162000,1.161800,1.161900
1110356040,1.161800,1.161900,1.161800,1.161900
1110356100,1.162000,1.162100,1.161900,1.161900
1110356160,1.161800,1.161800,1.161200,1.161200
1110356220,1.161100,1.161100,1.160700,1.160800
1110356280,1.160600,1.160800,1.160200,1.160200
1110356340,1.160300,1.160300,1.160000,1.160100
1110356400,1.160000,1.160000,1.159700,1.159800
1110356460,1.159700,1.160000,1.159500,1.159700
1110356520,1.159600,1.159900,1.159600,1.159800
1110356580,1.159700,1.159800,1.159600,1.159600
1110356640,1.159500,1.159700,1.159500,1.159600
1110356700,1.159700,1.159800,1.159600,1.159600
1110356760,1.159700,1.159800,1.159400,1.159400
1110356820,1.159500,1.159700,1.159400,1.159600
1110356880,1.159700,1.159700,1.159600,1.159700
1110356940,1.159600,1.159600,1.159000,1.159000
1110357000,1.159100,1.159100,1.158900,1.158900
1110357060,1.158800,1.159200,1.158800,1.159200
1110357120,1.159100,1.159200,1.158800,1.159000
1110357180,1.158900,1.159200,1.158900,1.159000
1110357240,1.159100,1.159200,1.159000,1.159200
1110357300,1.159100,1.159200,1.159100,1.159200
1110357360,1.159100,1.159100,1.158900,1.158900
1110357420,1.158800,1.158900,1.158500,1.158900
1110357480,1.159000,1.159200,1.158900,1.159100
1110357540,1.159000,1.159200,1.159000,1.159200
1110357600,1.159100,1.159200,1.159000,1.159200
1110357660,1.159300,1.159400,1.159300,1.159300
1110357720,1.159200,1.159300,1.159100,1.159100
1110357780,1.159000,1.159400,1.159000,1.159400
1110357840,1.159500,1.159600,1.159400,1.159600
1110357900,1.159500,1.160100,1.159500,1.160000
1110357960,1.160100,1.160200,1.159900,1.159900
1110358020,1.160000,1.160000,1.159800,1.159800
1110358080,1.159900,1.160000,1.159800,1.159900
1110358140,1.159800,1.159900,1.159800,1.159900
1110358200,1.160000,1.160000,1.159900,1.160000
1110358260,1.160100,1.160100,1.159900,1.160000
1110358320,1.159900,1.160100,1.159900,1.160100
1110358380,1.160000,1.160000,1.159800,1.160000
1110358440,1.160100,1.160200,1.159900,1.159900
1110358500,1.159800,1.159900,1.159700,1.159700
1110358560,1.159600,1.159700,1.159400,1.159400
1110358620,1.159500,1.159500,1.159400,1.159400
1110358680,1.159500,1.159600,1.159500,1.159600
1110358740,1.159700,1.159700,1.159700,1.159700
1110358800,1.159600,1.159700,1.159500,1.159500
1110358860,1.159400,1.159700,1.159400,1.159600
1110358920,1.159700,1.159700,1.159600,1.159700
1110358980,1.159800,1.159800,1.159700,1.159700
1110359040,1.159600,1.159700,1.159500,1.159500
1110359100,1.159600,1.159600,1.159400,1.159500
1110359160,1.159600,1.159700,1.159400,1.159500
1110359220,1.159400,1.159400,1.159200,1.159300
1110359280,1.159400,1.159400,1.159200,1.159300
1110359340,1.159400,1.159500,1.159200,1.159400
1110359400,1.159300,1.159500,1.159100,1.159200
1110359460,1.159300,1.159300,1.159100,1.159200
1110359520,1.159300,1.159500,1.159100,1.159500
1110359580,1.159600,1.159600,1.159500,1.159600
1110359640,1.159500,1.159600,1.159400,1.159500
1110359700,1.159600,1.159600,1.159400,1.159400
1110359760,1.159300,1.159400,1.159100,1.159100
1110359820,1.159200,1.159300,1.159100,1.159300
1110359880,1.159400,1.159700,1.159400,1.159700
1110360000,1.159800,1.160000,1.159700,1.159900
1110360060,1.159800,1.159900,1.159700,1.159900
1110360120,1.159800,1.159900,1.159700,1.159800
1110360180,1.159700,1.160500,1.159600,1.160400
1110360240,1.160300,1.160300,1.159900,1.160000
1110360300,1.160100,1.160300,1.160100,1.160200
1110360360,1.160300,1.160300,1.160200,1.160200
1110360420,1.160100,1.160200,1.160000,1.160200
1110360480,1.160100,1.160200,1.160000,1.160200
1110360540,1.160300,1.160300,1.160100,1.160300
1110360600,1.160400,1.160800,1.160400,1.160800
1110360660,1.160700,1.160800,1.160400,1.160400
1110360720,1.160300,1.160400,1.160200,1.160200
1110360780,1.160100,1.160200,1.159900,1.160000
1110360840,1.159900,1.160100,1.159800,1.159800
1110360900,1.159900,1.160200,1.159800,1.160000
1110360960,1.160100,1.160100,1.160000,1.160000
1110361020,1.160100,1.160300,1.160000,1.160300
1110361080,1.160400,1.160500,1.160400,1.160500
1110361140,1.160400,1.160500,1.160400,1.160400
1110361200,1.160500,1.160500,1.160400,1.160500
1110361260,1.160600,1.160800,1.160500,1.160800
1110361320,1.160700,1.160800,1.160700,1.160800
1110361380,1.160900,1.161400,1.160900,1.161200
1110361440,1.161300,1.161400,1.161200,1.161200
1110361500,1.161100,1.161100,1.160800,1.160900
1110361560,1.160800,1.160900,1.160700,1.160700
1110361620,1.160800,1.160900,1.160600,1.160900
1110361680,1.160800,1.160900,1.160600,1.160700
1110361740,1.160600,1.160900,1.160600,1.160800
1110361800,1.160700,1.160700,1.160600,1.160600
1110361860,1.160700,1.160700,1.160600,1.160700
1110361920,1.160600,1.160800,1.160600,1.160700
1110361980,1.160600,1.160700,1.160600,1.160600
1110362040,1.160700,1.160700,1.160500,1.160500
1110362100,1.160400,1.160800,1.160400,1.160700
1110362160,1.160600,1.160700,1.160500,1.160500
1110362220,1.160600,1.160600,1.160300,1.160300
1110362280,1.160400,1.160500,1.160300,1.160500
1110362340,1.160600,1.160700,1.160500,1.160700
1110362400,1.160800,1.161100,1.160800,1.161100
1110362460,1.161000,1.161000,1.160800,1.160800
1110362520,1.160900,1.161000,1.160900,1.160900
1110362580,1.160800,1.160800,1.160600,1.160600
1110362640,1.160700,1.160700,1.160600,1.160600
1110362700,1.160700,1.160900,1.160600,1.160900
1110362760,1.160800,1.160800,1.160700,1.160700
1110362820,1.160600,1.160800,1.160600,1.160700
1110362880,1.160800,1.161000,1.160700,1.160900
1110362940,1.161000,1.161100,1.160900,1.160900
1110363000,1.160800,1.161100,1.160700,1.161000
1110363060,1.161100,1.161200,1.161100,1.161100
1110363120,1.161200,1.161400,1.161100,1.161400
1110363180,1.161300,1.161300,1.161000,1.161100
1110363240,1.161000,1.161100,1.161000,1.161000
1110363300,1.161100,1.161400,1.161000,1.161400
1110363360,1.161300,1.161600,1.161300,1.161600
1110363420,1.161700,1.161800,1.161500,1.161600
1110363480,1.161700,1.161700,1.161300,1.161400
1110363540,1.161500,1.161500,1.161400,1.161400
1110363600,1.161500,1.161600,1.161400,1.161600
1110363660,1.161500,1.161600,1.161300,1.161300
1110363720,1.161400,1.161400,1.160900,1.161000
1110363780,1.160900,1.161000,1.160800,1.160800
1110363840,1.160900,1.160900,1.160700,1.160800
1110363900,1.160700,1.161100,1.160700,1.161100
1110363960,1.161000,1.161100,1.160900,1.160900
1110364020,1.161000,1.161000,1.160800,1.160800
1110364080,1.160900,1.160900,1.160700,1.160800
1110364140,1.160900,1.160900,1.160800,1.160900
1110364200,1.161000,1.161200,1.161000,1.161100
1110364260,1.161000,1.161200,1.161000,1.161100
1110364320,1.161200,1.161200,1.160900,1.160900
1110364380,1.161000,1.161100,1.160900,1.161000
1110364440,1.161100,1.161100,1.160900,1.161000
1110364500,1.161100,1.161100,1.160900,1.160900
1110364560,1.161000,1.161000,1.160900,1.161000
1110364620,1.161100,1.161100,1.161000,1.161000
1110364680,1.161100,1.161100,1.161000,1.161100
1110364740,1.161000,1.161200,1.161000,1.161100
1110364800,1.161200,1.161300,1.161100,1.161200
1110364860,1.161300,1.161300,1.161100,1.161100
1110364920,1.161000,1.161100,1.161000,1.161100
1110364980,1.161200,1.161200,1.160900,1.161000
1110365040,1.160900,1.161000,1.160900,1.161000
1110365100,1.161100,1.161100,1.161000,1.161100
1110365160,1.161200,1.161200,1.161000,1.161000
1110365220,1.160900,1.161200,1.160900,1.161200
1110365280,1.161100,1.161200,1.161100,1.161100
1110365340,1.161000,1.161100,1.160900,1.161100
1110365400,1.161000,1.161000,1.161000,1.161000
1110365460,1.160900,1.160900,1.160900,1.160900
1110365520,1.160800,1.160900,1.160600,1.160800
1110365580,1.160700,1.161000,1.160700,1.160900
1110365640,1.161000,1.161000,1.160500,1.160600
1110365700,1.160700,1.160800,1.160500,1.160600
1110365760,1.160500,1.160700,1.160500,1.160700
1110365820,1.160600,1.160800,1.160600,1.160800
1110365880,1.160700,1.160700,1.160600,1.160700
1110365940,1.160800,1.160800,1.160500,1.160700
1110366000,1.160600,1.160800,1.160500,1.160800
1110366060,1.160900,1.161200,1.160900,1.161000
1110366120,1.161100,1.161100,1.161000,1.161100
1110366180,1.161200,1.161200,1.161000,1.161100
1110366240,1.161200,1.161200,1.161100,1.161200
1110366300,1.161300,1.161300,1.161200,1.161200
1110366360,1.161100,1.161300,1.160900,1.161000
1110366420,1.160900,1.161100,1.160900,1.161000
1110366480,1.160900,1.161000,1.160800,1.161000
1110366540,1.161100,1.161300,1.161100,1.161300
1110366600,1.161400,1.161400,1.161200,1.161200
1110366660,1.161100,1.161300,1.161100,1.161200
1110366720,1.161300,1.161300,1.161200,1.161300
1110366780,1.161200,1.161300,1.161100,1.161100
1110366840,1.161200,1.161300,1.161200,1.161300
1110366900,1.161200,1.161300,1.161200,1.161300
1110366960,1.161200,1.161300,1.161200,1.161200
1110367020,1.161300,1.161300,1.161300,1.161300
1110367080,1.161200,1.161200,1.160900,1.161000
1110367140,1.161100,1.161100,1.160900,1.161000
1110367200,1.160900,1.160900,1.160700,1.160800
1110367260,1.160700,1.160900,1.160600,1.160900
1110367320,1.160800,1.160900,1.160700,1.160800
1110367380,1.160900,1.161000,1.160900,1.160900
1110367440,1.161000,1.161100,1.160800,1.160800
1110367500,1.160900,1.160900,1.160500,1.160500
1110367560,1.160600,1.160800,1.160500,1.160500
1110367620,1.160400,1.160600,1.160400,1.160500
1110367680,1.160600,1.160600,1.160400,1.160600
1110367740,1.160500,1.160600,1.160400,1.160500
1110367800,1.160600,1.160600,1.160500,1.160600
1110367860,1.160500,1.160600,1.160400,1.160400
1110367920,1.160500,1.160600,1.160300,1.160500
1110367980,1.160400,1.160600,1.160100,1.160200
1110368040,1.160300,1.160300,1.159800,1.160000
1110368100,1.160100,1.160200,1.160000,1.160100
1110368160,1.160000,1.160200,1.160000,1.160000
1110368220,1.160100,1.160200,1.160000,1.160200
1110368280,1.160300,1.160400,1.160200,1.160200
1110368340,1.160300,1.160400,1.160200,1.160200
1110368400,1.160100,1.160100,1.159900,1.160000
1110368460,1.159900,1.160000,1.159800,1.159900
1110368520,1.159800,1.159900,1.159800,1.159900
1110368580,1.159800,1.159900,1.159700,1.159700
1110368640,1.159800,1.159800,1.159700,1.159800
1110368700,1.159900,1.159900,1.159800,1.159900
1110368760,1.160000,1.160000,1.159800,1.159900
1110368820,1.160000,1.160200,1.159800,1.160100
1110368880,1.160200,1.160200,1.160000,1.160100
1110368940,1.160000,1.160100,1.160000,1.160000
1110369000,1.159900,1.159900,1.159800,1.159900
1110369060,1.160000,1.160000,1.160000,1.160000
1110369120,1.159900,1.160000,1.159900,1.160000
1110369180,1.159900,1.160000,1.159900,1.159900
1110369240,1.160000,1.160100,1.160000,1.160000
1110369300,1.159900,1.160000,1.159900,1.159900
1110369360,1.160000,1.160000,1.159800,1.159900
1110369420,1.159800,1.159800,1.159600,1.159600
1110369480,1.159700,1.159700,1.159400,1.159400
1110369540,1.159300,1.159300,1.158900,1.159200
1110369600,1.159300,1.159500,1.159200,1.159300
1110369660,1.159200,1.159400,1.159200,1.159400
1110369720,1.159300,1.159400,1.159100,1.159100
1110369780,1.159000,1.159200,1.158900,1.159200
1110369840,1.159300,1.159500,1.159100,1.159200
1110369900,1.159300,1.159600,1.159200,1.159600
1110369960,1.159700,1.160300,1.159700,1.160300
1110370020,1.160400,1.160400,1.160200,1.160300
1110370080,1.160400,1.160700,1.160400,1.160600
1110370140,1.160500,1.160800,1.160500,1.160800
1110370200,1.160700,1.160800,1.160700,1.160800
1110370260,1.160700,1.161100,1.160700,1.161100
1110370320,1.161000,1.161500,1.161000,1.161400
1110370380,1.161500,1.161800,1.161500,1.161700
1110370440,1.161600,1.161700,1.161600,1.161600
1110370500,1.161500,1.161600,1.161400,1.161600
1110370560,1.161700,1.161800,1.161600,1.161700
1110370620,1.161800,1.161900,1.161700,1.161900
1110370680,1.161800,1.161900,1.161800,1.161900
1110370740,1.162000,1.162000,1.161800,1.161800
1110370800,1.161900,1.161900,1.161600,1.161600
1110370860,1.161500,1.161500,1.161100,1.161200
1110370920,1.161100,1.161300,1.161100,1.161300
1110370980,1.161400,1.161400,1.161200,1.161300
1110371040,1.161400,1.161400,1.161300,1.161300
1110371100,1.161200,1.161200,1.161000,1.161000
1110371160,1.161100,1.161800,1.161100,1.161800
1110371220,1.161900,1.162200,1.161800,1.162200
1110371280,1.162100,1.162200,1.162100,1.162200
1110371340,1.162300,1.162700,1.162200,1.162600
1110371400,1.162700,1.162900,1.162500,1.162800
1110371460,1.162900,1.162900,1.162700,1.162900
1110371520,1.162800,1.162900,1.162700,1.162900
1110371580,1.163000,1.163200,1.162900,1.163000
1110371640,1.162900,1.163000,1.162600,1.162600
1110371700,1.162700,1.163000,1.162700,1.163000
1110371760,1.163100,1.163500,1.163000,1.163400
1110371820,1.163300,1.163400,1.163200,1.163200
1110371880,1.163100,1.163200,1.163100,1.163100
1110371940,1.163200,1.163400,1.163100,1.163400
1110372000,1.163500,1.163700,1.163500,1.163600
1110372060,1.163500,1.163600,1.163400,1.163500
1110372120,1.163400,1.163400,1.163300,1.163300
1110372180,1.163400,1.163500,1.163300,1.163400
1110372240,1.163300,1.163400,1.163100,1.163100
1110372300,1.163000,1.163200,1.162900,1.162900
1110372360,1.163000,1.163300,1.162900,1.163200
1110372420,1.163300,1.163500,1.163200,1.163300
1110372480,1.163400,1.163400,1.162900,1.162900
1110372540,1.162800,1.162900,1.162600,1.162800
1110372600,1.162900,1.163000,1.162900,1.163000
1110372660,1.162900,1.163000,1.162900,1.163000
1110372720,1.163100,1.163200,1.163000,1.163000
1110372780,1.162900,1.163200,1.162900,1.163200
1110372840,1.163100,1.163400,1.162900,1.163400
1110372900,1.163300,1.163300,1.163100,1.163200
1110372960,1.163100,1.163200,1.163000,1.163000
1110373020,1.162900,1.163100,1.162900,1.163000
1110373080,1.163100,1.163100,1.163000,1.163000
1110373140,1.163100,1.163400,1.163000,1.163400
1110373200,1.163300,1.163600,1.163200,1.163200
1110373260,1.163100,1.163400,1.163100,1.163400
1110373320,1.163500,1.163700,1.163400,1.163600
1110373380,1.163700,1.163700,1.163500,1.163700
1110373440,1.163800,1.163800,1.163400,1.163400
1110373500,1.163500,1.163500,1.163200,1.163300
1110373560,1.163200,1.163600,1.163200,1.163600
1110373620,1.163500,1.163800,1.163500,1.163600
1110373680,1.163500,1.163900,1.163500,1.163500
1110373740,1.163400,1.163800,1.163300,1.163800
1110373800,1.163700,1.164100,1.163700,1.164000
1110373860,1.164100,1.164400,1.164000,1.164400
1110373920,1.164300,1.164500,1.164300,1.164400
1110373980,1.164500,1.164500,1.164100,1.164400
1110374040,1.164300,1.164400,1.164200,1.164400
1110374100,1.164500,1.164600,1.164300,1.164500
1110374160,1.164600,1.164700,1.164300,1.164400
1110374220,1.164500,1.164600,1.164400,1.164500
1110374280,1.164600,1.164600,1.164300,1.164400
1110374340,1.164500,1.164600,1.164100,1.164100
1110374400,1.164000,1.164200,1.163700,1.163800
1110374460,1.163900,1.164000,1.163400,1.163500
1110374520,1.163400,1.163600,1.163400,1.163500
1110374580,1.163600,1.163700,1.163500,1.163500
1110374640,1.163400,1.163500,1.163300,1.163500
1110374700,1.163600,1.163600,1.163400,1.163600
1110374760,1.163500,1.163500,1.163400,1.163500
1110374820,1.163400,1.163400,1.163300,1.163400
1110374880,1.163300,1.163300,1.162900,1.162900
1110374940,1.163000,1.163100,1.163000,1.163100
1110375000,1.163000,1.163100,1.163000,1.163000
1110375060,1.163100,1.163300,1.163100,1.163300
1110375120,1.163200,1.163300,1.163200,1.163300
1110375180,1.163200,1.163400,1.163100,1.163400
1110375240,1.163300,1.163400,1.163300,1.163300
1110375300,1.163200,1.163200,1.162900,1.163000
1110375360,1.162900,1.163100,1.162900,1.163000
1110375420,1.163100,1.163100,1.163100,1.163100
1110375480,1.163200,1.163200,1.163100,1.163100
1110375540,1.163000,1.163000,1.162900,1.162900
1110375600,1.163000,1.163100,1.162900,1.163100
1110375660,1.163200,1.163400,1.163100,1.163300
1110375720,1.163400,1.163500,1.163300,1.163500
1110375780,1.163400,1.163700,1.163400,1.163500
1110375840,1.163600,1.163700,1.163500,1.163500
1110375900,1.163600,1.163600,1.163400,1.163600
1110375960,1.163500,1.163700,1.163500,1.163700
1110376020,1.163600,1.163600,1.163400,1.163600
1110376080,1.163500,1.163500,1.163200,1.163300
1110376140,1.163400,1.163500,1.163300,1.163300
1110376200,1.163400,1.163400,1.163200,1.163200
1110376260,1.163100,1.163100,1.162800,1.162800
1110376320,1.162900,1.162900,1.162500,1.162500
1110376380,1.162600,1.163000,1.162500,1.163000
1110376440,1.162900,1.162900,1.162900,1.162900
1110376500,1.162800,1.162900,1.162800,1.162800
1110376560,1.162700,1.162800,1.162700,1.162700
1110376620,1.162800,1.162900,1.162800,1.162800
1110376680,1.162700,1.162800,1.162700,1.162700
1110376740,1.162800,1.163100,1.162700,1.163100
1110376800,1.163200,1.163300,1.163200,1.163200
1110376860,1.163300,1.163300,1.163100,1.163300
1110376920,1.163200,1.163600,1.163200,1.163600
1110376980,1.163500,1.163800,1.163500,1.163800
1110377040,1.163700,1.163900,1.163700,1.163800
1110377100,1.163700,1.163900,1.163700,1.163700
1110377160,1.163800,1.163900,1.163700,1.163900
1110377220,1.164000,1.164100,1.163900,1.164100
1110377280,1.164200,1.164900,1.164200,1.164800
1110377340,1.164900,1.165100,1.164800,1.164900
1110377400,1.164800,1.165000,1.164700,1.164700
1110377460,1.164600,1.164800,1.164500,1.164800
1110377520,1.164900,1.164900,1.164400,1.164500
1110377580,1.164400,1.164500,1.164300,1.164400
1110377640,1.164300,1.164300,1.164100,1.164200
1110377700,1.164300,1.164300,1.163800,1.163800
1110377760,1.163900,1.164000,1.163500,1.163500
1110377820,1.163600,1.163600,1.163500,1.163600
1110377880,1.163500,1.163600,1.163400,1.163500
1110377940,1.163600,1.163700,1.163400,1.163500
1110378000,1.163600,1.163700,1.163500,1.163600
1110378060,1.163500,1.163500,1.163400,1.163400
1110378120,1.163500,1.163500,1.163300,1.163500
1110378180,1.163600,1.163600,1.163500,1.163600
1110378240,1.163700,1.163700,1.163500,1.163500
1110378300,1.163600,1.163700,1.163500,1.163700
1110378360,1.163600,1.163700,1.163500,1.163600
1110378420,1.163500,1.163800,1.163500,1.163800
1110378480,1.163700,1.164000,1.163700,1.163900
1110378540,1.164000,1.164100,1.163900,1.164000
1110378600,1.164100,1.164200,1.164000,1.164100
1110378660,1.164000,1.164100,1.163800,1.163900
1110378720,1.163800,1.164000,1.163700,1.163900
1110378780,1.163800,1.163900,1.163800,1.163800
1110378840,1.163900,1.164000,1.163800,1.163900
1110378900,1.163800,1.163900,1.163600,1.163600
1110378960,1.163700,1.164200,1.163700,1.164100
1110379020,1.164200,1.164200,1.163700,1.163700
1110379080,1.163600,1.163700,1.163200,1.163200
1110379140,1.163100,1.163300,1.163100,1.163300
1110379200,1.163400,1.163400,1.163000,1.163200
1110379260,1.163100,1.163200,1.163000,1.163000
1110379320,1.163100,1.163100,1.162900,1.163100
1110379380,1.163200,1.163200,1.162900,1.162900
1110379440,1.163000,1.163000,1.162900,1.163000
1110379500,1.162900,1.162900,1.162500,1.162600
1110379560,1.162500,1.162600,1.162400,1.162400
1110379620,1.162500,1.162500,1.162100,1.162100
1110379680,1.162200,1.162500,1.162200,1.162500
1110379740,1.162400,1.162500,1.162300,1.162300
1110379800,1.162400,1.162400,1.162300,1.162400
1110379860,1.162500,1.162900,1.162500,1.162800
1110379920,1.162700,1.162800,1.162700,1.162800
1110379980,1.162700,1.162800,1.162600,1.162700
1110380040,1.162600,1.163000,1.162600,1.163000
1110380100,1.163100,1.163100,1.163000,1.163100
1110380160,1.163000,1.163100,1.162900,1.162900
1110380220,1.162800,1.162900,1.162600,1.162800
1110380280,1.162900,1.163100,1.162900,1.163100
1110380340,1.163000,1.163200,1.163000,1.163200
1110380400,1.163100,1.163500,1.163100,1.163400
1110380460,1.163300,1.163300,1.163200,1.163200
1110380520,1.163300,1.163500,1.163100,1.163400
1110380580,1.163300,1.163400,1.163200,1.163300
1110380640,1.163200,1.163200,1.162600,1.162800
1110380700,1.162700,1.162700,1.162300,1.162300
1110380760,1.162400,1.162600,1.162200,1.162500
1110380820,1.162400,1.162700,1.162400,1.162600
1110380880,1.162700,1.162700,1.162400,1.162500
1110380940,1.162600,1.162600,1.162100,1.162100
1110381000,1.162200,1.162400,1.162200,1.162400
1110381060,1.162300,1.162300,1.162000,1.162000
1110381120,1.162100,1.162100,1.161800,1.162000
1110381180,1.162100,1.162200,1.162000,1.162200
1110381240,1.162300,1.162400,1.162200,1.162200
1110381300,1.162100,1.162200,1.162000,1.162100
1110381360,1.162000,1.162200,1.161900,1.162100
1110381420,1.162200,1.162300,1.162100,1.162300
1110381480,1.162200,1.162200,1.162100,1.162100
1110381540,1.162000,1.162200,1.162000,1.162100
1110381600,1.162000,1.162100,1.162000,1.162100
1110381660,1.162000,1.162100,1.161900,1.162100
1110381720,1.162000,1.162300,1.162000,1.162300
1110381780,1.162400,1.162500,1.162400,1.162400
1110381840,1.162300,1.162900,1.162300,1.162800
1110381900,1.162900,1.163000,1.162800,1.162900
1110381960,1.163000,1.163000,1.162800,1.162900
1110382020,1.163000,1.163000,1.162800,1.162900
1110382080,1.162800,1.163300,1.162800,1.163300
1110382140,1.163200,1.164000,1.163200,1.163900
1110382200,1.164000,1.164300,1.163700,1.163700
1110382260,1.163800,1.163800,1.163400,1.163400
1110382320,1.163500,1.163500,1.163300,1.163300
1110382380,1.163400,1.163500,1.163300,1.163300
1110382440,1.163200,1.163300,1.162700,1.162700
1110382500,1.162600,1.162700,1.162500,1.162700
1110382560,1.162600,1.162900,1.162600,1.162800
1110382620,1.162900,1.162900,1.162700,1.162700
1110382680,1.162800,1.162900,1.162800,1.162800
1110382740,1.162900,1.163000,1.162900,1.162900
1110382800,1.163000,1.163000,1.162900,1.162900
1110382860,1.162800,1.162900,1.162500,1.162500
1110382920,1.162400,1.162400,1.161800,1.162100
1110382980,1.162000,1.162200,1.162000,1.162200
1110383040,1.162300,1.162400,1.162200,1.162400
1110383100,1.162500,1.162600,1.162400,1.162400
1110383160,1.162300,1.162300,1.162200,1.162200
1110383220,1.162300,1.162300,1.162200,1.162300
1110383280,1.162400,1.162600,1.162400,1.162500
1110383340,1.162600,1.162600,1.162400,1.162400
1110383400,1.162500,1.162600,1.162400,1.162500
1110383460,1.162400,1.162600,1.162300,1.162600
1110383520,1.162500,1.162800,1.162500,1.162800
1110383580,1.162700,1.162900,1.162600,1.162700
1110383640,1.162600,1.162900,1.162600,1.162900
1110383700,1.163000,1.163200,1.162900,1.163100
1110383760,1.163000,1.163100,1.162900,1.163100
1110383820,1.163000,1.163000,1.162800,1.162900
1110383880,1.162800,1.162900,1.162500,1.162700
1110383940,1.162800,1.162900,1.162700,1.162900
1110384000,1.162800,1.163000,1.162800,1.162900
1110384060,1.162800,1.162900,1.162700,1.162700
1110384120,1.162600,1.162700,1.162600,1.162700
1110384180,1.162800,1.163000,1.162400,1.162400
1110384240,1.162300,1.162400,1.162000,1.162100
1110384300,1.162200,1.162400,1.162100,1.162400
1110384360,1.162500,1.162500,1.162400,1.162500
1110384420,1.162400,1.162600,1.162400,1.162400
1110384480,1.162500,1.162800,1.162500,1.162600
1110384540,1.162500,1.163000,1.162500,1.162900
1110384600,1.163000,1.163000,1.162800,1.162800
1110384660,1.162900,1.162900,1.162800,1.162900
1110384720,1.162800,1.162800,1.162600,1.162600
1110384780,1.162700,1.162700,1.162500,1.162600
1110384840,1.162700,1.162800,1.162600,1.162600
1110384900,1.162700,1.162900,1.162600,1.162900
1110384960,1.163000,1.163000,1.162900,1.162900
1110385020,1.163000,1.163000,1.162800,1.162800
1110385080,1.162900,1.163100,1.162900,1.163000
1110385140,1.163100,1.163100,1.162800,1.162900
1110385200,1.162800,1.162900,1.162600,1.162600
1110385260,1.162500,1.162500,1.162500,1.162500
1110385320,1.162400,1.162500,1.162300,1.162300
1110385380,1.162400,1.162400,1.162300,1.162400
1110385440,1.162500,1.162600,1.162400,1.162500
1110385500,1.162400,1.162500,1.162400,1.162500
1110385560,1.162600,1.162700,1.162500,1.162700
1110385620,1.162800,1.162800,1.162600,1.162700
1110385680,1.162600,1.162700,1.162600,1.162600
1110385800,1.162500,1.162700,1.162500,1.162500
1110385860,1.162600,1.162700,1.162500,1.162500
1110385920,1.162400,1.162500,1.162300,1.162400
1110385980,1.162300,1.162600,1.162300,1.162500
1110386040,1.162400,1.162400,1.162200,1.162200
1110386100,1.162300,1.162300,1.162200,1.162300
1110386160,1.162200,1.162200,1.162100,1.162100
1110386220,1.162200,1.162300,1.162100,1.162300
1110386280,1.162200,1.162300,1.162200,1.162300
1110386340,1.162200,1.162300,1.162100,1.162300
1110386400,1.162200,1.162300,1.161800,1.162000
1110386460,1.161900,1.162000,1.161700,1.161700
1110386520,1.161800,1.161800,1.161700,1.161700
1110386580,1.161600,1.161800,1.161400,1.161500
1110386640,1.161600,1.161600,1.161100,1.161300
1110386700,1.161400,1.161400,1.161000,1.161200
1110386760,1.161300,1.161300,1.160900,1.161000
1110386820,1.161100,1.161300,1.161000,1.161300
1110386880,1.161200,1.161500,1.161200,1.161300
1110386940,1.161200,1.161300,1.161100,1.161100
1110387000,1.161000,1.161000,1.160600,1.160700
1110387060,1.160800,1.161000,1.160600,1.160700
1110387120,1.160800,1.161000,1.160700,1.161000
1110387180,1.160900,1.161100,1.160900,1.161100
1110387240,1.161000,1.161100,1.160900,1.161100
1110387300,1.161200,1.161200,1.161100,1.161200
1110387360,1.161100,1.161400,1.161100,1.161400
1110387420,1.161300,1.161600,1.161200,1.161400
1110387480,1.161500,1.161500,1.161200,1.161300
1110387540,1.161400,1.161400,1.161100,1.161200
1110387600,1.161100,1.161200,1.161000,1.161000
1110387660,1.161100,1.161200,1.161000,1.161200
1110387720,1.161300,1.161300,1.161000,1.161100
1110387780,1.161000,1.161100,1.160900,1.161100
1110387840,1.161200,1.161200,1.161100,1.161200
1110387900,1.161100,1.161200,1.161100,1.161100
1110387960,1.161200,1.161200,1.161000,1.161200
1110388020,1.161100,1.161300,1.161100,1.161300
1110388080,1.161400,1.161400,1.161300,1.161300
1110388140,1.161200,1.161300,1.161200,1.161200
1110388200,1.161300,1.161400,1.161300,1.161400
1110388260,1.161500,1.161600,1.161300,1.161400
1110388320,1.161500,1.161600,1.161400,1.161500
1110388380,1.161600,1.161600,1.161400,1.161600
1110388440,1.161500,1.161700,1.161500,1.161700
1110388500,1.161600,1.161600,1.161400,1.161400
1110388560,1.161300,1.161400,1.161200,1.161200
1110388620,1.161300,1.161300,1.161100,1.161200
1110388680,1.161100,1.161100,1.160900,1.161000
1110388740,1.161100,1.161100,1.161000,1.161000
1110388800,1.161100,1.161100,1.160700,1.160700
1110388860,1.160600,1.160700,1.160600,1.160600
1110388920,1.160700,1.160800,1.160700,1.160700
1110388980,1.160800,1.160800,1.160800,1.160800
1110389040,1.160700,1.160800,1.160600,1.160700
1110389100,1.160800,1.160800,1.160700,1.160700
1110389160,1.160600,1.160700,1.160600,1.160600
1110389220,1.160500,1.160600,1.160400,1.160400
1110389280,1.160500,1.160500,1.160400,1.160500
1110389340,1.160600,1.160600,1.160600,1.160600
1110389400,1.160500,1.160500,1.160300,1.160400
1110389460,1.160300,1.160500,1.160300,1.160500
1110389520,1.160400,1.160400,1.160400,1.160400
1110389580,1.160500,1.160500,1.160200,1.160200
1110389640,1.160300,1.160300,1.160200,1.160300
1110389700,1.160200,1.160300,1.159900,1.160000
1110389760,1.160100,1.160300,1.160000,1.160200
1110389820,1.160100,1.160200,1.159800,1.159900
1110389880,1.159800,1.160000,1.159800,1.159900
1110389940,1.160000,1.160000,1.159900,1.159900
1110390000,1.159800,1.159900,1.159200,1.159400
1110390060,1.159300,1.160100,1.158900,1.160100
1110390120,1.160200,1.160200,1.159600,1.159600
1110390180,1.159700,1.159900,1.159500,1.159600
1110390240,1.159500,1.159600,1.158700,1.159100
1110390300,1.159000,1.159200,1.156900,1.156900
1110390360,1.157000,1.157400,1.156500,1.156800
1110390420,1.156900,1.157000,1.156600,1.156800
1110390480,1.156900,1.156900,1.156500,1.156500
1110390540,1.156600,1.157100,1.156400,1.157000
1110390600,1.157100,1.157100,1.156900,1.157100
1110390660,1.157200,1.157800,1.157100,1.157800
1110390720,1.157700,1.157900,1.157500,1.157600
1110390780,1.157700,1.158100,1.157700,1.158000
1110390840,1.157900,1.158200,1.157900,1.158100
1110390900,1.158000,1.158200,1.157800,1.158000
1110390960,1.157900,1.158500,1.157800,1.158300
1110391020,1.158200,1.158200,1.157900,1.157900
1110391080,1.157800,1.157900,1.157600,1.157800
1110391140,1.157700,1.157800,1.157700,1.157800
1110391200,1.157900,1.158100,1.157900,1.158100
1110391260,1.158000,1.158000,1.157800,1.157900
1110391320,1.158000,1.158200,1.157800,1.157900
1110391380,1.158000,1.158100,1.157900,1.158000
1110391440,1.158100,1.158100,1.157900,1.157900
1110391500,1.157800,1.157800,1.157700,1.157800
1110391560,1.157700,1.158000,1.157400,1.157400
1110391620,1.157500,1.157600,1.157500,1.157500
1110391680,1.157400,1.157500,1.157400,1.157500
1110391740,1.157400,1.157600,1.157400,1.157600
1110391800,1.157700,1.157800,1.157600,1.157600
1110391860,1.157700,1.157700,1.157500,1.157500
1110391920,1.157400,1.157500,1.157300,1.157400
1110391980,1.157300,1.157300,1.157100,1.157200
1110392040,1.157300,1.157600,1.157300,1.157600
1110392100,1.157500,1.157600,1.157000,1.157100
1110392160,1.157200,1.157400,1.157200,1.157400
1110392220,1.157500,1.157500,1.157400,1.157400
1110392280,1.157300,1.157500,1.157000,1.157200
1110392340,1.157300,1.157300,1.157200,1.157200
1110392400,1.157100,1.157200,1.157100,1.157200
1110392460,1.157300,1.157300,1.156900,1.157100
1110392520,1.157000,1.157000,1.156900,1.157000
1110392580,1.157100,1.157100,1.157000,1.157100
1110392640,1.157000,1.157100,1.156900,1.157000
1110392700,1.156900,1.157000,1.156800,1.157000
1110392760,1.156900,1.157000,1.156800,1.157000
1110392820,1.156900,1.157000,1.156900,1.157000
1110392880,1.156900,1.157100,1.156900,1.157100
1110392940,1.157200,1.157200,1.157100,1.157200
1110393060,1.157300,1.157300,1.157200,1.157300
1110393120,1.157400,1.157400,1.157200,1.157200
1110393180,1.157300,1.157400,1.157300,1.157400
1110393240,1.157300,1.157400,1.157200,1.157300
1110393300,1.157400,1.157400,1.157300,1.157300
1110393360,1.157400,1.157500,1.157400,1.157400
1110393420,1.157500,1.157600,1.157400,1.157500
1110393480,1.157600,1.157600,1.157600,1.157600
1110393540,1.157500,1.157500,1.157400,1.157500
1110393600,1.157400,1.157500,1.157400,1.157400
1110393660,1.157300,1.157300,1.157200,1.157200
1110393720,1.157300,1.157300,1.157300,1.157300
1110393780,1.157400,1.157400,1.157300,1.157300
1110393840,1.157200,1.157200,1.156800,1.157000
1110393900,1.156900,1.157100,1.156800,1.157100
1110393960,1.157000,1.157100,1.156900,1.157000
1110394020,1.156900,1.157000,1.156900,1.156900
1110394080,1.156800,1.156900,1.156800,1.156800
1110394140,1.156900,1.157000,1.156800,1.156900
1110394200,1.156800,1.156900,1.156700,1.156800
1110394260,1.156900,1.156900,1.156700,1.156700
1110394320,1.156800,1.156800,1.156600,1.156700
1110394380,1.156600,1.156700,1.156400,1.156600
1110394440,1.156500,1.156600,1.156400,1.156500
1110394500,1.156600,1.156700,1.156500,1.156600
1110394560,1.156500,1.156600,1.156400,1.156500
1110394620,1.156600,1.156600,1.156500,1.156600
1110394680,1.156500,1.156600,1.156500,1.156600
1110394740,1.156700,1.156800,1.156600,1.156600
1110394800,1.156700,1.156700,1.156700,1.156700
1110394860,1.156800,1.157000,1.156700,1.156900
1110394920,1.156800,1.156800,1.155800,1.155800
1110394980,1.155900,1.156400,1.155900,1.156400
1110395040,1.156300,1.156400,1.156000,1.156100
1110395100,1.156000,1.156300,1.155900,1.156100
1110395160,1.156200,1.156400,1.156000,1.156200
1110395220,1.156100,1.156200,1.155900,1.156000
1110395280,1.155900,1.156300,1.155800,1.156000
1110395340,1.155900,1.156200,1.155900,1.156100
1110395400,1.156300,1.156300,1.156100,1.156200
1110395460,1.156100,1.156300,1.156100,1.156200
1110395520,1.156100,1.156200,1.156100,1.156100
1110395640,1.156000,1.156100,1.155900,1.156100
1110395700,1.156200,1.156600,1.156200,1.156500
1110395760,1.156400,1.156400,1.156100,1.156200
1110395820,1.156300,1.156500,1.156300,1.156300
1110395880,1.156400,1.156500,1.156300,1.156400
1110395940,1.156300,1.156400,1.156200,1.156300
1110396000,1.156200,1.156400,1.156200,1.156300
1110396060,1.156400,1.156500,1.156400,1.156500
1110396120,1.156400,1.156500,1.156300,1.156400
1110396180,1.156300,1.156400,1.156200,1.156200
1110396240,1.156300,1.156400,1.156100,1.156400
1110396300,1.156500,1.156600,1.156500,1.156600
1110396360,1.156500,1.156600,1.156500,1.156500
1110396540,1.156600,1.156800,1.156600,1.156800
1110396600,1.156700,1.156900,1.156700,1.156800
1110396660,1.156900,1.156900,1.156700,1.156800
1110396720,1.156700,1.156800,1.156700,1.156800
1110396780,1.156700,1.156900,1.156700,1.156700
1110396840,1.156600,1.156700,1.156500,1.156500
1110396900,1.156600,1.156600,1.156500,1.156500
1110396960,1.156600,1.156700,1.156500,1.156500
1110397020,1.156600,1.156600,1.156500,1.156600
1110397080,1.156500,1.156700,1.156500,1.156700
1110397140,1.156600,1.156700,1.156600,1.156700
1110397200,1.156600,1.156700,1.156600,1.156600
1110397260,1.156700,1.156700,1.156500,1.156600
1110397320,1.156700,1.156700,1.156600,1.156700
1110397500,1.156800,1.157000,1.156800,1.157000
1110397560,1.156900,1.157000,1.156900,1.157000
1110397620,1.156900,1.157000,1.156800,1.156800
1110397800,1.156700,1.156800,1.156700,1.156800
1110397860,1.156700,1.156800,1.156600,1.156800
1110397920,1.156700,1.156800,1.156700,1.156700
1110397980,1.156800,1.156800,1.156700,1.156800
1110398040,1.156900,1.157200,1.156800,1.157200
1110398100,1.157100,1.157400,1.157100,1.157400
1110398160,1.157500,1.157500,1.157500,1.157500
1110398220,1.157600,1.157900,1.157500,1.157800
1110398280,1.157900,1.157900,1.157700,1.157800
1110398340,1.157900,1.157900,1.157700,1.157700
1110398400,1.157800,1.157800,1.157400,1.157600
1110398460,1.157500,1.157700,1.157500,1.157700
1110398580,1.157600,1.157600,1.157200,1.157500
1110398640,1.157600,1.157600,1.157300,1.157300
1110398700,1.157200,1.157400,1.157100,1.157100
1110398760,1.157000,1.157400,1.157000,1.157400
1110398820,1.157500,1.157700,1.157500,1.157600
1110398880,1.157500,1.157500,1.157300,1.157400
1110398940,1.157500,1.157600,1.157000,1.157000
1110399000,1.156900,1.157100,1.156800,1.156900
1110399060,1.156800,1.157000,1.156800,1.157000
1110399120,1.156900,1.157100,1.156900,1.157100
1110399180,1.157000,1.157000,1.156900,1.156900
1110399240,1.156800,1.157100,1.156800,1.157100
1110399300,1.157200,1.157200,1.157100,1.157100
1110399360,1.157000,1.157200,1.157000,1.157100
1110399420,1.157200,1.157200,1.156900,1.157100
1110399480,1.157200,1.157200,1.157000,1.157000
1110399540,1.157100,1.157100,1.157000,1.157000
1110399600,1.157100,1.157100,1.157000,1.157000
1110399660,1.157100,1.157100,1.157000,1.157100
1110399780,1.157200,1.157200,1.157100,1.157100
1110399840,1.157200,1.157300,1.157200,1.157300
1110399900,1.157200,1.157300,1.157200,1.157300
1110399960,1.157400,1.157600,1.157400,1.157600
1110400020,1.157500,1.157800,1.157500,1.157800
1110400080,1.157900,1.157900,1.157600,1.157600
1110400140,1.157500,1.157600,1.157200,1.157400
1110400200,1.157300,1.157300,1.157300,1.157300
1110400260,1.157400,1.157500,1.157400,1.157400
1110400380,1.157500,1.157600,1.157400,1.157600
1110400440,1.157500,1.157800,1.157500,1.157800
1110400500,1.157900,1.158200,1.157900,1.158200
1110400560,1.158300,1.158700,1.158200,1.158700
1110400620,1.158800,1.159000,1.158800,1.158900
1110400680,1.158800,1.158800,1.158800,1.158800
1110400740,1.158900,1.158900,1.158500,1.158700
1110400860,1.158600,1.158600,1.158500,1.158500
1110400920,1.158600,1.158800,1.158500,1.158500
1110400980,1.158600,1.158700,1.158500,1.158600
1110401040,1.158500,1.158500,1.158300,1.158300
1110401100,1.158400,1.158400,1.158200,1.158300
1110401160,1.158400,1.158500,1.158300,1.158500
1110401220,1.158400,1.158800,1.158400,1.158800
1110401280,1.158700,1.158900,1.158700,1.158800
1110401340,1.158900,1.158900,1.158800,1.158900
1110401400,1.158800,1.158900,1.158800,1.158900
1110401520,1.158800,1.158900,1.158800,1.158900
1110401640,1.159000,1.159000,1.158900,1.158900
1110401700,1.159000,1.159100,1.159000,1.159100
1110401760,1.159000,1.159100,1.158900,1.159000
1110401820,1.158900,1.159000,1.158800,1.159000
1110401880,1.159100,1.159200,1.159000,1.159100
1110401940,1.159000,1.159200,1.159000,1.159100
1110402000,1.159200,1.159600,1.159200,1.159200
1110402060,1.159300,1.159500,1.159300,1.159500
1110402120,1.159400,1.159500,1.159400,1.159500
1110402180,1.159600,1.159600,1.159300,1.159300
1110402240,1.159300,1.159600,1.159300,1.159300
1110402300,1.159200,1.159200,1.159200,1.159200
1110402360,1.159100,1.159200,1.159100,1.159200
1110402420,1.159300,1.159500,1.159200,1.159500
1110402480,1.159400,1.159400,1.159200,1.159400
1110402540,1.159500,1.159500,1.159500,1.159500
1110402600,1.159400,1.159400,1.159200,1.159400
1110402660,1.159300,1.159300,1.159300,1.159300
1110402720,1.159200,1.159400,1.159200,1.159400
1110402780,1.159300,1.159400,1.159300,1.159300
1110402840,1.159400,1.159400,1.159400,1.159400
1110402900,1.159300,1.159300,1.159300,1.159300
1110402960,1.159400,1.159400,1.159300,1.159400
1110403020,1.159300,1.159400,1.159300,1.159400
1110403080,1.159300,1.159500,1.159300,1.159400
1110403140,1.159500,1.159500,1.159500,1.159500
1110403200,1.159400,1.159500,1.159400,1.159500
1110403260,1.159400,1.159600,1.159400,1.159600
1110403320,1.159500,1.159500,1.159400,1.159500
1110403380,1.159600,1.159700,1.159400,1.159500
1110403440,1.159600,1.159600,1.159500,1.159600
1110403500,1.159700,1.159700,1.159600,1.159600
1110403560,1.159700,1.159700,1.159600,1.159600
1110403680,1.159700,1.159700,1.159500,1.159600
1110403740,1.159500,1.159600,1.159500,1.159500
1110403800,1.159400,1.159500,1.159400,1.159500
1110403860,1.159600,1.159600,1.159500,1.159500
1110403920,1.159400,1.159500,1.159400,1.159500
1110403980,1.159400,1.159500,1.159400,1.159500
1110404040,1.159600,1.159800,1.159600,1.159800
1110404100,1.159700,1.159800,1.159600,1.159700
1110404160,1.159600,1.159800,1.159600,1.159800
1110404220,1.159700,1.159800,1.159700,1.159700
1110404280,1.159800,1.159800,1.159700,1.159700
1110404340,1.159600,1.159700,1.159400,1.159500
1110404400,1.159400,1.159400,1.159200,1.159200
1110404460,1.159300,1.159300,1.159000,1.159100
1110404640,1.159200,1.159200,1.159200,1.159200
1110404700,1.159300,1.159300,1.159200,1.159200
1110404760,1.159100,1.159200,1.159100,1.159200
1110404820,1.159100,1.159100,1.158900,1.159100
1110404880,1.159000,1.159000,1.158800,1.159000
1110405000,1.158900,1.159100,1.158900,1.159100
1110405060,1.159000,1.159200,1.159000,1.159100
1110405120,1.159200,1.159200,1.159100,1.159100
1110405180,1.159000,1.159000,1.159000,1.159000
1110405240,1.158900,1.158900,1.158900,1.158900
1110405300,1.159000,1.159000,1.158900,1.159000
1110405360,1.158900,1.159000,1.158900,1.158900
1110405420,1.159000,1.159200,1.159000,1.159200
1110405480,1.159100,1.159200,1.159100,1.159200
1110406980,1.158300,1.158300,1.158100,1.158200
1110407040,1.158300,1.158300,1.158200,1.158300
1110407100,1.158400,1.158400,1.158300,1.158300
1110407160,1.158400,1.158400,1.158300,1.158300
1110407220,1.158400,1.158400,1.158300,1.158300
1110407280,1.158400,1.158400,1.158400,1.158400
1110407400,1.158300,1.158500,1.158300,1.158500
1110407460,1.158600,1.158600,1.158300,1.158500
1110407520,1.158600,1.158700,1.158600,1.158700
1110407580,1.158600,1.158600,1.158500,1.158500
1110407640,1.158400,1.158500,1.158400,1.158500
1110407700,1.158400,1.158400,1.158400,1.158400
1110407760,1.158500,1.158500,1.158400,1.158400
1110407820,1.158500,1.158500,1.158400,1.158500
1110407880,1.158400,1.158500,1.158400,1.158400
1110407940,1.158500,1.158500,1.158300,1.158400
1110408060,1.158500,1.158600,1.158400,1.158500
1110408120,1.158400,1.158700,1.158400,1.158600
1110408180,1.158400,1.158600,1.158400,1.158600
1110408240,1.158500,1.158600,1.158500,1.158600
1110408480,1.158700,1.158700,1.158600,1.158600
1110408540,1.158700,1.158800,1.158700,1.158800
1110408600,1.158900,1.158900,1.158600,1.158700
1110408660,1.158800,1.159000,1.158800,1.158800
1110408720,1.158900,1.158900,1.158800,1.158800
1110408780,1.158900,1.158900,1.158800,1.158900
1110408840,1.158600,1.158800,1.158600,1.158800
1110408900,1.158700,1.158900,1.158600,1.158700
1110408960,1.158800,1.158800,1.158700,1.158800
1110409020,1.158900,1.158900,1.158900,1.158900
1110409080,1.158800,1.158800,1.158800,1.158800
1110409260,1.158800,1.158800,1.158800,1.158800
1110409380,1.158900,1.159000,1.158800,1.158900
1110409440,1.159000,1.159000,1.158800,1.158800
1110409500,1.158700,1.158700,1.158300,1.158600
1110409560,1.158900,1.158900,1.158800,1.158900
1110409620,1.158800,1.158900,1.158600,1.158800
1110409680,1.158700,1.158800,1.158600,1.158600
1110409740,1.158700,1.158700,1.158600,1.158700
1110409800,1.158800,1.159000,1.158800,1.158900
1110409860,1.159000,1.159000,1.158800,1.158800
1110409920,1.158700,1.158800,1.158700,1.158800
1110409980,1.158900,1.158900,1.158800,1.158900
1110410100,1.158800,1.158900,1.158800,1.158900
1110410160,1.158800,1.158900,1.158800,1.158800
1110410220,1.158900,1.158900,1.158900,1.158900
1110410280,1.159000,1.159100,1.159000,1.159100
1110410340,1.159000,1.159000,1.158900,1.159000
1110410400,1.159100,1.159200,1.159100,1.159100
1110410460,1.159200,1.159300,1.159100,1.159300
1110410520,1.159400,1.159500,1.159400,1.159500
1110410580,1.159400,1.159400,1.159300,1.159300
1110410640,1.159400,1.159400,1.159200,1.159300
1110410700,1.159400,1.159500,1.159400,1.159500
1110410760,1.159400,1.159600,1.159400,1.159600
1110410820,1.159700,1.159800,1.159700,1.159800
1110410880,1.159900,1.159900,1.159500,1.159600
1110410940,1.159700,1.159800,1.159700,1.159800
1110411000,1.159700,1.159800,1.159700,1.159700
1110411060,1.159800,1.159900,1.159700,1.159900
1110411120,1.159800,1.160300,1.159800,1.160200
1110411180,1.160300,1.160900,1.160300,1.160500
1110411240,1.160600,1.160600,1.160400,1.160500
1110411300,1.160400,1.160500,1.160000,1.160000
1110411360,1.160300,1.160300,1.160100,1.160200
1110411420,1.160300,1.160300,1.160100,1.160100
1110411480,1.160000,1.160300,1.160000,1.160300
1110411540,1.160200,1.160400,1.160200,1.160400
1110411600,1.160500,1.160600,1.160400,1.160400
1110411660,1.160500,1.160700,1.160500,1.160700
1110411720,1.160600,1.160700,1.160600,1.160700
1110411780,1.160600,1.160800,1.160600,1.160700
1110411840,1.160800,1.161000,1.160700,1.160700
1110411900,1.160600,1.160800,1.160600,1.160700
1110411960,1.160800,1.160900,1.160800,1.160800
1110412020,1.160900,1.161000,1.160800,1.161000
1110412080,1.160900,1.160900,1.160900,1.160900
1110412140,1.161000,1.161000,1.160900,1.160900
1110412200,1.161000,1.161000,1.160800,1.160900
1110412260,1.160800,1.160900,1.160600,1.160600
1110412440,1.160500,1.160500,1.160400,1.160500
1110412500,1.160400,1.160500,1.160400,1.160500
1110412560,1.160400,1.160400,1.160400,1.160400
1110412620,1.160300,1.160300,1.160300,1.160300
1110412680,1.160400,1.160500,1.160400,1.160500
1110412740,1.160600,1.160600,1.160600,1.160600
1110412860,1.160500,1.160500,1.160500,1.160500
1110412920,1.160400,1.160500,1.160400,1.160400
1110412980,1.160500,1.160600,1.160500,1.160500
1110413220,1.160400,1.160400,1.160400,1.160400
1110413340,1.160300,1.160400,1.160300,1.160300
1110413400,1.160200,1.160400,1.160200,1.160400
1110413460,1.160500,1.160600,1.160400,1.160500
1110413520,1.160600,1.160600,1.160500,1.160500
1110413640,1.160600,1.160700,1.160600,1.160700
1110413700,1.160800,1.160800,1.160700,1.160700
1110413760,1.160600,1.160700,1.160600,1.160700
1110413820,1.160600,1.160700,1.160600,1.160700
1110413880,1.160800,1.160900,1.160800,1.160900
1110413940,1.160800,1.160900,1.160500,1.160800
1110414000,1.160700,1.160800,1.160700,1.160800
1110414060,1.160700,1.160800,1.160700,1.160800
1110414120,1.160900,1.160900,1.160700,1.160800
1110414180,1.160700,1.160800,1.160500,1.160700
1110414240,1.160600,1.160700,1.160600,1.160600
1110414300,1.160400,1.160700,1.160400,1.160400
1110414360,1.160300,1.160400,1.160300,1.160300
1110414420,1.160400,1.160400,1.160300,1.160300
1110414480,1.160400,1.160400,1.160400,1.160400
1110414540,1.160300,1.160400,1.160300,1.160400
1110414600,1.160300,1.160300,1.160100,1.160100
1110414660,1.160200,1.160200,1.160000,1.160200
1110414720,1.160000,1.160000,1.160000,1.160000
1110414780,1.160100,1.160200,1.160000,1.160000
1110414840,1.160100,1.160100,1.160000,1.160000
1110414900,1.159900,1.160000,1.159700,1.159800
1110414960,1.159900,1.159900,1.159700,1.159800
1110415020,1.159700,1.159800,1.159700,1.159800
1110415080,1.159900,1.159900,1.159800,1.159900
1110415140,1.159800,1.160000,1.159800,1.160000
1110415200,1.160100,1.160100,1.160000,1.160100
1110415320,1.160000,1.160100,1.160000,1.160100
1110415380,1.160200,1.160200,1.160200,1.160200
1110415500,1.160100,1.160200,1.160100,1.160100
1110415560,1.160200,1.160200,1.160100,1.160200
1110415620,1.160100,1.160100,1.160100,1.160100
1110415680,1.160000,1.160100,1.159900,1.160100
1110415800,1.160200,1.160200,1.160000,1.160000
1110415860,1.160100,1.160100,1.159800,1.159800
1110415920,1.159700,1.159800,1.159700,1.159800
1110415980,1.159900,1.159900,1.159800,1.159900
1110416040,1.159800,1.159900,1.159700,1.159800
1110416100,1.159900,1.160100,1.159400,1.159700
1110416160,1.159600,1.159600,1.159400,1.159500
1110416220,1.159600,1.159600,1.159300,1.159400
1110416280,1.159300,1.159400,1.159300,1.159300
1110416340,1.159400,1.159400,1.159200,1.159300
1110416400,1.159400,1.159500,1.159300,1.159500
1110416460,1.159400,1.159400,1.159400,1.159400
1110416520,1.159500,1.159500,1.159500,1.159500
1110416580,1.159400,1.159400,1.159400,1.159400
1110416640,1.159500,1.159500,1.159200,1.159200
1110416700,1.159100,1.159100,1.158900,1.159000
1110416760,1.159100,1.159100,1.159000,1.159000
1110416880,1.159100,1.159100,1.159100,1.159100
1110416940,1.159000,1.159000,1.158900,1.158900
1110417000,1.159000,1.159000,1.158700,1.158700
1110417060,1.158800,1.158900,1.158600,1.158900
1110417120,1.158800,1.159000,1.158800,1.159000
1110417180,1.158900,1.159000,1.158900,1.158900
1110417240,1.159000,1.159000,1.158900,1.159000
1110417300,1.158900,1.158900,1.158700,1.158800
1110417360,1.158900,1.158900,1.158700,1.158700
1110417420,1.158800,1.158800,1.158700,1.158700
1110417540,1.158800,1.158800,1.158700,1.158700
1110417600,1.158800,1.158800,1.158700,1.158700
1110417660,1.158800,1.158900,1.158700,1.158700
1110417720,1.158600,1.158700,1.158600,1.158700
1110417780,1.158600,1.158700,1.158600,1.158700
1110417840,1.158800,1.158800,1.158700,1.158800
1110417900,1.158700,1.158800,1.158700,1.158700
1110417960,1.158800,1.158800,1.158700,1.158800
1110418080,1.158900,1.159000,1.158900,1.159000
1110418140,1.158900,1.159000,1.158900,1.159000
1110418200,1.158900,1.159000,1.158900,1.159000
1110418260,1.158900,1.159000,1.158900,1.159000
1110418380,1.159100,1.159200,1.159100,1.159100
1110418440,1.159000,1.159000,1.158900,1.159000
1110418500,1.159100,1.159300,1.159100,1.159300
1110418560,1.159400,1.159500,1.159400,1.159400
1110418620,1.159500,1.159600,1.159500,1.159500
1110418680,1.159600,1.159600,1.159400,1.159600
1110418740,1.159400,1.159600,1.159200,1.159200
1110418800,1.159100,1.159200,1.159000,1.159000
1110418860,1.159100,1.159300,1.159000,1.159000
1110418920,1.159100,1.159100,1.159000,1.159000
1110419040,1.159100,1.159200,1.159100,1.159100
1110419100,1.159200,1.159300,1.159200,1.159300
1110419160,1.159400,1.159400,1.159300,1.159300
1110419220,1.159400,1.159400,1.159300,1.159300
1110419340,1.159200,1.159200,1.159200,1.159200
1110419400,1.159300,1.159300,1.159100,1.159200
1110419460,1.159100,1.159300,1.159100,1.159200
1110419580,1.159300,1.159300,1.159000,1.159000
1110419640,1.158900,1.159000,1.158600,1.158600
1110419700,1.158700,1.158700,1.158500,1.158600
1110419760,1.158500,1.158500,1.158200,1.158400
1110419820,1.158300,1.158400,1.157700,1.157700
1110419880,1.157600,1.158000,1.157400,1.157700
1110419940,1.157800,1.157800,1.157400,1.157400
1110420000,1.157300,1.157600,1.157200,1.157600
1110420060,1.157500,1.157600,1.156800,1.156800
1110420120,1.156900,1.156900,1.156700,1.156800
1110420180,1.156900,1.157100,1.156800,1.157000
1110420240,1.157100,1.157600,1.157000,1.157500
1110420300,1.157600,1.157600,1.157100,1.157200
1110420360,1.157000,1.157100,1.156700,1.156700
1110420420,1.156600,1.156700,1.156600,1.156700
1110420480,1.156600,1.156700,1.156200,1.156700
1110420540,1.156800,1.156800,1.156500,1.156700
1110420600,1.156800,1.156800,1.155400,1.155700
1110420660,1.155500,1.155800,1.155300,1.155600
1110420720,1.155500,1.155500,1.155300,1.155400
1110420780,1.155600,1.155600,1.155000,1.155200
1110420840,1.155300,1.155400,1.155100,1.155100
1110420900,1.155200,1.155300,1.155000,1.155100
1110420960,1.155200,1.155500,1.155100,1.155500
1110421020,1.155400,1.155400,1.155300,1.155400
1110421080,1.155300,1.155300,1.155000,1.155000
1110421140,1.155100,1.155100,1.154200,1.154400
1110421200,1.154500,1.154500,1.153200,1.153200
1110421260,1.153300,1.153800,1.153200,1.153600
1110421320,1.153500,1.153800,1.153500,1.153700
1110421380,1.153800,1.153800,1.153000,1.153000
1110421440,1.152800,1.153500,1.152500,1.153500
1110421500,1.153600,1.154100,1.153400,1.154100
1110421560,1.154200,1.154400,1.153900,1.154300
1110421620,1.154200,1.154600,1.154200,1.154400
1110421680,1.154300,1.154400,1.154200,1.154200
1110421740,1.154300,1.154400,1.154200,1.154300
1110421800,1.154200,1.154300,1.154000,1.154200
1110421860,1.154300,1.154400,1.154200,1.154200
1110421920,1.154300,1.154300,1.154000,1.154200
1110421980,1.154100,1.155100,1.154100,1.155100
1110422040,1.155000,1.155200,1.154400,1.154400
1110422100,1.154500,1.154600,1.154200,1.154200
1110422160,1.154400,1.154400,1.153800,1.154200
1110422220,1.154100,1.154100,1.153800,1.154000
1110422280,1.153900,1.156100,1.153800,1.156100
1110422340,1.156300,1.157200,1.155800,1.156100
1110422400,1.156000,1.157700,1.156000,1.157500
1110422460,1.157600,1.158700,1.157500,1.157800
1110422520,1.157900,1.157900,1.156300,1.156600
1110422580,1.156700,1.156700,1.156400,1.156400
1110422640,1.156300,1.156300,1.156000,1.156200
1110422700,1.156100,1.156300,1.156100,1.156200
1110422760,1.156300,1.156900,1.156200,1.156900
1110422820,1.156800,1.157100,1.156700,1.156700
1110422880,1.156600,1.157200,1.156600,1.157200
1110422940,1.157100,1.158000,1.157000,1.157500
1110423000,1.157600,1.157600,1.156900,1.157100
1110423060,1.157000,1.157200,1.156500,1.156600
1110423120,1.156500,1.156600,1.155800,1.156100
1110423180,1.156200,1.156300,1.155800,1.155900
1110423240,1.155800,1.155900,1.155700,1.155800
1110423300,1.155900,1.156200,1.155800,1.155900
1110423360,1.155800,1.156000,1.155800,1.155900
1110423420,1.155800,1.156000,1.155800,1.155800
1110423480,1.155900,1.156000,1.155800,1.155900
1110423540,1.155800,1.156200,1.155800,1.156100
1110423600,1.156000,1.156100,1.155800,1.155800
1110423660,1.155900,1.156200,1.155800,1.156100
1110423720,1.156000,1.156100,1.155600,1.155700
1110423780,1.155800,1.156200,1.155800,1.156200
1110423840,1.156300,1.156400,1.156200,1.156400
1110423900,1.156300,1.156300,1.156200,1.156300
1110423960,1.156200,1.156200,1.156100,1.156200
1110424020,1.156100,1.156300,1.156100,1.156200
1110424080,1.156300,1.156500,1.156300,1.156500
1110424140,1.156600,1.156600,1.156500,1.156500
1110424200,1.156600,1.156700,1.156500,1.156700
1110424260,1.156600,1.156700,1.156500,1.156700
1110424320,1.156600,1.156600,1.156500,1.156500
1110424380,1.156600,1.156700,1.156400,1.156600
1110424440,1.156500,1.156500,1.156500,1.156500
1110424500,1.156600,1.156600,1.156400,1.156400
1110424560,1.156300,1.156400,1.156300,1.156400
1110424620,1.156300,1.156400,1.156300,1.156300
1110424680,1.156400,1.156400,1.156000,1.156000
1110424740,1.155900,1.156100,1.155800,1.155800
1110424800,1.155900,1.156000,1.155500,1.155500
1110424860,1.155600,1.155700,1.155500,1.155500
1110424920,1.155600,1.155600,1.155500,1.155500
1110424980,1.155400,1.155400,1.155400,1.155400
1110425040,1.155300,1.155300,1.155100,1.155100
1110425100,1.155200,1.155400,1.155200,1.155300
1110425160,1.155400,1.155500,1.155300,1.155400
1110425220,1.155300,1.155600,1.155300,1.155600
1110425280,1.155500,1.155600,1.155200,1.155200
1110425340,1.155300,1.155500,1.155200,1.155500
1110425400,1.155600,1.155600,1.155100,1.155100
1110425460,1.155200,1.155400,1.155200,1.155400
1110425520,1.155300,1.155400,1.155300,1.155400
1110425580,1.155300,1.155400,1.155200,1.155400
1110425640,1.155300,1.155400,1.155300,1.155400
1110425700,1.155500,1.155500,1.155200,1.155200
1110425760,1.155300,1.155300,1.155100,1.155100
1110425820,1.155000,1.155000,1.154700,1.154800
1110425880,1.154700,1.154900,1.154600,1.154800
1110425940,1.154900,1.154900,1.154600,1.154700
1110426000,1.154800,1.154900,1.154700,1.154900
1110426060,1.155000,1.155000,1.154900,1.155000
1110426120,1.155100,1.155200,1.154900,1.155100
1110426180,1.155200,1.155200,1.155000,1.155000
1110426240,1.155100,1.155100,1.154600,1.154700
1110426300,1.154600,1.154600,1.154300,1.154300
1110426360,1.154400,1.154400,1.154200,1.154400
1110426420,1.154300,1.154400,1.154300,1.154300
1110426480,1.154200,1.154300,1.154200,1.154300
1110426540,1.154200,1.154500,1.154200,1.154500
1110426600,1.154400,1.154600,1.154400,1.154500
1110426660,1.154600,1.154700,1.154500,1.154600
1110426720,1.154500,1.154700,1.154500,1.154700
1110426780,1.154800,1.155000,1.154700,1.155000
1110426840,1.154900,1.155100,1.154800,1.155000
1110426900,1.154900,1.154900,1.154800,1.154900
1110426960,1.154800,1.155000,1.154800,1.154900
1110427020,1.154800,1.155000,1.154800,1.155000
1110427080,1.154900,1.155300,1.154900,1.155100
1110427140,1.155000,1.155100,1.154800,1.154800
1110427200,1.154700,1.154900,1.154700,1.154800
1110427260,1.154900,1.155000,1.154800,1.154800
1110427320,1.154700,1.154700,1.154400,1.154500
1110427380,1.154600,1.154600,1.154500,1.154500
1110427440,1.154400,1.154400,1.154300,1.154300
1110427500,1.154200,1.154300,1.154200,1.154300
1110427560,1.154200,1.154200,1.154100,1.154100
1110427620,1.154200,1.154200,1.154000,1.154000
1110427680,1.154100,1.154100,1.153800,1.153800
1110427740,1.153900,1.153900,1.153700,1.153800
1110427800,1.153700,1.153800,1.153400,1.153500
1110427860,1.153600,1.153800,1.153500,1.153800
1110427920,1.153700,1.154100,1.153700,1.153800
1110427980,1.153900,1.154200,1.153900,1.154200
1110428040,1.154100,1.154300,1.154100,1.154200
1110428100,1.154300,1.154600,1.154100,1.154500
1110428160,1.154600,1.154600,1.154400,1.154500
1110428220,1.154400,1.154500,1.154400,1.154400
1110428280,1.154300,1.154500,1.154300,1.154500
1110428340,1.154400,1.154600,1.154400,1.154500
1110428400,1.154400,1.154500,1.154400,1.154500
1110428580,1.154400,1.154500,1.154400,1.154500
1110428640,1.154400,1.154500,1.154400,1.154400
1110428760,1.154500,1.154500,1.154400,1.154500
1110428820,1.154400,1.154500,1.154400,1.154500
1110428940,1.154600,1.154700,1.154500,1.154700
1110429000,1.154600,1.154600,1.154400,1.154400
1110429060,1.154500,1.154600,1.154500,1.154500
1110429120,1.154400,1.154500,1.154400,1.154500
1110429180,1.154400,1.154400,1.154300,1.154400
1110429240,1.154300,1.154400,1.154300,1.154400
1110429300,1.154500,1.154600,1.154500,1.154500
1110429360,1.154600,1.154600,1.154500,1.154500
1110429420,1.154600,1.154600,1.154500,1.154600
1110429480,1.154700,1.154700,1.154600,1.154700
1110429540,1.154800,1.154900,1.154700,1.154700
1110429600,1.154800,1.154800,1.154700,1.154700
1110429660,1.154600,1.154600,1.154500,1.154600
1110429720,1.154500,1.154600,1.154300,1.154300
1110429780,1.154400,1.154400,1.154400,1.154400
1110429840,1.154300,1.154400,1.154300,1.154300
1110429900,1.154400,1.154400,1.154300,1.154300
1110429960,1.154200,1.154200,1.154000,1.154100
1110430020,1.154000,1.154400,1.154000,1.154200
1110430140,1.154300,1.154300,1.154200,1.154200
1110430260,1.154300,1.154500,1.154300,1.154400
1110430320,1.154300,1.154400,1.154300,1.154400
1110430380,1.154300,1.154400,1.154300,1.154400
1110430440,1.154300,1.154400,1.154300,1.154400
1110430500,1.154500,1.154500,1.154500,1.154500
1110430560,1.154600,1.154600,1.154600,1.154600
1110430620,1.154500,1.154500,1.154500,1.154500
1110430680,1.154400,1.154500,1.154400,1.154400
1110430740,1.154500,1.154500,1.154400,1.154500
