time,open,high,low,close
1121659200,1.204800,1.204900,1.204800,1.204900
1121659320,1.205000,1.205200,1.205000,1.205000
1121659500,1.204900,1.205100,1.204900,1.205100
1121659560,1.205200,1.205200,1.205000,1.205000
1121659620,1.204900,1.205000,1.204800,1.205000
1121659680,1.204900,1.204900,1.204900,1.204900
1121659740,1.204800,1.204800,1.204800,1.204800
1121659920,1.204900,1.204900,1.204800,1.204800
1121660040,1.204900,1.204900,1.204900,1.204900
1121660160,1.205000,1.205000,1.205000,1.205000
1121660220,1.204900,1.204900,1.204900,1.204900
1121660280,1.205000,1.205000,1.204900,1.205000
1121660340,1.204900,1.205000,1.204900,1.205000
1121660400,1.205100,1.205100,1.205000,1.205000
1121660580,1.205100,1.205100,1.205000,1.205000
1121660880,1.204900,1.205000,1.204900,1.204900
1121661060,1.205000,1.205000,1.205000,1.205000
1121661120,1.204900,1.204900,1.204800,1.204800
1121661240,1.204900,1.204900,1.204900,1.204900
1121661300,1.204800,1.204900,1.204800,1.204900
1121661480,1.205000,1.205100,1.204900,1.205000
1121661540,1.205100,1.205100,1.204900,1.205000
1121661600,1.204900,1.205000,1.204900,1.205000
1121661660,1.204900,1.204900,1.204900,1.204900
1121661720,1.205000,1.205000,1.204900,1.204900
1121661780,1.205000,1.205000,1.204900,1.205000
1121661900,1.205100,1.205100,1.205100,1.205100
1121662260,1.205000,1.205000,1.205000,1.205000
1121662980,1.204900,1.205000,1.204900,1.205000
1121663100,1.204900,1.205100,1.204900,1.205100
1121663160,1.205000,1.205000,1.205000,1.205000
1121663280,1.205100,1.205100,1.205000,1.205000
1121663340,1.205100,1.205100,1.205100,1.205100
1121663580,1.205200,1.205300,1.205200,1.205200
1121663640,1.205300,1.205300,1.205100,1.205100
1121663700,1.205200,1.205400,1.205200,1.205300
1121663760,1.205400,1.205400,1.205300,1.205400
1121663820,1.205500,1.205500,1.205400,1.205500
1121663940,1.205600,1.205600,1.205400,1.205400
1121664000,1.205500,1.205500,1.205200,1.205200
1121664120,1.205300,1.205300,1.205200,1.205200
1121664180,1.205300,1.205300,1.205200,1.205200
1121664240,1.205100,1.205100,1.205000,1.205100
1121664300,1.205200,1.205200,1.205100,1.205200
1121664420,1.205100,1.205200,1.205100,1.205100
1121664480,1.205200,1.205200,1.205100,1.205100
1121664540,1.205000,1.205000,1.205000,1.205000
1121664660,1.205100,1.205100,1.205100,1.205100
1121664720,1.205200,1.205200,1.205200,1.205200
1121664780,1.205100,1.205200,1.205100,1.205200
1121664840,1.205300,1.205500,1.205200,1.205400
1121664900,1.205500,1.205900,1.205400,1.205800
1121664960,1.205700,1.205800,1.205600,1.205600
1121665020,1.205700,1.205900,1.205700,1.205800
1121665080,1.205900,1.205900,1.205700,1.205900
1121665140,1.205800,1.205800,1.205200,1.205200
1121665200,1.205300,1.205300,1.205200,1.205200
1121665260,1.205100,1.205200,1.205000,1.205000
1121665320,1.205100,1.205300,1.205100,1.205300
1121665380,1.205200,1.205300,1.205200,1.205200
1121665500,1.205100,1.205100,1.205100,1.205100
1121665620,1.205200,1.205200,1.205200,1.205200
1121665740,1.205100,1.205200,1.205100,1.205200
1121665800,1.205100,1.205200,1.205100,1.205200
1121665860,1.205100,1.205200,1.205100,1.205200
1121665920,1.205300,1.205400,1.205300,1.205400
1121665980,1.205500,1.205500,1.205300,1.205300
1121666040,1.205400,1.205500,1.205400,1.205500
1121666160,1.205400,1.205600,1.205400,1.205500
1121666220,1.205600,1.205600,1.205600,1.205600
1121666400,1.205700,1.205800,1.205600,1.205700
1121666460,1.205800,1.205800,1.205700,1.205700
1121666520,1.205600,1.205600,1.205400,1.205400
1121666580,1.205300,1.205300,1.205000,1.205100
1121666640,1.205000,1.205100,1.205000,1.205100
1121666700,1.205200,1.205200,1.205100,1.205200
1121666760,1.205100,1.205300,1.205100,1.205200
1121666820,1.205300,1.205300,1.205100,1.205200
1121666880,1.205100,1.205100,1.205000,1.205100
1121666940,1.205200,1.205200,1.205000,1.205100
1121667000,1.205200,1.205600,1.205200,1.205600
1121667060,1.205700,1.206900,1.205600,1.206900
1121667120,1.206800,1.207100,1.206700,1.206800
1121667180,1.206900,1.206900,1.206800,1.206900
1121667240,1.206800,1.206900,1.206700,1.206900
1121667300,1.207000,1.207000,1.206700,1.206900
1121667360,1.207000,1.207400,1.207000,1.207300
1121667420,1.207400,1.207500,1.207300,1.207300
1121667480,1.207200,1.207200,1.207000,1.207000
1121667600,1.207100,1.207100,1.206900,1.206900
1121667720,1.207000,1.207300,1.207000,1.207300
1121667780,1.207400,1.207500,1.207300,1.207400
1121667840,1.207500,1.207500,1.207400,1.207400
1121667900,1.207300,1.207400,1.207200,1.207200
1121667960,1.207300,1.207300,1.207200,1.207300
1121668020,1.207400,1.207800,1.207300,1.207700
1121668080,1.207800,1.208000,1.207800,1.208000
1121668140,1.208100,1.208100,1.207700,1.207700
1121668200,1.207600,1.207600,1.207500,1.207500
1121668260,1.207600,1.208000,1.207500,1.208000
1121668320,1.207900,1.207900,1.207700,1.207800
1121668380,1.207700,1.207800,1.207500,1.207600
1121668440,1.207500,1.207600,1.207300,1.207500
1121668500,1.207400,1.207500,1.207400,1.207500
1121668560,1.207400,1.207500,1.207400,1.207400
1121668620,1.207500,1.207500,1.207200,1.207300
1121668680,1.207400,1.207400,1.206900,1.206900
1121668740,1.207000,1.207000,1.206600,1.206700
1121668800,1.206600,1.206600,1.206300,1.206500
1121668860,1.206600,1.206600,1.206500,1.206500
1121668920,1.206600,1.206700,1.206600,1.206700
1121668980,1.206600,1.206700,1.206600,1.206600
1121669040,1.206500,1.206500,1.206300,1.206300
1121669100,1.206200,1.206200,1.205900,1.206200
1121669160,1.206100,1.206100,1.205900,1.206000
1121669220,1.206100,1.206200,1.206100,1.206200
1121669280,1.206300,1.206600,1.206300,1.206600
1121669340,1.206500,1.206500,1.206400,1.206400
1121669400,1.206300,1.206400,1.206200,1.206400
1121669460,1.206500,1.206500,1.206400,1.206500
1121669520,1.206400,1.206500,1.206200,1.206200
1121669580,1.206300,1.206400,1.206200,1.206400
1121669640,1.206300,1.206400,1.206300,1.206400
1121669700,1.206500,1.206500,1.206400,1.206500
1121669760,1.206600,1.206800,1.206600,1.206700
1121669820,1.206800,1.206800,1.206700,1.206700
1121669880,1.206800,1.207200,1.206800,1.207100
1121669940,1.207200,1.207400,1.207100,1.207400
1121670000,1.207300,1.207400,1.207100,1.207200
1121670060,1.207100,1.207300,1.207100,1.207200
1121670120,1.207300,1.207400,1.207200,1.207200
1121670180,1.207300,1.207500,1.207300,1.207500
1121670240,1.207400,1.207500,1.207200,1.207300
1121670300,1.207400,1.207400,1.207300,1.207400
1121670360,1.207500,1.207500,1.207400,1.207400
1121670420,1.207500,1.207500,1.207400,1.207400
1121670480,1.207300,1.207300,1.207200,1.207300
1121670540,1.207200,1.207300,1.207200,1.207300
1121670600,1.207200,1.207200,1.206900,1.206900
1121670660,1.206800,1.206900,1.206700,1.206900
1121670720,1.206800,1.206900,1.206800,1.206900
1121670780,1.207000,1.207000,1.206900,1.206900
1121670900,1.207000,1.207000,1.207000,1.207000
1121670960,1.206900,1.207100,1.206900,1.207100
1121671020,1.207200,1.207300,1.207100,1.207200
1121671080,1.207300,1.207400,1.207200,1.207400
1121671140,1.207500,1.207500,1.207500,1.207500
1121671260,1.207600,1.207600,1.207400,1.207400
1121671320,1.207500,1.207500,1.207300,1.207500
1121671380,1.207600,1.207800,1.207500,1.207700
1121671440,1.207600,1.207800,1.207600,1.207600
1121671500,1.207500,1.207600,1.207500,1.207500
1121671620,1.207400,1.207500,1.207400,1.207500
1121671680,1.207400,1.207500,1.207400,1.207400
1121671740,1.207300,1.207400,1.207200,1.207300
1121671800,1.207200,1.207200,1.207100,1.207100
1121671860,1.207200,1.207400,1.207100,1.207300
1121671920,1.207400,1.207400,1.207300,1.207400
1121671980,1.207300,1.207400,1.207300,1.207400
1121672040,1.207300,1.207500,1.207300,1.207500
1121672100,1.207400,1.207500,1.207400,1.207500
1121672220,1.207600,1.208000,1.207600,1.208000
1121672280,1.208100,1.208200,1.207900,1.208000
1121672340,1.207900,1.208000,1.207900,1.207900
1121672400,1.207800,1.207900,1.207800,1.207800
1121672520,1.207900,1.207900,1.207900,1.207900
1121672580,1.207800,1.207900,1.207800,1.207900
1121672640,1.207800,1.207900,1.207800,1.207800
1121672700,1.207900,1.208000,1.207900,1.208000
1121672760,1.207900,1.208000,1.207900,1.207900
1121672820,1.207800,1.207900,1.207700,1.207800
1121672880,1.207700,1.207700,1.207400,1.207400
1121672940,1.207300,1.207400,1.207100,1.207100
1121673000,1.207200,1.207200,1.206900,1.206900
1121673060,1.206800,1.206800,1.206700,1.206800
1121673120,1.206900,1.206900,1.206800,1.206900
1121673180,1.206800,1.206900,1.206800,1.206900
1121673240,1.206800,1.206900,1.206800,1.206900
1121673300,1.206800,1.206900,1.206800,1.206900
1121673360,1.206800,1.206900,1.206800,1.206900
1121673420,1.206800,1.206800,1.206700,1.206800
1121673480,1.206900,1.207000,1.206800,1.207000
1121673540,1.207100,1.207100,1.207000,1.207000
1121673600,1.206900,1.207000,1.206700,1.206900
1121673660,1.206800,1.206900,1.206700,1.206900
1121673720,1.206800,1.206900,1.206800,1.206800
1121673780,1.206900,1.207200,1.206900,1.207200
1121673840,1.207100,1.207100,1.207000,1.207100
1121673900,1.207000,1.207000,1.206700,1.206800
1121673960,1.206700,1.206700,1.206700,1.206700
1121674020,1.206600,1.206600,1.206600,1.206600
1121674080,1.206700,1.206800,1.206700,1.206800
1121674140,1.206700,1.206800,1.206600,1.206700
1121674200,1.206800,1.206900,1.206800,1.206800
1121674260,1.206700,1.206700,1.206400,1.206500
1121674320,1.206400,1.206500,1.206300,1.206400
1121674380,1.206500,1.206500,1.206300,1.206400
1121674440,1.206500,1.206500,1.206500,1.206500
1121674500,1.206600,1.206600,1.206500,1.206600
1121674560,1.206500,1.206500,1.206400,1.206400
1121674620,1.206500,1.206600,1.206300,1.206400
1121674680,1.206300,1.206400,1.206100,1.206100
1121674740,1.206000,1.206400,1.206000,1.206300
1121674800,1.206200,1.206400,1.206200,1.206400
1121674920,1.206300,1.206600,1.206300,1.206600
1121674980,1.206700,1.207500,1.206700,1.207200
1121675040,1.207300,1.207500,1.207200,1.207500
1121675100,1.207600,1.207800,1.207600,1.207700
1121675160,1.207600,1.207900,1.207500,1.207800
1121675220,1.207700,1.207700,1.207500,1.207600
1121675280,1.207500,1.208300,1.207500,1.208000
1121675340,1.207900,1.208000,1.207800,1.207900
1121675400,1.207800,1.208600,1.207800,1.208500
1121675460,1.208400,1.208500,1.208000,1.208000
1121675520,1.207900,1.208000,1.207800,1.207900
1121675580,1.207800,1.207800,1.207700,1.207700
1121675640,1.207600,1.207700,1.207600,1.207600
1121675700,1.207700,1.207900,1.207700,1.207900
1121675760,1.207800,1.207900,1.207700,1.207700
1121675820,1.207600,1.207600,1.207600,1.207600
1121675880,1.207500,1.207600,1.207300,1.207500
1121676000,1.207600,1.207600,1.207500,1.207500
1121676060,1.207400,1.207400,1.207400,1.207400
1121676120,1.207500,1.207500,1.207300,1.207500
1121676180,1.207600,1.207600,1.207500,1.207500
1121676240,1.207600,1.207600,1.207600,1.207600
1121676300,1.207500,1.207500,1.207500,1.207500
1121676360,1.207600,1.207600,1.207400,1.207400
1121676420,1.207300,1.207300,1.207300,1.207300
1121676480,1.207400,1.207400,1.207200,1.207300
1121676540,1.207200,1.207300,1.207200,1.207300
1121676600,1.207200,1.207300,1.207200,1.207300
1121676660,1.207200,1.207300,1.207200,1.207200
1121676720,1.207300,1.207300,1.207200,1.207300
1121676780,1.207200,1.207200,1.207200,1.207200
1121676840,1.207300,1.207300,1.207300,1.207300
1121676900,1.207200,1.207200,1.207200,1.207200
1121677020,1.207100,1.207300,1.207100,1.207300
1121677140,1.207200,1.207300,1.207200,1.207300
1121677200,1.207400,1.207400,1.207200,1.207200
1121677320,1.207100,1.207200,1.207100,1.207200
1121677380,1.207300,1.207300,1.207100,1.207300
1121677440,1.207200,1.207200,1.207100,1.207100
1121677500,1.207000,1.207000,1.207000,1.207000
1121677560,1.207100,1.207300,1.207100,1.207300
1121677620,1.207200,1.207300,1.207200,1.207200
1121677680,1.207300,1.207300,1.207200,1.207300
1121677740,1.207200,1.207300,1.207200,1.207200
1121677800,1.207300,1.207300,1.207200,1.207200
1121677860,1.207300,1.207300,1.207200,1.207300
1121677920,1.207200,1.207300,1.207200,1.207300
1121677980,1.207400,1.207400,1.207300,1.207300
1121678100,1.207400,1.207400,1.207300,1.207300
1121678220,1.207400,1.207400,1.207300,1.207300
1121678280,1.207200,1.207300,1.207200,1.207200
1121678400,1.207100,1.207200,1.207100,1.207100
1121678520,1.207200,1.207200,1.207100,1.207200
1121678580,1.207100,1.207100,1.207100,1.207100
1121678700,1.207200,1.207300,1.207100,1.207300
1121678760,1.207400,1.207700,1.207400,1.207600
1121678820,1.207500,1.207500,1.207500,1.207500
1121678880,1.207600,1.207600,1.207600,1.207600
1121679000,1.207500,1.207600,1.207500,1.207500
1121679060,1.207600,1.207600,1.207600,1.207600
1121679120,1.207500,1.207500,1.207500,1.207500
1121679180,1.207400,1.207400,1.207200,1.207200
1121679240,1.207100,1.207200,1.207000,1.207100
1121679300,1.207000,1.207400,1.207000,1.207400
1121679360,1.207300,1.207400,1.207300,1.207400
1121679600,1.207500,1.207500,1.207400,1.207500
1121679660,1.207400,1.207500,1.207300,1.207400
1121679720,1.207300,1.207400,1.207300,1.207300
1121679780,1.207200,1.207400,1.207100,1.207100
1121679840,1.207200,1.207200,1.206900,1.206900
1121679900,1.207000,1.207000,1.206800,1.206900
1121679960,1.206800,1.206800,1.206800,1.206800
1121680020,1.206900,1.206900,1.206800,1.206900
1121680080,1.207000,1.207200,1.206900,1.207100
1121680140,1.207000,1.207000,1.206800,1.206800
1121680200,1.206700,1.206700,1.206500,1.206600
1121680260,1.206700,1.206900,1.206700,1.206800
1121680380,1.206700,1.206700,1.206500,1.206600
1121680440,1.206700,1.206800,1.206600,1.206700
1121680500,1.206800,1.207000,1.206800,1.207000
1121680560,1.206900,1.207100,1.206800,1.206800
1121680620,1.206700,1.206800,1.206600,1.206600
1121680680,1.206700,1.206800,1.206600,1.206700
1121680740,1.206800,1.206900,1.206800,1.206900
1121680800,1.206800,1.206900,1.206700,1.206800
1121680860,1.206900,1.207200,1.206900,1.207200
1121680920,1.207300,1.207600,1.207300,1.207500
1121680980,1.207400,1.207500,1.207400,1.207500
1121681040,1.207600,1.207700,1.207500,1.207600
1121681100,1.207500,1.207600,1.207500,1.207500
1121681220,1.207400,1.207500,1.207400,1.207500
1121681280,1.207400,1.207500,1.207400,1.207500
1121681340,1.207400,1.207400,1.207300,1.207300
1121681400,1.207200,1.207300,1.207200,1.207200
1121681460,1.207100,1.207200,1.207000,1.207000
1121681520,1.207100,1.207100,1.207100,1.207100
1121681640,1.207000,1.207100,1.206900,1.207000
1121681700,1.206900,1.206900,1.206800,1.206800
1121681760,1.206900,1.206900,1.206800,1.206800
1121681820,1.206900,1.206900,1.206800,1.206800
1121681880,1.206900,1.207000,1.206800,1.207000
1121681940,1.206900,1.207000,1.206900,1.206900
1121682000,1.207000,1.207000,1.206900,1.207000
1121682060,1.206900,1.206900,1.206800,1.206900
1121682120,1.206800,1.207000,1.206800,1.207000
1121682180,1.207100,1.207100,1.207000,1.207000
1121682240,1.207100,1.207100,1.207000,1.207000
1121682300,1.207100,1.207100,1.207100,1.207100
1121682360,1.207200,1.207200,1.207000,1.207100
1121682420,1.207000,1.207000,1.207000,1.207000
1121682480,1.207100,1.207200,1.207100,1.207200
1121682540,1.207100,1.207100,1.207100,1.207100
1121682600,1.207000,1.207100,1.207000,1.207000
1121682660,1.207100,1.207100,1.207000,1.207000
1121682720,1.207100,1.207100,1.207000,1.207000
1121682780,1.207100,1.207100,1.207000,1.207000
1121682960,1.206900,1.207000,1.206800,1.206800
1121683020,1.206700,1.206800,1.206600,1.206700
1121683080,1.206600,1.206700,1.206600,1.206700
1121683140,1.206600,1.206700,1.206600,1.206600
1121683200,1.206500,1.206500,1.205600,1.205700
1121683260,1.205800,1.206000,1.205700,1.205900
1121683320,1.206000,1.206300,1.206000,1.206300
1121683380,1.206200,1.206300,1.206100,1.206100
1121683440,1.206200,1.206200,1.205800,1.205800
1121683500,1.205900,1.206000,1.205900,1.205900
1121683560,1.205800,1.205900,1.205800,1.205900
1121683620,1.205800,1.205800,1.205600,1.205800
1121683680,1.205700,1.205900,1.205700,1.205900
1121683740,1.205800,1.206000,1.205800,1.205900
1121683800,1.205800,1.205900,1.205700,1.205800
1121683860,1.205900,1.205900,1.205900,1.205900
1121683980,1.206000,1.206300,1.206000,1.206100
1121684040,1.206200,1.206300,1.206100,1.206200
1121684100,1.206100,1.206200,1.205800,1.205900
1121684160,1.205800,1.206100,1.205800,1.206000
1121684220,1.205900,1.205900,1.205300,1.205300
1121684280,1.205400,1.205700,1.205400,1.205700
1121684340,1.205600,1.205600,1.205500,1.205500
1121684400,1.205600,1.205700,1.205500,1.205600
1121684460,1.205700,1.205700,1.205600,1.205600
1121684520,1.205700,1.205800,1.205500,1.205700
1121684640,1.205600,1.205700,1.205600,1.205600
1121684700,1.205500,1.205600,1.205400,1.205500
1121684760,1.205600,1.205800,1.205500,1.205800
1121684820,1.205700,1.205700,1.205500,1.205700
1121684880,1.205800,1.205900,1.205800,1.205900
1121684940,1.205800,1.205900,1.205700,1.205700
1121685060,1.205800,1.205800,1.205700,1.205700
1121685120,1.205600,1.205700,1.205600,1.205700
1121685180,1.205800,1.205800,1.205700,1.205800
1121685240,1.205900,1.206000,1.205900,1.206000
1121685300,1.205900,1.206000,1.205900,1.206000
1121685360,1.205900,1.206000,1.205900,1.206000
1121685420,1.205900,1.206000,1.205900,1.206000
1121685480,1.205900,1.206000,1.205900,1.206000
1121685540,1.206000,1.206000,1.205900,1.206000
1121685600,1.205900,1.206000,1.205800,1.205800
1121685660,1.205700,1.206000,1.205700,1.205700
1121685780,1.205600,1.205600,1.205500,1.205500
1121685840,1.205600,1.205600,1.205500,1.205600
1121685960,1.205500,1.205500,1.205400,1.205400
1121686020,1.205500,1.205500,1.205400,1.205500
1121686080,1.205400,1.205500,1.205400,1.205500
1121686200,1.205400,1.205500,1.205400,1.205400
1121686260,1.205500,1.205500,1.205400,1.205400
1121686320,1.205500,1.205500,1.205300,1.205300
1121686380,1.205200,1.205300,1.205100,1.205300
1121686440,1.205200,1.205300,1.205100,1.205200
1121686500,1.205100,1.205500,1.205100,1.205500
1121686560,1.205400,1.205600,1.205300,1.205400
1121686620,1.205500,1.205700,1.205400,1.205600
1121686680,1.205500,1.205600,1.205500,1.205500
1121686740,1.205400,1.205500,1.205400,1.205400
1121686800,1.205500,1.205500,1.205400,1.205500
1121686860,1.205600,1.205600,1.205400,1.205400
1121686920,1.205500,1.205600,1.205400,1.205500
1121686980,1.205600,1.205600,1.205400,1.205600
1121687040,1.205500,1.205600,1.205500,1.205600
1121687100,1.205500,1.205700,1.205500,1.205700
1121687160,1.205600,1.205900,1.205600,1.205800
1121687220,1.205900,1.205900,1.205800,1.205800
1121687280,1.205900,1.206000,1.205900,1.205900
1121687340,1.206000,1.206000,1.205900,1.206000
1121687400,1.205900,1.206000,1.205900,1.206000
1121687460,1.206100,1.206100,1.206000,1.206100
1121687520,1.206000,1.206100,1.206000,1.206100
1121687580,1.206000,1.206000,1.205900,1.206000
1121687640,1.205900,1.205900,1.205900,1.205900
1121687700,1.206000,1.206000,1.205800,1.205800
1121687760,1.205900,1.205900,1.205800,1.205900
1121687820,1.205800,1.205800,1.205800,1.205800
1121687880,1.205900,1.205900,1.205900,1.205900
1121688000,1.206000,1.206000,1.206000,1.206000
1121688060,1.206100,1.206100,1.206000,1.206100
1121688120,1.206000,1.206200,1.206000,1.206100
1121688180,1.206000,1.206000,1.205900,1.205900
1121688240,1.206000,1.206000,1.205900,1.206000
1121688300,1.205900,1.206000,1.205700,1.205900
1121688360,1.205800,1.205800,1.205700,1.205700
1121688480,1.205600,1.205600,1.205400,1.205400
1121688540,1.205500,1.205600,1.205400,1.205600
1121688600,1.205500,1.205500,1.205500,1.205500
1121688660,1.205600,1.205800,1.205500,1.205800
1121688720,1.205700,1.205700,1.205500,1.205600
1121688780,1.205500,1.205700,1.205400,1.205700
1121688840,1.205600,1.205700,1.205600,1.205600
1121688900,1.205700,1.205800,1.205600,1.205800
1121688960,1.205900,1.205900,1.205900,1.205900
1121689080,1.205800,1.205900,1.205800,1.205900
1121689140,1.206000,1.206100,1.206000,1.206100
1121689200,1.206000,1.206100,1.205800,1.205900
1121689260,1.205800,1.205900,1.205800,1.205900
1121689320,1.205800,1.205900,1.205800,1.205900
1121689380,1.205800,1.205900,1.205500,1.205500
1121689440,1.205600,1.205700,1.205500,1.205600
1121689500,1.205500,1.205600,1.205500,1.205600
1121689620,1.205500,1.205600,1.205500,1.205600
1121689680,1.205500,1.205600,1.205200,1.205200
1121689740,1.205300,1.205300,1.205300,1.205300
1121689800,1.205400,1.205400,1.205300,1.205400
1121689860,1.205300,1.205400,1.205200,1.205400
1121689920,1.205300,1.205500,1.205200,1.205400
1121689980,1.205300,1.205500,1.205300,1.205400
1121690100,1.205500,1.205500,1.205400,1.205400
1121690160,1.205500,1.205500,1.205400,1.205400
1121690220,1.205300,1.205300,1.205300,1.205300
1121690280,1.205400,1.205400,1.205300,1.205400
1121690340,1.205300,1.205300,1.205300,1.205300
1121690460,1.205400,1.205400,1.205400,1.205400
1121690520,1.205300,1.205400,1.205300,1.205400
1121690640,1.205300,1.205400,1.205300,1.205300
1121690700,1.205400,1.205400,1.205300,1.205400
1121690760,1.205300,1.205400,1.205300,1.205400
1121690820,1.205300,1.205400,1.205300,1.205400
1121690880,1.205300,1.205400,1.205300,1.205400
1121691000,1.205500,1.205500,1.205400,1.205400
1121691060,1.205500,1.205500,1.205400,1.205400
1121691120,1.205500,1.205500,1.205400,1.205500
1121691240,1.205400,1.205500,1.205300,1.205400
1121691300,1.205300,1.205400,1.205100,1.205200
1121691360,1.205100,1.205200,1.205100,1.205200
1121691420,1.205100,1.205200,1.205100,1.205100
1121691480,1.205200,1.205200,1.204700,1.204900
1121691540,1.204800,1.205000,1.204700,1.204800
1121691600,1.204700,1.205100,1.204400,1.204700
1121691660,1.204800,1.205100,1.204600,1.204800
1121691720,1.204900,1.205300,1.204800,1.205300
1121691780,1.205200,1.205500,1.205200,1.205500
1121691840,1.205400,1.205600,1.205400,1.205500
1121691900,1.205400,1.206200,1.205400,1.206000
1121691960,1.206100,1.206600,1.206100,1.206300
1121692020,1.206200,1.206500,1.206200,1.206400
1121692080,1.206300,1.206300,1.206000,1.206000
1121692140,1.206100,1.206200,1.206000,1.206000
1121692200,1.205900,1.206000,1.205800,1.206000
1121692260,1.205900,1.205900,1.205700,1.205700
1121692320,1.205800,1.205800,1.205700,1.205800
1121692380,1.205700,1.205900,1.205600,1.205800
1121692440,1.205900,1.205900,1.205800,1.205800
1121692500,1.205700,1.205900,1.205700,1.205900
1121692560,1.206000,1.206000,1.205900,1.205900
1121692620,1.206000,1.206100,1.205900,1.206000
1121692680,1.206100,1.206400,1.206100,1.206300
1121692740,1.206400,1.206700,1.206300,1.206500
1121692800,1.206600,1.206600,1.206400,1.206400
1121692860,1.206500,1.206500,1.206400,1.206500
1121692920,1.206400,1.206600,1.206400,1.206600
1121692980,1.206500,1.206700,1.206200,1.206200
1121693040,1.206300,1.206300,1.206100,1.206200
1121693100,1.206100,1.206100,1.205900,1.206000
1121693160,1.205900,1.206000,1.205900,1.206000
1121693220,1.205900,1.206000,1.205800,1.206000
1121693280,1.206100,1.206200,1.206000,1.206100
1121693340,1.206000,1.206200,1.205900,1.206100
1121693400,1.206000,1.206000,1.205800,1.205800
1121693460,1.205700,1.205900,1.205700,1.205800
1121693520,1.205900,1.205900,1.205800,1.205800
1121693580,1.205900,1.205900,1.205800,1.205900
1121693640,1.205800,1.206000,1.205800,1.205900
1121693700,1.206000,1.206100,1.205900,1.206000
1121693760,1.206100,1.206300,1.206100,1.206300
1121693820,1.206200,1.206300,1.206200,1.206200
1121693880,1.206100,1.206700,1.206100,1.206700
1121693940,1.206800,1.206800,1.206700,1.206700
1121694000,1.206600,1.206700,1.206600,1.206600
1121694060,1.206700,1.207000,1.206600,1.206600
1121694120,1.206500,1.206600,1.206400,1.206400
1121694180,1.206500,1.206500,1.206400,1.206500
1121694240,1.206600,1.206800,1.206500,1.206800
1121694300,1.206700,1.207000,1.206700,1.206900
1121694360,1.207000,1.207100,1.206700,1.206700
1121694420,1.206800,1.206900,1.206700,1.206900
1121694480,1.206800,1.206800,1.206400,1.206500
1121694540,1.206600,1.206600,1.206500,1.206500
1121694600,1.206400,1.206400,1.206300,1.206400
1121694660,1.206500,1.206500,1.206200,1.206200
1121694720,1.206100,1.206300,1.205900,1.205900
1121694780,1.205800,1.205800,1.205700,1.205700
1121694840,1.205800,1.205800,1.205700,1.205700
1121694900,1.205800,1.205900,1.205800,1.205900
1121694960,1.206000,1.206000,1.205900,1.205900
1121695020,1.206000,1.206000,1.205900,1.205900
1121695080,1.206000,1.206000,1.205900,1.206000
1121695140,1.206100,1.206100,1.205900,1.205900
1121695200,1.205800,1.205900,1.205700,1.205700
1121695260,1.205800,1.205900,1.205700,1.205700
1121695320,1.205800,1.205800,1.205400,1.205400
1121695380,1.205500,1.205600,1.205400,1.205600
1121695440,1.205700,1.205700,1.205500,1.205500
1121695500,1.205600,1.205700,1.205600,1.205700
1121695560,1.205600,1.205800,1.205500,1.205800
1121695620,1.205700,1.205900,1.205700,1.205900
1121695680,1.205800,1.205900,1.205700,1.205800
1121695740,1.205700,1.205900,1.205700,1.205900
1121695800,1.206000,1.206000,1.205800,1.205900
1121695860,1.205800,1.205900,1.205800,1.205900
1121695920,1.206000,1.206100,1.206000,1.206000
1121695980,1.206100,1.206100,1.205900,1.205900
1121696040,1.206000,1.206000,1.205900,1.206000
1121696160,1.205900,1.206000,1.205900,1.205900
1121696220,1.206000,1.206000,1.205900,1.205900
1121696340,1.205800,1.206000,1.205800,1.206000
1121696400,1.206100,1.206300,1.206000,1.206300
1121696460,1.206200,1.206700,1.206200,1.206600
1121696520,1.206700,1.207100,1.206700,1.207100
1121696580,1.207000,1.207200,1.207000,1.207000
1121696640,1.207100,1.207100,1.206900,1.206900
1121696700,1.206800,1.206800,1.206500,1.206600
1121696760,1.206500,1.206600,1.206300,1.206300
1121696820,1.206200,1.206300,1.206200,1.206300
1121696880,1.206200,1.206300,1.206200,1.206300
1121696940,1.206400,1.206400,1.206200,1.206300
1121697000,1.206400,1.206600,1.206400,1.206500
1121697060,1.206600,1.206600,1.206400,1.206400
1121697120,1.206300,1.206500,1.206200,1.206400
1121697180,1.206300,1.206500,1.206300,1.206400
1121697240,1.206300,1.206400,1.205900,1.205900
1121697300,1.205800,1.205900,1.205600,1.205600
1121697360,1.205500,1.205800,1.205500,1.205600
1121697420,1.205500,1.205700,1.205500,1.205500
1121697480,1.205600,1.205700,1.205500,1.205600
1121697540,1.205500,1.205500,1.205400,1.205500
1121697600,1.205600,1.205600,1.205500,1.205500
1121697660,1.205400,1.205500,1.205300,1.205500
1121697720,1.205600,1.205700,1.205600,1.205700
1121697780,1.205800,1.205800,1.205700,1.205700
1121697840,1.205600,1.205700,1.205500,1.205600
1121697900,1.205700,1.205900,1.205600,1.205900
1121697960,1.206000,1.206700,1.206000,1.206700
1121698020,1.206800,1.206900,1.206600,1.206800
1121698080,1.206900,1.206900,1.206400,1.206400
1121698140,1.206300,1.206400,1.206100,1.206200
1121698200,1.206100,1.206200,1.206000,1.206100
1121698260,1.206000,1.206300,1.206000,1.206300
1121698320,1.206200,1.206200,1.206100,1.206100
1121698380,1.206200,1.206200,1.206200,1.206200
1121698440,1.206300,1.206300,1.206200,1.206200
1121698500,1.206100,1.206200,1.206100,1.206100
1121698560,1.206000,1.206100,1.205900,1.206000
1121698620,1.205900,1.206000,1.205900,1.205900
1121698680,1.205800,1.205800,1.205800,1.205800
1121698740,1.205900,1.205900,1.205800,1.205900
1121698800,1.206000,1.206000,1.205800,1.205900
1121698860,1.206000,1.206300,1.205900,1.206200
1121698920,1.206300,1.206600,1.206300,1.206500
1121698980,1.206400,1.206600,1.206400,1.206400
1121699040,1.206300,1.206400,1.206300,1.206400
1121699100,1.206500,1.206600,1.206400,1.206500
1121699160,1.206600,1.206800,1.206600,1.206800
1121699220,1.206700,1.206900,1.206700,1.206800
1121699280,1.206700,1.206700,1.206600,1.206600
1121699340,1.206700,1.207000,1.206600,1.206700
1121699400,1.206800,1.207000,1.206800,1.207000
1121699460,1.206900,1.207600,1.206900,1.207600
1121699520,1.207500,1.207700,1.207400,1.207500
1121699580,1.207400,1.207800,1.207400,1.207600
1121699640,1.207700,1.207800,1.207600,1.207700
1121699700,1.207800,1.207800,1.207700,1.207800
1121699760,1.207700,1.207700,1.207500,1.207500
1121699820,1.207600,1.207600,1.207300,1.207500
1121699880,1.207400,1.207700,1.207400,1.207700
1121699940,1.207600,1.207700,1.207400,1.207600
1121700000,1.207700,1.207700,1.207400,1.207400
1121700060,1.207300,1.207400,1.207200,1.207400
1121700120,1.207300,1.207800,1.207300,1.207700
1121700180,1.207800,1.207800,1.207600,1.207600
1121700240,1.207500,1.207600,1.207500,1.207500
1121700300,1.207600,1.207600,1.207300,1.207400
1121700360,1.207500,1.207500,1.207400,1.207400
1121700420,1.207300,1.207400,1.207300,1.207300
1121700480,1.207400,1.207700,1.207400,1.207700
1121700540,1.207600,1.207700,1.207300,1.207600
1121700600,1.207700,1.207800,1.207500,1.207600
1121700660,1.207500,1.207700,1.207500,1.207600
1121700720,1.207500,1.207700,1.207500,1.207600
1121700780,1.207500,1.207700,1.207500,1.207700
1121700840,1.207800,1.208000,1.207700,1.208000
1121700900,1.207900,1.208100,1.207900,1.208000
1121700960,1.207900,1.208100,1.207900,1.208000
1121701020,1.208100,1.208100,1.207900,1.208100
1121701080,1.208000,1.208700,1.208000,1.208400
1121701140,1.208300,1.208300,1.208100,1.208100
1121701200,1.208200,1.208600,1.208100,1.208100
1121701260,1.208000,1.208200,1.208000,1.208200
1121701320,1.208100,1.208300,1.208000,1.208100
1121701380,1.208200,1.208200,1.207900,1.207900
1121701440,1.207800,1.207900,1.207800,1.207900
1121701560,1.207800,1.207900,1.207700,1.207900
1121701620,1.207800,1.208400,1.207800,1.208200
1121701680,1.208100,1.208400,1.208000,1.208000
1121701740,1.208100,1.208300,1.208000,1.208100
1121701800,1.208200,1.208300,1.208100,1.208300
1121701860,1.208400,1.208400,1.208200,1.208400
1121701920,1.208500,1.209000,1.208500,1.209000
1121701980,1.208900,1.209100,1.208700,1.209000
1121702040,1.209100,1.209100,1.208800,1.208800
1121702100,1.208900,1.208900,1.208400,1.208400
1121702160,1.208500,1.208500,1.208300,1.208300
1121702220,1.208200,1.208200,1.207900,1.208000
1121702280,1.207900,1.208000,1.207800,1.207900
1121702340,1.208000,1.208000,1.207900,1.207900
1121702400,1.208000,1.208000,1.207900,1.207900
1121702460,1.208000,1.208000,1.207800,1.207900
1121702520,1.208000,1.208300,1.208000,1.208200
1121702580,1.208100,1.208100,1.208000,1.208100
1121702640,1.208000,1.208000,1.207900,1.208000
1121702700,1.207900,1.208100,1.207900,1.208100
1121702760,1.208200,1.208200,1.207900,1.207900
1121702820,1.208000,1.208000,1.207600,1.207700
1121702880,1.207600,1.207700,1.207400,1.207400
1121702940,1.207500,1.207500,1.207300,1.207400
1121703000,1.207300,1.207300,1.207000,1.207300
1121703060,1.207400,1.207400,1.207200,1.207200
1121703120,1.207300,1.207300,1.207200,1.207300
1121703180,1.207200,1.207300,1.207100,1.207300
1121703240,1.207400,1.207500,1.207400,1.207500
1121703300,1.207400,1.207500,1.207400,1.207400
1121703360,1.207300,1.207300,1.207200,1.207300
1121703420,1.207200,1.207500,1.207200,1.207300
1121703480,1.207200,1.207400,1.207200,1.207400
1121703540,1.207300,1.207400,1.207300,1.207300
1121703600,1.207400,1.207500,1.207400,1.207500
1121703660,1.207600,1.207800,1.207600,1.207800
1121703720,1.207900,1.207900,1.207500,1.207500
1121703780,1.207400,1.207700,1.207300,1.207700
1121703840,1.207600,1.207600,1.207600,1.207600
1121703900,1.207500,1.207500,1.207500,1.207500
1121703960,1.207400,1.207500,1.207400,1.207500
1121704020,1.207600,1.207600,1.207500,1.207500
1121704080,1.207600,1.207600,1.207400,1.207600
1121704140,1.207700,1.207700,1.207700,1.207700
1121704260,1.207600,1.207700,1.207600,1.207700
1121704320,1.207600,1.207800,1.207600,1.207700
1121704380,1.207800,1.207800,1.207700,1.207700
1121704440,1.207800,1.207800,1.207800,1.207800
1121704500,1.207700,1.207800,1.207700,1.207800
1121704560,1.207700,1.207800,1.207700,1.207800
1121704620,1.207700,1.207800,1.207700,1.207700
1121704680,1.207800,1.207900,1.207800,1.207900
1121704740,1.208000,1.208000,1.207900,1.207900
1121704800,1.207800,1.207800,1.207800,1.207800
1121704860,1.207700,1.207800,1.207700,1.207800
1121704920,1.207900,1.207900,1.207800,1.207800
1121704980,1.207900,1.207900,1.207800,1.207800
1121705040,1.207900,1.207900,1.207800,1.207800
1121705100,1.207700,1.207800,1.207700,1.207700
1121705160,1.207800,1.207800,1.207800,1.207800
1121705280,1.207700,1.207800,1.207700,1.207800
1121705400,1.207900,1.207900,1.207800,1.207800
1121705520,1.207900,1.207900,1.207800,1.207800
1121705580,1.207700,1.207700,1.207700,1.207700
1121705700,1.207600,1.207600,1.207600,1.207600
1121705760,1.207700,1.207700,1.207600,1.207600
1121705820,1.207700,1.207700,1.207600,1.207700
1121705880,1.207600,1.207600,1.207500,1.207500
1121705940,1.207400,1.207500,1.207300,1.207300
1121706000,1.207400,1.207400,1.207300,1.207400
1121706060,1.207300,1.207400,1.207200,1.207300
1121706120,1.207200,1.207300,1.207200,1.207200
1121706180,1.207300,1.207300,1.206800,1.206900
1121706240,1.206800,1.207000,1.206800,1.206900
1121706420,1.207000,1.207000,1.207000,1.207000
1121706480,1.207100,1.207100,1.207000,1.207000
1121706540,1.207100,1.207200,1.207000,1.207200
1121706600,1.207100,1.207100,1.207000,1.207100
1121706660,1.207000,1.207100,1.207000,1.207000
1121706720,1.206900,1.206900,1.206700,1.206700
1121706780,1.206800,1.206800,1.206700,1.206800
1121706840,1.206700,1.206700,1.206300,1.206500
1121706900,1.206400,1.206600,1.206400,1.206500
1121706960,1.206600,1.206600,1.206500,1.206500
1121707020,1.206600,1.206600,1.206500,1.206500
1121707080,1.206600,1.206600,1.206400,1.206400
1121707140,1.206300,1.206300,1.206100,1.206200
1121707200,1.206300,1.206400,1.206100,1.206300
1121707260,1.206400,1.206400,1.206300,1.206300
1121707320,1.206400,1.206500,1.206300,1.206500
1121707380,1.206400,1.206600,1.206400,1.206600
1121707440,1.206500,1.206600,1.206500,1.206500
1121707500,1.206600,1.206600,1.206500,1.206500
1121707560,1.206400,1.206500,1.206400,1.206500
1121707620,1.206400,1.206400,1.206200,1.206400
1121707680,1.206500,1.206500,1.206400,1.206500
1121707860,1.206400,1.206500,1.206400,1.206500
1121707980,1.206600,1.206600,1.206600,1.206600
1121708100,1.206700,1.206700,1.206600,1.206600
1121708160,1.206700,1.206700,1.206700,1.206700
1121708220,1.206600,1.206600,1.206500,1.206500
1121708280,1.206600,1.206600,1.206500,1.206500
1121708340,1.206600,1.206600,1.206400,1.206600
1121708400,1.206500,1.206500,1.206500,1.206500
1121708460,1.206400,1.206500,1.206400,1.206500
1121708520,1.206400,1.206400,1.206200,1.206400
1121708580,1.206300,1.206400,1.206100,1.206200
1121708700,1.206100,1.206200,1.206000,1.206000
1121708760,1.205900,1.206000,1.205900,1.205900
1121708820,1.206000,1.206200,1.206000,1.206100
1121708880,1.206000,1.206000,1.205800,1.205900
1121708940,1.206000,1.206000,1.205800,1.205800
1121709000,1.205900,1.206000,1.205900,1.205900
1121709060,1.206000,1.206000,1.205800,1.205900
1121709120,1.206000,1.206100,1.206000,1.206100
1121709180,1.206000,1.206100,1.206000,1.206100
1121709240,1.206000,1.206100,1.206000,1.206100
1121709300,1.206200,1.206200,1.206100,1.206200
1121709360,1.206300,1.206300,1.206300,1.206300
1121709420,1.206200,1.206400,1.206200,1.206400
1121709480,1.206300,1.206300,1.206300,1.206300
1121709540,1.206400,1.206400,1.206300,1.206300
1121709600,1.206400,1.206400,1.206300,1.206400
1121709660,1.206500,1.206500,1.206400,1.206500
1121709720,1.206600,1.206600,1.206600,1.206600
1121709780,1.206700,1.206700,1.206600,1.206600
1121709840,1.206500,1.206600,1.206500,1.206600
1121709900,1.206700,1.206700,1.206600,1.206600
1121709960,1.206500,1.206600,1.206300,1.206500
1121710020,1.206400,1.206500,1.206200,1.206300
1121710080,1.206200,1.206300,1.206200,1.206300
1121710140,1.206200,1.206400,1.206200,1.206200
1121710200,1.206100,1.206200,1.206000,1.206000
1121710260,1.206100,1.206100,1.206000,1.206000
1121710320,1.206100,1.206100,1.205800,1.205900
1121710380,1.205800,1.205900,1.205800,1.205900
1121710440,1.206000,1.206000,1.206000,1.206000
1121710500,1.206100,1.206100,1.205900,1.205900
1121710560,1.206000,1.206000,1.205900,1.206000
1121710620,1.205900,1.206000,1.205700,1.205800
1121710680,1.205900,1.205900,1.205900,1.205900
1121710740,1.205800,1.205900,1.205700,1.205900
1121710860,1.205800,1.205900,1.205400,1.205600
1121710920,1.205500,1.205600,1.205400,1.205400
1121710980,1.205300,1.205400,1.205100,1.205200
1121711040,1.205100,1.205300,1.205100,1.205300
1121711100,1.205200,1.205300,1.205100,1.205300
1121711160,1.205200,1.205300,1.205100,1.205300
1121711220,1.205200,1.205300,1.205200,1.205300
1121711280,1.205400,1.205600,1.205400,1.205500
1121711340,1.205400,1.205400,1.205400,1.205400
1121711400,1.205300,1.205500,1.205300,1.205400
1121711460,1.205500,1.205500,1.205400,1.205400
1121711520,1.205500,1.205500,1.205400,1.205500
1121711580,1.205600,1.205700,1.205500,1.205600
1121711640,1.205700,1.205800,1.205600,1.205800
1121711760,1.205700,1.205800,1.205500,1.205600
1121711820,1.205700,1.205800,1.205500,1.205800
1121711880,1.205900,1.205900,1.205700,1.205800
1121712000,1.205900,1.205900,1.205900,1.205900
1121712060,1.205800,1.205800,1.205700,1.205800
1121712300,1.205700,1.205800,1.205700,1.205800
1121712540,1.205700,1.205700,1.205700,1.205700
1121712780,1.205600,1.205600,1.205500,1.205600
1121712840,1.205500,1.205600,1.205500,1.205500
1121712960,1.205400,1.205400,1.205400,1.205400
1121713080,1.205500,1.205500,1.205400,1.205500
1121713140,1.205600,1.205700,1.205600,1.205600
1121713200,1.205500,1.205600,1.205400,1.205600
1121713260,1.205700,1.205700,1.205700,1.205700
1121713320,1.205800,1.205800,1.205600,1.205600
1121713380,1.205500,1.205600,1.205200,1.205200
1121713440,1.205300,1.205400,1.205000,1.205100
1121713500,1.205200,1.205300,1.205200,1.205300
1121713560,1.205200,1.205300,1.205200,1.205300
1121713620,1.205200,1.205200,1.205100,1.205100
1121713680,1.205200,1.205200,1.205200,1.205200
1121713800,1.205300,1.205400,1.205300,1.205300
1121713860,1.205400,1.205400,1.205300,1.205400
1121713920,1.205500,1.205500,1.205400,1.205400
1121713980,1.205500,1.205500,1.205500,1.205500
1121714040,1.205400,1.205500,1.205400,1.205500
1121714100,1.205400,1.205500,1.205400,1.205500
1121714220,1.205600,1.205800,1.205600,1.205700
1121714280,1.205600,1.205900,1.205600,1.205900
1121714340,1.205800,1.205800,1.205600,1.205700
1121714400,1.205800,1.205800,1.205800,1.205800
1121714460,1.205700,1.205700,1.205600,1.205700
1121714520,1.205800,1.205800,1.205600,1.205600
1121714580,1.205700,1.205700,1.205600,1.205600
1121714640,1.205700,1.205700,1.205600,1.205700
1121714700,1.205600,1.205600,1.205600,1.205600
1121714820,1.205500,1.205600,1.205500,1.205600
1121714880,1.205500,1.205600,1.205500,1.205600
1121714940,1.205700,1.205700,1.205600,1.205600
1121715000,1.205500,1.205600,1.205500,1.205500
1121715060,1.205600,1.205700,1.205600,1.205700
1121715120,1.205600,1.205700,1.205600,1.205700
1121715300,1.205600,1.205600,1.205600,1.205600
1121715360,1.205500,1.205500,1.205400,1.205500
1121715420,1.205400,1.205500,1.205400,1.205500
1121715480,1.205400,1.205500,1.205400,1.205500
1121715600,1.205400,1.205500,1.205400,1.205500
1121715780,1.205400,1.205500,1.205400,1.205500
1121715840,1.205400,1.205600,1.205400,1.205600
1121715960,1.205500,1.205600,1.205500,1.205600
1121716140,1.205500,1.205500,1.205500,1.205500
1121716260,1.205600,1.205600,1.205500,1.205500
1121716500,1.205400,1.205400,1.205400,1.205400
1121716620,1.205500,1.205500,1.205500,1.205500
1121716680,1.205400,1.205400,1.205400,1.205400
1121716740,1.205500,1.205500,1.205400,1.205500
1121716800,1.205400,1.205500,1.205400,1.205500
1121716860,1.205400,1.205400,1.205400,1.205400
1121716920,1.205500,1.205500,1.205400,1.205400
1121717040,1.205500,1.205500,1.205400,1.205400
1121717160,1.205500,1.205500,1.205400,1.205400
1121717220,1.205500,1.205500,1.205500,1.205500
1121717520,1.205600,1.205600,1.205600,1.205600
1121717700,1.205500,1.205500,1.205500,1.205500
1121717760,1.205600,1.205600,1.205500,1.205500
1121717820,1.205600,1.205600,1.205600,1.205600
1121717940,1.205500,1.205500,1.205500,1.205500
1121718060,1.205600,1.205600,1.205500,1.205500
1121718120,1.205600,1.205800,1.205600,1.205700
1121718180,1.205800,1.205800,1.205700,1.205800
1121718240,1.205900,1.205900,1.205900,1.205900
1121718300,1.206000,1.206000,1.205900,1.206000
1121718360,1.205900,1.205900,1.205900,1.205900
1121718420,1.206000,1.206000,1.205800,1.205800
1121718480,1.205900,1.206000,1.205800,1.206000
1121718540,1.206100,1.206100,1.206000,1.206000
1121718600,1.206100,1.206100,1.206100,1.206100
1121718660,1.206000,1.206000,1.205900,1.205900
1121718720,1.206000,1.206100,1.206000,1.206100
1121718840,1.206000,1.206200,1.206000,1.206200
1121718900,1.206100,1.206200,1.206000,1.206000
1121718960,1.206100,1.206100,1.206000,1.206000
1121719200,1.205900,1.206000,1.205900,1.205900
1121719260,1.206000,1.206000,1.206000,1.206000
1121719380,1.205900,1.205900,1.205900,1.205900
1121719440,1.205800,1.205800,1.205800,1.205800
1121719620,1.205700,1.205800,1.205700,1.205700
1121719680,1.205800,1.205800,1.205700,1.205700
1121719860,1.205600,1.205700,1.205600,1.205700
1121719920,1.205600,1.205600,1.205600,1.205600
1121719980,1.205500,1.205500,1.205300,1.205400
1121720040,1.205500,1.205600,1.205400,1.205400
1121720100,1.205500,1.205500,1.205500,1.205500
1121720160,1.205400,1.205500,1.205400,1.205500
1121720220,1.205400,1.205400,1.205400,1.205400
1121721840,1.205500,1.205500,1.205400,1.205400
1121721900,1.205500,1.205500,1.205400,1.205400
1121722140,1.205500,1.205500,1.205300,1.205300
1121722200,1.205400,1.205400,1.205300,1.205300
1121722260,1.205400,1.205400,1.205300,1.205400
1121722380,1.205300,1.205300,1.205300,1.205300
1121722800,1.205400,1.205400,1.205300,1.205400
1121722860,1.205300,1.205400,1.205000,1.205100
1121723040,1.205200,1.205300,1.205200,1.205200
1121723100,1.205300,1.205300,1.205300,1.205300
1121723160,1.205200,1.205200,1.205200,1.205200
1121723220,1.205300,1.205500,1.205300,1.205500
1121723280,1.205400,1.205400,1.205400,1.205400
1121723340,1.205300,1.205300,1.205300,1.205300
1121723520,1.205200,1.205200,1.205200,1.205200
1121723700,1.205100,1.205300,1.205100,1.205200
1121723820,1.205100,1.205200,1.205100,1.205100
1121723880,1.205000,1.205100,1.205000,1.205100
1121724180,1.205200,1.205200,1.205200,1.205200
1121724240,1.205300,1.205300,1.205300,1.205300
1121724360,1.205200,1.205200,1.205200,1.205200
1121724540,1.205300,1.205300,1.205300,1.205300
1121724600,1.205400,1.205500,1.205400,1.205500
1121724660,1.205400,1.205400,1.205400,1.205400
1121724720,1.205300,1.205500,1.205300,1.205300
1121724780,1.205200,1.205200,1.205100,1.205100
1121724840,1.205200,1.205300,1.205200,1.205300
1121724900,1.205400,1.205500,1.205300,1.205500
1121724960,1.205400,1.205400,1.205400,1.205400
1121725380,1.205300,1.205400,1.205300,1.205400
1121725500,1.205500,1.205500,1.205400,1.205400
1121725560,1.205300,1.205500,1.205200,1.205500
1121725680,1.205600,1.205600,1.205400,1.205400
1121725740,1.205300,1.205300,1.205200,1.205200
1121725800,1.205300,1.205300,1.205200,1.205300
1121726340,1.205400,1.205400,1.205400,1.205400
1121726400,1.205500,1.205600,1.205400,1.205600
1121726460,1.205500,1.205500,1.205300,1.205500
1121726520,1.205600,1.205600,1.205500,1.205500
1121726640,1.205600,1.205600,1.205400,1.205600
1121726880,1.205500,1.205500,1.205500,1.205500
1121727000,1.205400,1.205400,1.205400,1.205400
1121727060,1.205500,1.205500,1.205500,1.205500
1121727360,1.205400,1.205500,1.205100,1.205100
1121727420,1.205200,1.205300,1.205100,1.205200
1121727480,1.205300,1.205400,1.205300,1.205400
1121727540,1.205500,1.205500,1.205300,1.205400
1121727660,1.205300,1.205400,1.205200,1.205400
1121727720,1.205300,1.205400,1.205300,1.205400
1121727780,1.205500,1.205500,1.205400,1.205400
1121727840,1.205300,1.205300,1.205200,1.205300
1121727900,1.205200,1.205300,1.205200,1.205300
1121727960,1.205200,1.205200,1.205200,1.205200
1121728020,1.205300,1.205300,1.205300,1.205300
1121728080,1.205400,1.205400,1.205400,1.205400
1121728260,1.205500,1.205500,1.205500,1.205500
1121728380,1.205400,1.205500,1.205400,1.205400
1121728440,1.205500,1.205500,1.205500,1.205500
1121728740,1.205600,1.205600,1.205600,1.205600
1121728800,1.205700,1.205700,1.205600,1.205700
1121728860,1.205600,1.205700,1.205600,1.205700
1121728920,1.205600,1.205700,1.205600,1.205600
1121729040,1.205700,1.205700,1.205700,1.205700
1121729160,1.205800,1.205800,1.205800,1.205800
1121729460,1.205900,1.206300,1.205900,1.206200
1121729520,1.206100,1.206500,1.206000,1.206500
1121729580,1.206600,1.206700,1.206400,1.206500
1121729640,1.206600,1.206700,1.206600,1.206600
1121729700,1.206500,1.206600,1.206400,1.206400
1121729760,1.206300,1.206600,1.206300,1.206500
1121729820,1.206400,1.206400,1.206200,1.206300
1121729880,1.206400,1.206400,1.206300,1.206300
1121730000,1.206400,1.206500,1.206300,1.206300
1121730060,1.206200,1.206300,1.206000,1.206300
1121730120,1.206200,1.206400,1.206200,1.206400
1121730180,1.206300,1.206300,1.206300,1.206300
1121730240,1.206200,1.206300,1.206200,1.206200
1121730300,1.206100,1.206200,1.206100,1.206200
1121730360,1.206100,1.206400,1.206000,1.206300
1121730420,1.206200,1.206300,1.206000,1.206200
1121730480,1.206300,1.206300,1.206000,1.206200
1121730540,1.206100,1.206200,1.206100,1.206100
1121730600,1.206200,1.206200,1.206100,1.206100
1121730660,1.206200,1.206200,1.206200,1.206200
1121730780,1.206300,1.206400,1.206200,1.206400
1121730900,1.206300,1.206400,1.206300,1.206300
1121731140,1.206400,1.206400,1.206400,1.206400
1121731260,1.206300,1.206300,1.206300,1.206300
1121731320,1.206400,1.206500,1.206300,1.206300
1121731380,1.206400,1.206400,1.206300,1.206300
1121731440,1.206400,1.206400,1.206200,1.206300
1121731560,1.206200,1.206300,1.206100,1.206200
1121731680,1.206100,1.206200,1.206100,1.206100
1121731860,1.206000,1.206200,1.205900,1.205900
1121731920,1.205800,1.205900,1.205600,1.205600
1121731980,1.205500,1.205700,1.205400,1.205400
1121732040,1.205500,1.205500,1.205500,1.205500
1121732100,1.205600,1.205600,1.205500,1.205500
1121732160,1.205600,1.205700,1.205600,1.205600
1121732220,1.205700,1.205700,1.205600,1.205700
1121732280,1.205800,1.205900,1.205800,1.205800
1121732340,1.205900,1.205900,1.205700,1.205700
1121732580,1.205600,1.205600,1.205500,1.205600
1121732640,1.205500,1.205500,1.205300,1.205400
1121732880,1.205500,1.205600,1.205500,1.205600
1121732940,1.205700,1.205700,1.205600,1.205700
1121733000,1.205800,1.205800,1.205700,1.205700
1121733060,1.205600,1.205700,1.205600,1.205600
1121733120,1.205500,1.205600,1.205500,1.205500
1121733180,1.205600,1.205700,1.205500,1.205500
1121733240,1.205600,1.205800,1.205600,1.205700
1121733300,1.205600,1.205600,1.205500,1.205600
1121733360,1.205700,1.205800,1.205500,1.205600
1121733420,1.205700,1.205800,1.205600,1.205700
1121733480,1.205600,1.205700,1.205600,1.205700
1121733540,1.205600,1.205700,1.205500,1.205600
1121733660,1.205500,1.205500,1.205500,1.205500
1121733720,1.205400,1.205500,1.205300,1.205400
1121733780,1.205300,1.205400,1.205300,1.205300
1121733840,1.205200,1.205400,1.205200,1.205300
1121733900,1.205400,1.205400,1.205200,1.205300
1121733960,1.205400,1.205400,1.205300,1.205400
1121734020,1.205500,1.205600,1.205400,1.205600
1121734140,1.205500,1.205500,1.205500,1.205500
1121734200,1.205400,1.205500,1.205400,1.205400
1121734260,1.205500,1.205500,1.205400,1.205400
1121734320,1.205500,1.205800,1.205500,1.205700
1121734380,1.205600,1.205900,1.205600,1.205900
1121734440,1.206000,1.206300,1.205800,1.206300
1121734500,1.206200,1.206200,1.205800,1.205900
1121734560,1.205800,1.205900,1.205800,1.205900
1121734620,1.205800,1.205800,1.205800,1.205800
1121734680,1.205700,1.205800,1.205700,1.205800
1121734740,1.205700,1.205800,1.205700,1.205800
1121734800,1.205700,1.205700,1.205600,1.205700
1121734860,1.205800,1.205800,1.205700,1.205700
1121734920,1.205600,1.205700,1.205400,1.205400
1121734980,1.205500,1.205500,1.205400,1.205400
1121735040,1.205300,1.205400,1.205000,1.205100
1121735100,1.205000,1.205100,1.205000,1.205000
1121735160,1.205100,1.205100,1.205000,1.205000
1121735340,1.205100,1.205100,1.205000,1.205000
1121735400,1.205100,1.205100,1.205000,1.205000
1121735460,1.205100,1.205100,1.205000,1.205000
1121735640,1.205100,1.205100,1.205000,1.205000
1121735700,1.205100,1.205300,1.205000,1.205300
1121735760,1.205200,1.205300,1.205100,1.205300
1121735820,1.205200,1.205300,1.205200,1.205200
1121735880,1.205300,1.205300,1.205200,1.205200
1121735940,1.205100,1.205200,1.205100,1.205200
1121736000,1.205100,1.205400,1.205100,1.205400
1121736060,1.205500,1.205500,1.205500,1.205500
1121736120,1.205400,1.205500,1.205400,1.205500
1121736180,1.205400,1.205500,1.205400,1.205500
1121736240,1.205400,1.205400,1.205400,1.205400
1121736300,1.205500,1.205500,1.205300,1.205300
1121736480,1.205400,1.205400,1.205300,1.205300
1121736660,1.205400,1.205400,1.205300,1.205300
1121736720,1.205200,1.205300,1.205000,1.205100
1121736780,1.205000,1.205000,1.205000,1.205000
1121736900,1.205100,1.205200,1.205100,1.205200
1121736960,1.205100,1.205100,1.205000,1.205000
1121737020,1.205100,1.205100,1.205000,1.205100
1121737080,1.205000,1.205000,1.205000,1.205000
1121737200,1.205100,1.205100,1.205100,1.205100
1121737320,1.205200,1.205200,1.205100,1.205200
1121737380,1.205100,1.205200,1.205100,1.205100
1121737560,1.205200,1.205200,1.205200,1.205200
1121737620,1.205100,1.205300,1.205100,1.205300
1121737680,1.205400,1.205400,1.205300,1.205400
1121737740,1.205500,1.205500,1.205500,1.205500
1121737800,1.205400,1.205500,1.205400,1.205500
1121737860,1.205400,1.205500,1.205400,1.205400
1121737920,1.205500,1.205500,1.205500,1.205500
1121737980,1.205400,1.205500,1.205400,1.205400
1121738040,1.205500,1.205500,1.205400,1.205400
1121738220,1.205500,1.205500,1.205400,1.205500
1121738520,1.205400,1.205500,1.205400,1.205400
1121738580,1.205500,1.205500,1.205500,1.205500
1121738640,1.205400,1.205500,1.205400,1.205500
1121738700,1.205400,1.205400,1.205400,1.205400
1121738880,1.205300,1.205400,1.205300,1.205300
1121738940,1.205200,1.205200,1.205200,1.205200
1121739000,1.205300,1.205300,1.205200,1.205200
1121739060,1.205300,1.205300,1.205200,1.205300
1121739120,1.205200,1.205200,1.205200,1.205200
1121739180,1.205300,1.205300,1.205200,1.205300
1121739360,1.205400,1.205400,1.205400,1.205400
1121739420,1.205300,1.205300,1.205300,1.205300
1121739480,1.205200,1.205200,1.205200,1.205200
1121739540,1.205300,1.205300,1.205300,1.205300
1121739660,1.205400,1.205400,1.205200,1.205200
1121739720,1.205300,1.205300,1.205300,1.205300
1121739780,1.205200,1.205400,1.205200,1.205300
1121739900,1.205400,1.205400,1.205300,1.205400
1121739960,1.205300,1.205400,1.205300,1.205400
1121740020,1.205300,1.205300,1.205300,1.205300
1121740080,1.205200,1.205300,1.205200,1.205300
1121740140,1.205200,1.205300,1.205200,1.205300
1121740380,1.205200,1.205300,1.205200,1.205200
1121740440,1.205300,1.205300,1.205200,1.205300
1121740500,1.205200,1.205300,1.205200,1.205300
1121740560,1.205200,1.205200,1.205200,1.205200
1121740740,1.205100,1.205100,1.205100,1.205100
1121740800,1.205200,1.205200,1.205200,1.205200
1121740860,1.205100,1.205100,1.205100,1.205100
1121740920,1.205200,1.205200,1.205100,1.205200
1121741040,1.205100,1.205300,1.205100,1.205300
1121741100,1.205200,1.205300,1.205200,1.205300
1121741760,1.205400,1.205400,1.205400,1.205400
1121741820,1.205300,1.205400,1.205300,1.205400
1121741880,1.205500,1.205500,1.205500,1.205500
1121742000,1.205400,1.205400,1.205400,1.205400
1121742120,1.205300,1.205300,1.205300,1.205300
1121742180,1.205200,1.205400,1.205200,1.205300
1121742300,1.205400,1.205400,1.205400,1.205400
1121742480,1.205300,1.205400,1.205300,1.205400
1121742600,1.205300,1.205400,1.205300,1.205400
1121742720,1.205500,1.205500,1.205500,1.205500
1121742780,1.205600,1.205600,1.205600,1.205600
1121742840,1.205500,1.205600,1.205500,1.205500
1121742900,1.205600,1.205800,1.205500,1.205700
1121742960,1.205800,1.205800,1.205700,1.205800
1121743020,1.205700,1.205800,1.205700,1.205700
1121743080,1.205800,1.205800,1.205800,1.205800
1121743200,1.205700,1.205700,1.205700,1.205700
1121743260,1.205800,1.205800,1.205700,1.205800
1121743320,1.205700,1.205700,1.205700,1.205700
1121743380,1.205800,1.205800,1.205700,1.205700
1121743440,1.205800,1.205900,1.205700,1.205800
1121743500,1.205900,1.205900,1.205800,1.205800
1121743560,1.205900,1.205900,1.205800,1.205800
1121743620,1.205900,1.205900,1.205900,1.205900
1121743680,1.205800,1.205900,1.205800,1.205900
1121743860,1.206000,1.206200,1.206000,1.206000
1121743920,1.206100,1.206300,1.206000,1.206300
1121743980,1.206200,1.206200,1.206200,1.206200
1121744040,1.206100,1.206200,1.206100,1.206200
1121744160,1.206100,1.206100,1.206100,1.206100
1121744220,1.206200,1.206200,1.206200,1.206200
1121744400,1.206100,1.206200,1.206100,1.206100
1121744520,1.206000,1.206000,1.205900,1.205900
1121744580,1.206000,1.206100,1.205900,1.205900
1121744820,1.205800,1.205800,1.205700,1.205700
1121744880,1.205800,1.205800,1.205700,1.205700
1121744940,1.205600,1.205600,1.205600,1.205600
1121745000,1.205700,1.205700,1.205400,1.205400
1121745060,1.205500,1.205600,1.205400,1.205400
1121745120,1.205300,1.205400,1.205300,1.205400
1121745180,1.205300,1.205400,1.205300,1.205400
1121745240,1.205300,1.205400,1.205300,1.205400
1121745300,1.205500,1.205600,1.205400,1.205400
1121745360,1.205500,1.205500,1.205400,1.205400
1121745420,1.205300,1.205400,1.205300,1.205400
1121745480,1.205300,1.205300,1.205300,1.205300
1121745540,1.205400,1.205400,1.205300,1.205400
