time,open,high,low,close
1164344400,116.390000,116.390000,116.380000,116.390000
1164344460,116.380000,116.380000,116.380000,116.380000
1164344520,116.370000,116.380000,116.370000,116.370000
1164344580,116.380000,116.390000,116.370000,116.380000
1164344640,116.390000,116.390000,116.380000,116.380000
1164344700,116.390000,116.390000,116.380000,116.390000
1164344760,116.380000,116.400000,116.380000,116.400000
1164344820,116.390000,116.390000,116.390000,116.390000
1164344880,116.400000,116.400000,116.390000,116.400000
1164344940,116.410000,116.410000,116.410000,116.410000
1164345000,116.420000,116.420000,116.410000,116.410000
1164345060,116.420000,116.420000,116.410000,116.410000
1164345120,116.400000,116.410000,116.400000,116.410000
1164345180,116.420000,116.420000,116.410000,116.410000
1164345240,116.420000,116.420000,116.410000,116.420000
1164345300,116.410000,116.420000,116.410000,116.420000
1164345420,116.410000,116.420000,116.410000,116.420000
1164345480,116.410000,116.420000,116.410000,116.420000
1164345540,116.410000,116.420000,116.410000,116.420000
1164345720,116.430000,116.430000,116.420000,116.430000
1164345780,116.420000,116.430000,116.420000,116.430000
1164345840,116.420000,116.430000,116.420000,116.420000
1164345900,116.430000,116.430000,116.430000,116.430000
1164345960,116.420000,116.420000,116.420000,116.420000
1164346020,116.410000,116.420000,116.410000,116.410000
1164346260,116.400000,116.410000,116.400000,116.410000
1164346440,116.420000,116.420000,116.410000,116.410000
1164346500,116.400000,116.410000,116.400000,116.410000
1164346620,116.400000,116.400000,116.400000,116.400000
1164346740,116.410000,116.410000,116.400000,116.400000
1164346800,116.410000,116.410000,116.400000,116.400000
1164346860,116.410000,116.410000,116.410000,116.410000
1164347220,116.400000,116.410000,116.400000,116.400000
1164347280,116.410000,116.410000,116.400000,116.400000
1164347460,116.410000,116.410000,116.400000,116.410000
1164347580,116.400000,116.410000,116.400000,116.400000
1164347640,116.410000,116.410000,116.400000,116.410000
1164347700,116.400000,116.410000,116.400000,116.400000
1164347820,116.410000,116.410000,116.410000,116.410000
1164347880,116.400000,116.400000,116.400000,116.400000
1164348000,116.390000,116.400000,116.380000,116.380000
1164348060,116.390000,116.390000,116.380000,116.380000
1164348120,116.370000,116.380000,116.370000,116.380000
1164348240,116.370000,116.380000,116.370000,116.370000
1164348300,116.380000,116.380000,116.380000,116.380000
1164348360,116.390000,116.390000,116.390000,116.390000
1164348420,116.380000,116.380000,116.380000,116.380000
1164348480,116.390000,116.390000,116.380000,116.390000
1164348660,116.400000,116.400000,116.400000,116.400000
1164348720,116.390000,116.400000,116.390000,116.400000
1164348780,116.390000,116.390000,116.390000,116.390000
1164348840,116.400000,116.400000,116.390000,116.400000
1164348900,116.390000,116.390000,116.390000,116.390000
1164348960,116.400000,116.400000,116.390000,116.390000
1164349020,116.400000,116.400000,116.390000,116.400000
1164349080,116.390000,116.400000,116.390000,116.390000
1164349200,116.400000,116.400000,116.380000,116.390000
1164349260,116.380000,116.390000,116.380000,116.380000
1164349320,116.390000,116.390000,116.380000,116.380000
1164349380,116.390000,116.400000,116.390000,116.390000
1164349440,116.400000,116.400000,116.390000,116.390000
1164349620,116.400000,116.400000,116.390000,116.390000
1164349680,116.400000,116.400000,116.390000,116.400000
1164349740,116.390000,116.390000,116.390000,116.390000
1164349800,116.380000,116.390000,116.380000,116.380000
1164349860,116.390000,116.390000,116.380000,116.380000
1164349920,116.370000,116.370000,116.370000,116.370000
1164349980,116.380000,116.380000,116.370000,116.370000
1164350160,116.360000,116.370000,116.350000,116.350000
1164350220,116.340000,116.350000,116.340000,116.340000
1164350280,116.350000,116.350000,116.340000,116.340000
1164350400,116.350000,116.350000,116.350000,116.350000
1164350460,116.340000,116.350000,116.340000,116.350000
1164350580,116.360000,116.360000,116.340000,116.340000
1164350640,116.350000,116.350000,116.350000,116.350000
1164350700,116.340000,116.350000,116.340000,116.340000
1164350760,116.350000,116.350000,116.350000,116.350000
1164350820,116.340000,116.340000,116.330000,116.330000
1164350880,116.340000,116.340000,116.340000,116.340000
1164350940,116.330000,116.350000,116.330000,116.340000
1164351000,116.330000,116.340000,116.330000,116.340000
1164351060,116.330000,116.350000,116.330000,116.350000
1164351120,116.340000,116.350000,116.320000,116.350000
1164351180,116.340000,116.350000,116.330000,116.340000
1164351240,116.330000,116.340000,116.330000,116.340000
1164351300,116.330000,116.340000,116.320000,116.330000
1164351360,116.320000,116.320000,116.320000,116.320000
1164351420,116.330000,116.330000,116.320000,116.330000
1164351480,116.320000,116.330000,116.320000,116.330000
1164351600,116.320000,116.320000,116.300000,116.300000
1164351660,116.310000,116.310000,116.280000,116.280000
1164351720,116.270000,116.280000,116.260000,116.270000
1164351780,116.280000,116.280000,116.270000,116.280000
1164351840,116.290000,116.290000,116.270000,116.270000
1164351900,116.280000,116.280000,116.270000,116.270000
1164351960,116.280000,116.280000,116.270000,116.280000
1164352020,116.270000,116.280000,116.270000,116.280000
1164352080,116.270000,116.290000,116.270000,116.290000
1164352140,116.300000,116.300000,116.300000,116.300000
1164352200,116.290000,116.320000,116.290000,116.320000
1164352260,116.310000,116.320000,116.310000,116.310000
1164352320,116.320000,116.320000,116.310000,116.310000
1164352380,116.320000,116.320000,116.310000,116.320000
1164352440,116.310000,116.320000,116.310000,116.320000
1164352620,116.330000,116.330000,116.330000,116.330000
1164352680,116.340000,116.350000,116.340000,116.340000
1164352740,116.350000,116.350000,116.340000,116.340000
1164352800,116.350000,116.350000,116.340000,116.340000
1164352860,116.330000,116.340000,116.330000,116.340000
1164352980,116.330000,116.340000,116.330000,116.330000
1164353040,116.340000,116.350000,116.330000,116.340000
1164353100,116.330000,116.330000,116.330000,116.330000
1164353160,116.340000,116.340000,116.340000,116.340000
1164353220,116.350000,116.370000,116.340000,116.360000
1164353280,116.350000,116.360000,116.350000,116.350000
1164353340,116.340000,116.350000,116.340000,116.350000
1164353400,116.340000,116.350000,116.340000,116.350000
1164353460,116.360000,116.370000,116.350000,116.370000
1164353520,116.380000,116.390000,116.360000,116.360000
1164353580,116.370000,116.370000,116.370000,116.370000
1164353640,116.380000,116.380000,116.380000,116.380000
1164353700,116.370000,116.390000,116.370000,116.380000
1164353760,116.370000,116.380000,116.370000,116.370000
1164353820,116.380000,116.390000,116.370000,116.380000
1164353880,116.370000,116.370000,116.370000,116.370000
1164353940,116.380000,116.390000,116.370000,116.380000
1164354000,116.390000,116.390000,116.390000,116.390000
1164354060,116.380000,116.390000,116.380000,116.390000
1164354120,116.400000,116.400000,116.390000,116.390000
1164354180,116.400000,116.400000,116.390000,116.390000
1164354240,116.400000,116.400000,116.390000,116.390000
1164354360,116.380000,116.380000,116.380000,116.380000
1164354420,116.390000,116.390000,116.390000,116.390000
1164354480,116.380000,116.380000,116.370000,116.380000
1164354540,116.390000,116.390000,116.370000,116.370000
1164354600,116.380000,116.380000,116.360000,116.370000
1164354660,116.360000,116.370000,116.360000,116.360000
1164354720,116.350000,116.350000,116.340000,116.350000
1164354780,116.340000,116.340000,116.330000,116.340000
1164354840,116.330000,116.340000,116.330000,116.340000
1164354900,116.350000,116.360000,116.340000,116.360000
1164354960,116.350000,116.360000,116.350000,116.360000
1164355020,116.350000,116.360000,116.340000,116.340000
1164355080,116.350000,116.370000,116.340000,116.360000
1164355140,116.370000,116.380000,116.370000,116.370000
1164355200,116.360000,116.360000,116.340000,116.340000
1164355260,116.330000,116.340000,116.330000,116.330000
1164355320,116.320000,116.330000,116.320000,116.320000
1164355380,116.310000,116.310000,116.290000,116.290000
1164355440,116.300000,116.310000,116.300000,116.300000
1164355620,116.310000,116.310000,116.310000,116.310000
1164355680,116.320000,116.320000,116.310000,116.310000
1164355740,116.320000,116.330000,116.320000,116.330000
1164355800,116.340000,116.350000,116.340000,116.350000
1164355860,116.340000,116.340000,116.330000,116.330000
1164355920,116.340000,116.340000,116.330000,116.330000
1164356040,116.320000,116.320000,116.320000,116.320000
1164356100,116.330000,116.330000,116.330000,116.330000
1164356160,116.340000,116.340000,116.310000,116.310000
1164356220,116.310000,116.330000,116.300000,116.300000
1164356280,116.290000,116.300000,116.280000,116.290000
1164356340,116.280000,116.280000,116.240000,116.240000
1164356400,116.250000,116.250000,116.200000,116.230000
1164356460,116.230000,116.240000,116.210000,116.220000
1164356520,116.210000,116.210000,116.180000,116.180000
1164356580,116.170000,116.170000,116.100000,116.120000
1164356640,116.130000,116.150000,116.090000,116.090000
1164356700,116.100000,116.100000,116.010000,116.040000
1164356760,116.030000,116.060000,116.030000,116.030000
1164356820,116.040000,116.110000,116.040000,116.070000
1164356880,116.060000,116.080000,116.010000,116.080000
1164356940,116.070000,116.080000,116.030000,116.040000
1164357000,116.030000,116.030000,115.960000,116.000000
1164357060,116.010000,116.010000,115.930000,115.930000
1164357120,115.920000,115.930000,115.850000,115.870000
1164357180,115.860000,115.870000,115.800000,115.810000
1164357240,115.820000,115.890000,115.800000,115.870000
1164357300,115.860000,115.940000,115.810000,115.920000
1164357360,115.900000,115.960000,115.850000,115.950000
1164357420,115.960000,116.060000,115.960000,116.030000
1164357480,116.040000,116.050000,115.930000,115.940000
1164357540,115.930000,115.930000,115.890000,115.930000
1164357600,115.960000,115.980000,115.940000,115.970000
1164357660,115.960000,115.980000,115.920000,115.920000
1164357720,115.930000,115.950000,115.870000,115.870000
1164357780,115.860000,115.880000,115.830000,115.860000
1164357840,115.870000,115.870000,115.860000,115.860000
1164357900,115.850000,115.880000,115.840000,115.870000
1164357960,115.860000,115.870000,115.820000,115.830000
1164358020,115.790000,115.810000,115.700000,115.710000
1164358080,115.720000,115.730000,115.690000,115.720000
1164358140,115.730000,115.850000,115.730000,115.840000
1164358200,115.830000,115.840000,115.810000,115.820000
1164358260,115.830000,115.860000,115.830000,115.860000
1164358320,115.850000,115.870000,115.840000,115.870000
1164358380,115.880000,115.910000,115.880000,115.910000
1164358440,115.900000,115.940000,115.880000,115.910000
1164358500,115.900000,115.900000,115.860000,115.870000
1164358560,115.880000,115.890000,115.870000,115.890000
1164358620,115.900000,115.910000,115.900000,115.900000
1164358680,115.890000,115.910000,115.890000,115.900000
1164358740,115.910000,115.930000,115.890000,115.930000
1164358800,115.940000,115.940000,115.900000,115.910000
1164358860,115.900000,115.940000,115.900000,115.930000
1164358920,115.940000,115.960000,115.920000,115.940000
1164358980,115.930000,115.940000,115.910000,115.910000
1164359040,115.920000,115.920000,115.890000,115.900000
1164359100,115.890000,115.900000,115.870000,115.870000
1164359160,115.880000,115.900000,115.880000,115.900000
1164359220,115.890000,115.900000,115.870000,115.880000
1164359280,115.890000,115.890000,115.880000,115.880000
1164359340,115.870000,115.880000,115.860000,115.860000
1164359400,115.870000,115.870000,115.850000,115.860000
1164359460,115.870000,115.880000,115.860000,115.880000
1164359520,115.890000,115.900000,115.890000,115.890000
1164359580,115.900000,115.900000,115.880000,115.890000
1164359640,115.880000,115.890000,115.870000,115.870000
1164359700,115.880000,115.890000,115.850000,115.890000
1164359760,115.900000,115.930000,115.880000,115.910000
1164359820,115.900000,115.940000,115.900000,115.920000
1164359880,115.910000,115.910000,115.900000,115.910000
1164359940,115.920000,115.930000,115.910000,115.910000
1164360000,115.900000,115.900000,115.870000,115.900000
1164360060,115.910000,115.910000,115.880000,115.890000
1164360120,115.880000,115.930000,115.880000,115.920000
1164360180,115.930000,115.950000,115.930000,115.930000
1164360240,115.940000,115.940000,115.920000,115.930000
1164360300,115.920000,115.950000,115.920000,115.950000
1164360360,115.940000,115.950000,115.940000,115.940000
1164360420,115.950000,115.960000,115.940000,115.960000
1164360480,115.950000,115.960000,115.950000,115.960000
1164360540,115.950000,115.960000,115.950000,115.950000
1164360600,115.960000,115.990000,115.960000,115.990000
1164360660,116.000000,116.000000,115.970000,115.980000
1164360720,115.990000,115.990000,115.950000,115.960000
1164360780,115.950000,115.960000,115.950000,115.950000
1164360840,115.960000,115.970000,115.950000,115.960000
1164360900,115.950000,115.960000,115.940000,115.940000
1164360960,115.930000,115.940000,115.930000,115.930000
1164361020,115.920000,115.930000,115.920000,115.930000
1164361080,115.920000,115.920000,115.910000,115.920000
1164361140,115.910000,115.920000,115.910000,115.910000
1164361200,115.920000,115.920000,115.900000,115.900000
1164361320,115.910000,115.910000,115.900000,115.900000
1164361380,115.910000,115.910000,115.910000,115.910000
1164361440,115.900000,115.920000,115.900000,115.920000
1164361500,115.910000,115.920000,115.900000,115.910000
1164361560,115.920000,115.920000,115.890000,115.890000
1164361620,115.880000,115.900000,115.880000,115.890000
1164361680,115.900000,115.940000,115.900000,115.920000
1164361740,115.910000,115.920000,115.910000,115.910000
1164361800,115.900000,115.900000,115.900000,115.900000
1164361860,115.910000,115.910000,115.900000,115.900000
1164361920,115.910000,115.910000,115.890000,115.910000
1164361980,115.900000,115.910000,115.890000,115.900000
1164362040,115.910000,115.910000,115.900000,115.900000
1164362100,115.890000,115.900000,115.890000,115.900000
1164362280,115.910000,115.910000,115.900000,115.900000
1164362340,115.890000,115.900000,115.890000,115.900000
1164362400,115.890000,115.900000,115.890000,115.890000
1164362520,115.900000,115.900000,115.880000,115.890000
1164362580,115.900000,115.900000,115.890000,115.890000
1164362640,115.900000,115.900000,115.890000,115.890000
1164362760,115.900000,115.900000,115.900000,115.900000
1164362820,115.890000,115.900000,115.890000,115.900000
1164362940,115.890000,115.900000,115.890000,115.900000
1164363000,115.890000,115.890000,115.890000,115.890000
1164363060,115.880000,115.880000,115.870000,115.870000
1164363120,115.880000,115.880000,115.870000,115.870000
1164363180,115.860000,115.880000,115.860000,115.880000
1164363240,115.890000,115.890000,115.860000,115.860000
1164363300,115.850000,115.860000,115.850000,115.850000
1164363360,115.840000,115.850000,115.830000,115.830000
1164363420,115.840000,115.840000,115.830000,115.840000
1164363480,115.830000,115.840000,115.830000,115.830000
1164363540,115.820000,115.820000,115.800000,115.800000
1164363600,115.790000,115.810000,115.780000,115.780000
1164363660,115.790000,115.810000,115.790000,115.790000
1164363720,115.780000,115.800000,115.780000,115.790000
1164363780,115.800000,115.800000,115.780000,115.780000
1164363840,115.790000,115.800000,115.780000,115.790000
1164363900,115.800000,115.810000,115.790000,115.790000
1164363960,115.800000,115.800000,115.780000,115.790000
1164364020,115.780000,115.780000,115.770000,115.780000
1164364080,115.790000,115.790000,115.760000,115.760000
1164364140,115.770000,115.770000,115.750000,115.750000
1164364200,115.740000,115.750000,115.700000,115.700000
1164364260,115.710000,115.710000,115.660000,115.700000
1164364320,115.690000,115.720000,115.670000,115.680000
1164364380,115.660000,115.720000,115.660000,115.690000
1164364440,115.700000,115.790000,115.690000,115.760000
1164364500,115.750000,115.770000,115.710000,115.770000
1164364560,115.760000,115.760000,115.740000,115.740000
1164364620,115.730000,115.770000,115.710000,115.720000
1164364680,115.730000,115.760000,115.720000,115.750000
1164364740,115.760000,115.760000,115.720000,115.720000
1164364800,115.730000,115.750000,115.720000,115.750000
1164364860,115.760000,115.780000,115.730000,115.730000
1164364920,115.720000,115.720000,115.700000,115.700000
1164364980,115.710000,115.710000,115.700000,115.710000
1164365040,115.700000,115.710000,115.700000,115.710000
1164365100,115.720000,115.740000,115.720000,115.740000
1164365160,115.750000,115.760000,115.740000,115.750000
1164365220,115.740000,115.740000,115.720000,115.730000
1164365280,115.720000,115.750000,115.720000,115.740000
1164365340,115.750000,115.760000,115.750000,115.750000
1164365400,115.760000,115.780000,115.750000,115.780000
1164365460,115.790000,115.800000,115.780000,115.790000
1164365520,115.800000,115.800000,115.780000,115.780000
1164365580,115.770000,115.770000,115.760000,115.760000
1164365640,115.770000,115.850000,115.770000,115.850000
1164365700,115.860000,115.860000,115.780000,115.790000
1164365760,115.780000,115.800000,115.780000,115.800000
1164365820,115.810000,115.820000,115.780000,115.790000
1164365880,115.800000,115.810000,115.770000,115.800000
1164365940,115.810000,115.830000,115.800000,115.800000
1164366000,115.810000,115.830000,115.800000,115.810000
1164366060,115.820000,115.830000,115.800000,115.810000
1164366120,115.800000,115.810000,115.800000,115.800000
1164366180,115.810000,115.820000,115.810000,115.820000
1164366240,115.810000,115.830000,115.800000,115.830000
1164366300,115.820000,115.820000,115.800000,115.800000
1164366360,115.790000,115.820000,115.790000,115.820000
1164366420,115.810000,115.830000,115.800000,115.820000
1164366480,115.810000,115.830000,115.800000,115.810000
1164366540,115.820000,115.850000,115.820000,115.850000
1164366600,115.860000,115.910000,115.860000,115.910000
1164366660,115.900000,115.910000,115.870000,115.880000
1164366720,115.870000,115.870000,115.840000,115.860000
1164366780,115.870000,115.880000,115.870000,115.880000
1164366840,115.890000,115.900000,115.890000,115.900000
1164366900,115.890000,115.890000,115.870000,115.880000
1164366960,115.870000,115.880000,115.850000,115.850000
1164367020,115.830000,115.860000,115.820000,115.850000
1164367080,115.840000,115.840000,115.810000,115.810000
1164367140,115.820000,115.830000,115.810000,115.810000
1164367200,115.800000,115.800000,115.750000,115.760000
1164367260,115.750000,115.770000,115.750000,115.770000
1164367320,115.780000,115.790000,115.770000,115.780000
1164367380,115.770000,115.770000,115.720000,115.740000
1164367440,115.750000,115.750000,115.730000,115.740000
1164367500,115.750000,115.750000,115.740000,115.740000
1164367560,115.730000,115.730000,115.700000,115.710000
1164367620,115.700000,115.750000,115.700000,115.750000
1164367680,115.740000,115.770000,115.740000,115.770000
1164367740,115.760000,115.770000,115.760000,115.760000
1164367800,115.750000,115.760000,115.720000,115.730000
1164367860,115.720000,115.750000,115.720000,115.720000
1164367920,115.730000,115.730000,115.700000,115.710000
1164367980,115.720000,115.740000,115.710000,115.740000
1164368040,115.750000,115.860000,115.750000,115.810000
1164368100,115.800000,115.800000,115.770000,115.770000
1164368160,115.760000,115.770000,115.750000,115.770000
1164368220,115.760000,115.770000,115.730000,115.760000
1164368280,115.750000,115.770000,115.740000,115.740000
1164368340,115.730000,115.750000,115.730000,115.740000
1164368400,115.750000,115.750000,115.700000,115.710000
1164368460,115.700000,115.720000,115.700000,115.710000
1164368520,115.700000,115.720000,115.670000,115.680000
1164368580,115.670000,115.680000,115.630000,115.650000
1164368640,115.660000,115.680000,115.640000,115.680000
1164368700,115.690000,115.700000,115.680000,115.700000
1164368760,115.710000,115.740000,115.690000,115.690000
1164368820,115.680000,115.690000,115.670000,115.680000
1164368880,115.690000,115.700000,115.660000,115.660000
1164368940,115.650000,115.670000,115.650000,115.670000
1164369000,115.660000,115.680000,115.660000,115.660000
1164369060,115.670000,115.680000,115.660000,115.680000
1164369120,115.670000,115.680000,115.660000,115.670000
1164369180,115.680000,115.690000,115.660000,115.690000
1164369240,115.680000,115.700000,115.680000,115.690000
1164369300,115.700000,115.700000,115.670000,115.680000
1164369360,115.690000,115.690000,115.680000,115.680000
1164369420,115.690000,115.690000,115.680000,115.690000
1164369480,115.680000,115.690000,115.670000,115.670000
1164369540,115.680000,115.720000,115.680000,115.720000
1164369600,115.730000,115.780000,115.730000,115.770000
1164369660,115.760000,115.760000,115.690000,115.700000
1164369720,115.690000,115.700000,115.660000,115.670000
1164369780,115.680000,115.680000,115.640000,115.640000
1164369840,115.650000,115.670000,115.650000,115.660000
1164369900,115.670000,115.670000,115.650000,115.650000
1164369960,115.660000,115.660000,115.630000,115.650000
1164370020,115.640000,115.660000,115.640000,115.650000
1164370080,115.640000,115.650000,115.640000,115.640000
1164370140,115.660000,115.670000,115.660000,115.670000
1164370200,115.660000,115.670000,115.640000,115.650000
1164370260,115.660000,115.660000,115.650000,115.660000
1164370320,115.670000,115.670000,115.650000,115.650000
1164370380,115.660000,115.660000,115.640000,115.640000
1164370440,115.650000,115.660000,115.650000,115.660000
1164370500,115.640000,115.640000,115.630000,115.630000
1164370560,115.640000,115.660000,115.640000,115.650000
1164370620,115.640000,115.650000,115.640000,115.650000
1164370680,115.640000,115.650000,115.640000,115.640000
1164370740,115.630000,115.640000,115.630000,115.630000
1164370800,115.640000,115.640000,115.630000,115.630000
1164370860,115.640000,115.640000,115.630000,115.640000
1164370920,115.650000,115.670000,115.650000,115.670000
1164370980,115.660000,115.680000,115.660000,115.670000
1164371040,115.680000,115.680000,115.670000,115.670000
1164371100,115.680000,115.680000,115.670000,115.680000
1164371160,115.670000,115.670000,115.670000,115.670000
1164371220,115.680000,115.680000,115.670000,115.670000
1164371280,115.660000,115.660000,115.650000,115.650000
1164371340,115.660000,115.670000,115.650000,115.650000
1164371400,115.660000,115.670000,115.650000,115.660000
1164371460,115.670000,115.670000,115.650000,115.650000
1164371520,115.660000,115.660000,115.650000,115.650000
1164371580,115.660000,115.660000,115.660000,115.660000
1164371640,115.670000,115.670000,115.640000,115.650000
1164371700,115.640000,115.640000,115.620000,115.630000
1164371760,115.620000,115.630000,115.620000,115.620000
1164371820,115.630000,115.630000,115.600000,115.610000
1164371880,115.600000,115.670000,115.600000,115.660000
1164371940,115.670000,115.680000,115.660000,115.680000
1164372000,115.690000,115.700000,115.690000,115.700000
1164372060,115.710000,115.710000,115.690000,115.690000
1164372120,115.700000,115.700000,115.670000,115.680000
1164372180,115.690000,115.690000,115.690000,115.690000
1164372300,115.710000,115.710000,115.690000,115.710000
1164372360,115.720000,115.720000,115.710000,115.710000
1164372420,115.700000,115.720000,115.700000,115.710000
1164372480,115.720000,115.720000,115.710000,115.720000
1164372540,115.750000,115.780000,115.740000,115.780000
1164372600,115.770000,115.780000,115.740000,115.740000
1164372720,115.750000,115.750000,115.740000,115.750000
1164372780,115.760000,115.760000,115.750000,115.760000
1164372840,115.750000,115.760000,115.750000,115.760000
1164372900,115.750000,115.760000,115.750000,115.760000
1164372960,115.750000,115.750000,115.750000,115.750000
1164373020,115.760000,115.770000,115.760000,115.770000
1164373080,115.760000,115.770000,115.750000,115.750000
1164373140,115.740000,115.760000,115.740000,115.750000
1164373200,115.760000,115.760000,115.750000,115.750000
1164373260,115.760000,115.760000,115.750000,115.750000
1164373320,115.740000,115.770000,115.740000,115.770000
1164373380,115.780000,115.780000,115.780000,115.780000
1164373440,115.790000,115.820000,115.790000,115.800000
1164373500,115.790000,115.800000,115.790000,115.790000
1164373560,115.780000,115.790000,115.780000,115.780000
1164373620,115.770000,115.780000,115.770000,115.780000
1164373680,115.770000,115.770000,115.770000,115.770000
1164373740,115.780000,115.780000,115.760000,115.760000
1164373800,115.750000,115.760000,115.750000,115.760000
1164373860,115.750000,115.760000,115.740000,115.750000
1164373920,115.740000,115.760000,115.740000,115.750000
1164373980,115.760000,115.790000,115.750000,115.780000
1164374040,115.790000,115.790000,115.780000,115.780000
1164374100,115.790000,115.810000,115.790000,115.790000
1164374160,115.800000,115.800000,115.790000,115.790000
1164374220,115.780000,115.780000,115.780000,115.780000
1164374280,115.790000,115.790000,115.780000,115.790000
1164374340,115.780000,115.790000,115.780000,115.780000
1164374400,115.790000,115.790000,115.760000,115.770000
1164374460,115.760000,115.770000,115.760000,115.770000
1164374520,115.760000,115.770000,115.750000,115.760000
1164374580,115.750000,115.760000,115.750000,115.750000
1164374640,115.760000,115.760000,115.750000,115.750000
1164374700,115.740000,115.750000,115.740000,115.750000
1164374760,115.740000,115.750000,115.740000,115.750000
1164374820,115.740000,115.740000,115.740000,115.740000
1164375000,115.730000,115.740000,115.710000,115.710000
1164375060,115.720000,115.730000,115.700000,115.700000
1164375120,115.710000,115.710000,115.690000,115.690000
1164375180,115.680000,115.700000,115.680000,115.680000
1164375240,115.690000,115.700000,115.690000,115.700000
1164375300,115.690000,115.720000,115.690000,115.720000
1164375360,115.710000,115.720000,115.710000,115.720000
1164375420,115.730000,115.730000,115.720000,115.730000
1164375480,115.720000,115.720000,115.700000,115.710000
1164375600,115.700000,115.700000,115.690000,115.690000
1164375660,115.680000,115.690000,115.670000,115.670000
1164375720,115.680000,115.680000,115.670000,115.670000
1164375780,115.660000,115.690000,115.660000,115.670000
1164375840,115.660000,115.670000,115.660000,115.670000
1164375900,115.680000,115.680000,115.670000,115.670000
1164375960,115.680000,115.680000,115.670000,115.670000
1164376020,115.680000,115.680000,115.660000,115.660000
1164376080,115.670000,115.690000,115.670000,115.690000
1164376140,115.680000,115.700000,115.680000,115.690000
1164376200,115.700000,115.700000,115.690000,115.690000
1164376260,115.700000,115.700000,115.690000,115.700000
1164376320,115.710000,115.710000,115.700000,115.710000
1164376380,115.700000,115.710000,115.700000,115.700000
1164376440,115.710000,115.710000,115.700000,115.700000
1164376500,115.710000,115.710000,115.710000,115.710000
1164376560,115.720000,115.720000,115.720000,115.720000
1164376620,115.710000,115.730000,115.710000,115.720000
1164376680,115.730000,115.730000,115.690000,115.700000
1164376740,115.690000,115.700000,115.690000,115.700000
1164376800,115.710000,115.710000,115.700000,115.700000
1164376860,115.690000,115.700000,115.690000,115.690000
1164376920,115.700000,115.700000,115.690000,115.700000
1164376980,115.710000,115.710000,115.700000,115.710000
1164377160,115.720000,115.720000,115.720000,115.720000
1164377220,115.710000,115.720000,115.710000,115.710000
1164377280,115.720000,115.750000,115.720000,115.730000
1164377340,115.720000,115.730000,115.700000,115.700000
1164377400,115.710000,115.710000,115.700000,115.700000
1164377460,115.710000,115.720000,115.700000,115.720000
1164377520,115.720000,115.730000,115.710000,115.720000
1164377580,115.730000,115.730000,115.720000,115.730000
1164377640,115.720000,115.730000,115.710000,115.710000
1164377700,115.720000,115.720000,115.710000,115.710000
1164377760,115.720000,115.730000,115.710000,115.730000
1164377820,115.720000,115.730000,115.720000,115.730000
1164377880,115.720000,115.730000,115.720000,115.730000
1164378000,115.740000,115.740000,115.740000,115.740000
1164378060,115.750000,115.750000,115.750000,115.750000
1164378120,115.760000,115.760000,115.750000,115.750000
1164378180,115.740000,115.760000,115.740000,115.750000
1164378240,115.760000,115.770000,115.760000,115.770000
1164378300,115.780000,115.780000,115.770000,115.780000
1164378360,115.770000,115.780000,115.770000,115.770000
1164378420,115.780000,115.780000,115.770000,115.780000
1164378480,115.770000,115.780000,115.770000,115.780000
1164378540,115.770000,115.800000,115.770000,115.800000
1164378600,115.790000,115.790000,115.770000,115.780000
1164378660,115.790000,115.790000,115.780000,115.790000
1164378720,115.780000,115.790000,115.780000,115.780000
1164378780,115.790000,115.790000,115.780000,115.790000
1164378840,115.800000,115.800000,115.770000,115.770000
1164378900,115.780000,115.780000,115.740000,115.740000
1164378960,115.750000,115.750000,115.720000,115.720000
1164379020,115.710000,115.720000,115.710000,115.720000
1164379080,115.710000,115.720000,115.700000,115.710000
1164379140,115.700000,115.710000,115.690000,115.690000
1164379200,115.680000,115.690000,115.680000,115.690000
1164379260,115.680000,115.690000,115.680000,115.690000
1164379380,115.700000,115.720000,115.700000,115.710000
1164379440,115.720000,115.720000,115.720000,115.720000
1164379500,115.730000,115.730000,115.720000,115.720000
1164379560,115.730000,115.730000,115.730000,115.730000
1164379680,115.720000,115.730000,115.710000,115.710000
1164379800,115.720000,115.720000,115.710000,115.720000
1164379860,115.730000,115.730000,115.720000,115.720000
1164380040,115.710000,115.720000,115.700000,115.700000
1164380100,115.710000,115.710000,115.710000,115.710000
1164380160,115.720000,115.730000,115.710000,115.730000
1164380220,115.720000,115.720000,115.700000,115.720000
1164380280,115.710000,115.750000,115.700000,115.750000
1164380340,115.760000,115.790000,115.750000,115.790000
1164380400,115.800000,115.810000,115.760000,115.760000
1164380460,115.750000,115.760000,115.740000,115.740000
1164380520,115.730000,115.730000,115.730000,115.730000
1164380640,115.740000,115.740000,115.730000,115.740000
1164380700,115.750000,115.750000,115.740000,115.740000
1164380760,115.750000,115.760000,115.730000,115.730000
1164380820,115.720000,115.750000,115.720000,115.750000
1164380880,115.740000,115.760000,115.740000,115.750000
1164380940,115.760000,115.760000,115.760000,115.760000
1164381000,115.750000,115.760000,115.750000,115.760000
1164381120,115.750000,115.760000,115.740000,115.750000
1164381180,115.760000,115.760000,115.730000,115.740000
1164381240,115.750000,115.750000,115.740000,115.740000
1164381300,115.750000,115.760000,115.740000,115.760000
1164381360,115.750000,115.750000,115.740000,115.750000
1164381420,115.740000,115.760000,115.730000,115.740000
1164381480,115.730000,115.730000,115.710000,115.730000
1164381540,115.720000,115.730000,115.720000,115.720000
1164381600,115.710000,115.730000,115.710000,115.710000
1164381660,115.700000,115.720000,115.700000,115.720000
1164381720,115.730000,115.750000,115.730000,115.750000
1164381780,115.740000,115.760000,115.740000,115.760000
1164381840,115.770000,115.770000,115.740000,115.760000
1164381900,115.770000,115.800000,115.770000,115.800000
1164381960,115.810000,115.820000,115.800000,115.800000
1164382020,115.780000,115.780000,115.720000,115.730000
1164382080,115.720000,115.740000,115.720000,115.730000
1164382140,115.720000,115.720000,115.710000,115.720000
1164382200,115.730000,115.730000,115.730000,115.730000
1164382260,115.740000,115.750000,115.730000,115.750000
1164382320,115.740000,115.760000,115.730000,115.740000
1164382380,115.730000,115.750000,115.730000,115.740000
1164382440,115.750000,115.780000,115.750000,115.760000
1164382560,115.770000,115.770000,115.760000,115.760000
1164382620,115.780000,115.790000,115.780000,115.790000
1164382680,115.780000,115.790000,115.770000,115.780000
1164382740,115.790000,115.810000,115.780000,115.790000
1164382800,115.800000,115.820000,115.790000,115.790000
1164382860,115.780000,115.800000,115.780000,115.800000
1164382920,115.810000,115.810000,115.810000,115.810000
1164382980,115.800000,115.830000,115.800000,115.820000
1164383040,115.830000,115.830000,115.820000,115.820000
1164383100,115.830000,115.830000,115.810000,115.810000
1164383160,115.820000,115.820000,115.810000,115.820000
1164383220,115.830000,115.830000,115.820000,115.820000
1164383280,115.830000,115.840000,115.830000,115.830000
1164383340,115.820000,115.860000,115.820000,115.850000
1164383400,115.860000,115.910000,115.860000,115.890000
1164383460,115.900000,115.900000,115.850000,115.860000
1164383520,115.870000,115.870000,115.860000,115.860000
1164383580,115.870000,115.870000,115.840000,115.840000
1164383640,115.850000,115.850000,115.840000,115.840000
1164383700,115.850000,115.870000,115.850000,115.850000
1164383760,115.840000,115.840000,115.830000,115.830000
1164383820,115.840000,115.860000,115.840000,115.850000
1164383880,115.860000,115.860000,115.850000,115.860000
1164383940,115.870000,115.890000,115.860000,115.890000
1164384000,115.880000,115.880000,115.840000,115.840000
1164384060,115.830000,115.830000,115.800000,115.830000
1164384120,115.820000,115.830000,115.820000,115.830000
1164384180,115.820000,115.830000,115.820000,115.820000
1164384240,115.830000,115.830000,115.820000,115.820000
1164384300,115.830000,115.840000,115.830000,115.840000
1164384360,115.830000,115.830000,115.820000,115.830000
1164384420,115.820000,115.830000,115.820000,115.830000
1164384480,115.820000,115.820000,115.820000,115.820000
1164384600,115.830000,115.830000,115.820000,115.820000
1164384660,115.830000,115.830000,115.820000,115.820000
1164384720,115.830000,115.840000,115.830000,115.830000
1164384780,115.820000,115.840000,115.820000,115.820000
1164384840,115.830000,115.830000,115.820000,115.820000
1164384900,115.830000,115.830000,115.830000,115.830000
1164384960,115.820000,115.830000,115.820000,115.820000
1164385020,115.810000,115.810000,115.810000,115.810000
1164385080,115.820000,115.820000,115.810000,115.820000
1164385140,115.830000,115.840000,115.820000,115.830000
1164385200,115.840000,115.840000,115.830000,115.830000
1164385260,115.840000,115.840000,115.840000,115.840000
1164385320,115.830000,115.830000,115.830000,115.830000
1164385380,115.840000,115.840000,115.830000,115.840000
1164385440,115.830000,115.840000,115.830000,115.840000
1164385500,115.830000,115.840000,115.830000,115.840000
1164385680,115.850000,115.850000,115.840000,115.850000
1164385740,115.840000,115.840000,115.840000,115.840000
1164385980,115.850000,115.850000,115.830000,115.840000
1164386040,115.850000,115.860000,115.840000,115.850000
1164386100,115.840000,115.860000,115.840000,115.850000
1164386160,115.860000,115.860000,115.850000,115.850000
1164386220,115.860000,115.870000,115.850000,115.870000
1164386280,115.880000,115.890000,115.870000,115.880000
1164386340,115.870000,115.870000,115.870000,115.870000
1164386400,115.860000,115.860000,115.850000,115.860000
1164386460,115.870000,115.880000,115.870000,115.870000
1164386580,115.860000,115.900000,115.860000,115.900000
1164386640,115.890000,115.910000,115.890000,115.910000
1164386700,115.900000,115.930000,115.900000,115.930000
1164386760,115.940000,115.950000,115.930000,115.930000
1164386820,115.920000,115.930000,115.910000,115.920000
1164386880,115.930000,115.930000,115.920000,115.920000
1164386940,115.910000,115.910000,115.900000,115.900000
1164387000,115.890000,115.910000,115.880000,115.890000
1164387060,115.880000,115.910000,115.880000,115.900000
1164387120,115.910000,115.910000,115.890000,115.900000
1164387180,115.910000,115.910000,115.890000,115.890000
1164387240,115.900000,115.900000,115.890000,115.890000
1164387300,115.900000,115.910000,115.890000,115.890000
1164387360,115.910000,115.920000,115.890000,115.910000
1164387420,115.920000,115.920000,115.920000,115.920000
1164387480,115.910000,115.910000,115.910000,115.910000
1164387540,115.930000,115.940000,115.920000,115.940000
1164387600,115.950000,115.950000,115.930000,115.940000
1164387660,115.930000,115.930000,115.920000,115.920000
1164387780,115.930000,115.930000,115.910000,115.920000
1164387840,115.910000,115.920000,115.910000,115.910000
1164387900,115.920000,115.920000,115.910000,115.920000
1164387960,115.930000,115.930000,115.920000,115.930000
1164388020,115.920000,115.930000,115.920000,115.920000
1164388080,115.930000,115.930000,115.900000,115.900000
1164388140,115.890000,115.900000,115.890000,115.900000
1164388200,115.890000,115.910000,115.890000,115.900000
1164388260,115.890000,115.900000,115.890000,115.900000
1164388320,115.910000,115.910000,115.900000,115.900000
1164388380,115.910000,115.920000,115.900000,115.910000
1164388440,115.920000,115.940000,115.920000,115.940000
1164388500,115.930000,115.930000,115.920000,115.920000
1164388560,115.910000,115.910000,115.890000,115.890000
1164388620,115.900000,115.900000,115.890000,115.900000
1164388680,115.910000,115.910000,115.890000,115.890000
1164388740,115.880000,115.890000,115.870000,115.870000
1164388800,115.880000,115.880000,115.870000,115.870000
1164388860,115.880000,115.890000,115.880000,115.890000
1164388920,115.880000,115.890000,115.870000,115.870000
1164388980,115.860000,115.880000,115.850000,115.880000
1164389040,115.890000,115.900000,115.880000,115.890000
1164389100,115.880000,115.900000,115.880000,115.900000
1164389160,115.890000,115.890000,115.870000,115.870000
1164389220,115.880000,115.880000,115.870000,115.880000
1164389280,115.870000,115.880000,115.870000,115.870000
1164389340,115.860000,115.870000,115.860000,115.870000
1164389400,115.880000,115.880000,115.870000,115.880000
1164389460,115.870000,115.870000,115.870000,115.870000
1164389580,115.880000,115.880000,115.870000,115.880000
1164389640,115.870000,115.880000,115.870000,115.880000
1164389700,115.870000,115.880000,115.870000,115.880000
1164389760,115.890000,115.900000,115.880000,115.900000
1164389820,115.890000,115.890000,115.880000,115.880000
1164389880,115.890000,115.890000,115.880000,115.890000
1164389940,115.900000,115.900000,115.890000,115.900000
1164390000,115.890000,115.890000,115.890000,115.890000
1164390060,115.880000,115.880000,115.860000,115.870000
1164390120,115.860000,115.860000,115.860000,115.860000
1164390180,115.870000,115.870000,115.860000,115.860000
1164390240,115.870000,115.870000,115.870000,115.870000
1164390300,115.880000,115.890000,115.880000,115.880000
1164390420,115.890000,115.890000,115.880000,115.890000
1164390480,115.900000,115.910000,115.890000,115.910000
1164390540,115.900000,115.900000,115.900000,115.900000
1164390600,115.890000,115.920000,115.890000,115.910000
1164390660,115.920000,115.920000,115.920000,115.920000
1164390720,115.930000,115.930000,115.900000,115.900000
1164390780,115.910000,115.910000,115.900000,115.910000
1164390840,115.920000,115.930000,115.920000,115.920000
1164390900,115.910000,115.920000,115.910000,115.910000
1164390960,115.900000,115.900000,115.900000,115.900000
1164391020,115.890000,115.900000,115.890000,115.900000
1164391080,115.890000,115.890000,115.890000,115.890000
1164391140,115.900000,115.910000,115.890000,115.900000
1164391200,115.910000,115.910000,115.880000,115.890000
1164391260,115.900000,115.920000,115.880000,115.890000
1164391320,115.900000,115.900000,115.900000,115.900000
1164391380,115.890000,115.910000,115.890000,115.910000
1164391440,115.900000,115.920000,115.900000,115.910000
1164391500,115.900000,115.910000,115.890000,115.900000
1164391560,115.910000,115.910000,115.860000,115.870000
1164391620,115.860000,115.870000,115.860000,115.870000
1164391740,115.860000,115.870000,115.860000,115.860000
1164391800,115.850000,115.860000,115.850000,115.860000
1164391860,115.870000,115.870000,115.860000,115.860000
1164391920,115.870000,115.880000,115.860000,115.870000
1164391980,115.880000,115.890000,115.880000,115.880000
1164392040,115.870000,115.870000,115.860000,115.870000
1164392100,115.860000,115.870000,115.860000,115.870000
1164392160,115.860000,115.860000,115.860000,115.860000
1164392280,115.850000,115.870000,115.850000,115.860000
1164392400,115.850000,115.850000,115.850000,115.850000
1164392460,115.860000,115.860000,115.850000,115.850000
1164392520,115.860000,115.860000,115.850000,115.850000
1164392700,115.840000,115.850000,115.840000,115.840000
1164392760,115.830000,115.830000,115.830000,115.830000
1164392820,115.820000,115.830000,115.820000,115.830000
1164392880,115.840000,115.840000,115.840000,115.840000
1164392940,115.830000,115.830000,115.820000,115.830000
1164393000,115.840000,115.840000,115.830000,115.840000
1164393180,115.850000,115.850000,115.850000,115.850000
1164393240,115.840000,115.850000,115.840000,115.850000
1164393300,115.860000,115.860000,115.850000,115.850000
1164393360,115.840000,115.840000,115.840000,115.840000
1164393420,115.850000,115.850000,115.850000,115.850000
1164393480,115.840000,115.840000,115.840000,115.840000
1164393540,115.830000,115.840000,115.820000,115.830000
1164393600,115.820000,115.840000,115.820000,115.840000
1164393840,115.830000,115.830000,115.820000,115.820000
1164393900,115.830000,115.830000,115.820000,115.820000
1164393960,115.810000,115.820000,115.810000,115.820000
1164394020,115.810000,115.820000,115.810000,115.820000
1164394080,115.830000,115.830000,115.820000,115.820000
1164394140,115.810000,115.810000,115.810000,115.810000
1164394200,115.800000,115.810000,115.800000,115.800000
1164394260,115.810000,115.810000,115.810000,115.810000
1164394320,115.820000,115.820000,115.810000,115.820000
1164394440,115.810000,115.810000,115.800000,115.800000
1164394500,115.790000,115.790000,115.780000,115.780000
1164394560,115.790000,115.790000,115.780000,115.780000
1164394620,115.790000,115.800000,115.790000,115.800000
1164394740,115.780000,115.780000,115.780000,115.780000
1164394800,115.770000,115.780000,115.770000,115.780000
1164394860,115.780000,115.790000,115.780000,115.780000
1164394920,115.780000,115.800000,115.780000,115.800000
1164394980,115.790000,115.800000,115.770000,115.780000
1164395040,115.790000,115.790000,115.780000,115.780000
1164395100,115.770000,115.790000,115.770000,115.790000
1164395220,115.780000,115.780000,115.780000,115.780000
1164395280,115.790000,115.790000,115.790000,115.790000
1164395460,115.780000,115.790000,115.780000,115.790000
1164395580,115.780000,115.780000,115.780000,115.780000
1164395640,115.790000,115.790000,115.790000,115.790000
1164395700,115.800000,115.800000,115.790000,115.790000
1164395760,115.800000,115.810000,115.800000,115.800000
1164395880,115.810000,115.810000,115.810000,115.810000
1164395940,115.800000,115.800000,115.790000,115.800000
1164396120,115.790000,115.790000,115.790000,115.790000
1164396300,115.780000,115.780000,115.780000,115.780000
1164396420,115.790000,115.790000,115.780000,115.780000
1164396480,115.790000,115.790000,115.780000,115.780000
1164396540,115.790000,115.790000,115.790000,115.790000
1164396600,115.800000,115.800000,115.780000,115.780000
1164396720,115.790000,115.790000,115.780000,115.780000
1164396780,115.790000,115.790000,115.780000,115.780000
1164396840,115.790000,115.790000,115.780000,115.780000
1164396900,115.790000,115.790000,115.780000,115.780000
1164396960,115.790000,115.790000,115.780000,115.780000
1164397080,115.790000,115.790000,115.770000,115.780000
1164397140,115.770000,115.780000,115.770000,115.770000
1164397200,115.780000,115.790000,115.780000,115.790000
1164397320,115.780000,115.780000,115.780000,115.780000
1164397380,115.790000,115.790000,115.790000,115.790000
1164397440,115.780000,115.790000,115.780000,115.780000
1164397740,115.790000,115.790000,115.790000,115.790000
1164397920,115.800000,115.800000,115.800000,115.800000
1164398040,115.790000,115.790000,115.780000,115.780000
1164398100,115.790000,115.790000,115.790000,115.790000
1164398160,115.780000,115.790000,115.780000,115.790000
1164398280,115.800000,115.800000,115.800000,115.800000
1164398340,115.790000,115.790000,115.790000,115.790000
1164398460,115.780000,115.780000,115.780000,115.780000
1164398580,115.770000,115.780000,115.770000,115.780000
1164398760,115.790000,115.790000,115.790000,115.790000
1164399420,115.780000,115.780000,115.780000,115.780000
1164399480,115.770000,115.780000,115.760000,115.770000
1164399540,115.780000,115.780000,115.780000,115.780000
1164399660,115.790000,115.790000,115.770000,115.780000
1164399780,115.790000,115.790000,115.780000,115.780000
1164399840,115.790000,115.790000,115.780000,115.780000
1164399900,115.790000,115.790000,115.790000,115.790000
1164399960,115.800000,115.810000,115.800000,115.810000
1164400020,115.820000,115.830000,115.820000,115.830000
1164400080,115.840000,115.860000,115.840000,115.860000
1164400140,115.850000,115.850000,115.850000,115.850000
1164400200,115.840000,115.840000,115.830000,115.830000
1164400320,115.840000,115.840000,115.840000,115.840000
1164400680,115.830000,115.830000,115.830000,115.830000
1164400740,115.840000,115.840000,115.840000,115.840000
1164400800,115.830000,115.830000,115.820000,115.830000
1164400860,115.820000,115.820000,115.820000,115.820000
1164400920,115.830000,115.840000,115.830000,115.840000
1164400980,115.830000,115.830000,115.820000,115.830000
1164401040,115.820000,115.820000,115.820000,115.820000
1164401100,115.810000,115.820000,115.810000,115.810000
1164401220,115.800000,115.800000,115.800000,115.800000
1164401340,115.790000,115.800000,115.790000,115.800000
1164401400,115.790000,115.790000,115.790000,115.790000
1164401460,115.800000,115.800000,115.790000,115.800000
1164401640,115.810000,115.810000,115.810000,115.810000
1164401760,115.820000,115.830000,115.820000,115.830000
1164402000,115.820000,115.820000,115.810000,115.810000
1164402120,115.820000,115.820000,115.820000,115.820000
1164402240,115.830000,115.830000,115.820000,115.820000
1164402300,115.810000,115.810000,115.810000,115.810000
1164402360,115.800000,115.800000,115.800000,115.800000
1164402420,115.810000,115.810000,115.810000,115.810000
1164402540,115.820000,115.840000,115.820000,115.840000
1164402600,115.830000,115.840000,115.830000,115.840000
1164402660,115.850000,115.850000,115.840000,115.850000
1164402720,115.860000,115.870000,115.860000,115.870000
1164402780,115.860000,115.870000,115.860000,115.870000
1164402840,115.880000,115.900000,115.880000,115.880000
1164402900,115.890000,115.900000,115.890000,115.890000
1164402960,115.880000,115.890000,115.880000,115.890000
1164403020,115.880000,115.880000,115.880000,115.880000
1164403080,115.890000,115.890000,115.880000,115.880000
1164403200,115.890000,115.890000,115.890000,115.890000
1164403380,115.880000,115.880000,115.880000,115.880000
1164403440,115.880000,115.890000,115.880000,115.880000
1164403680,115.870000,115.870000,115.870000,115.870000
1164403800,115.880000,115.890000,115.860000,115.870000
