time,open,high,low,close
1389848400,0.908220,0.908220,0.908190,0.908210
1389848460,0.908220,0.908340,0.908220,0.908320
1389848520,0.908310,0.908320,0.908310,0.908310
1389848580,0.908300,0.908300,0.908180,0.908210
1389848640,0.908220,0.908250,0.908210,0.908210
1389848700,0.908270,0.908370,0.908210,0.908270
1389848760,0.908240,0.908270,0.908190,0.908200
1389848820,0.908190,0.908230,0.908180,0.908220
1389848880,0.908230,0.908230,0.908210,0.908210
1389848940,0.908220,0.908220,0.908210,0.908220
1389849000,0.908210,0.908220,0.908210,0.908220
1389849060,0.908180,0.908220,0.908180,0.908210
1389849120,0.908200,0.908210,0.908190,0.908200
1389849180,0.908190,0.908200,0.908150,0.908200
1389849240,0.908210,0.908210,0.908210,0.908210
1389849300,0.908220,0.908220,0.908210,0.908210
1389849360,0.908220,0.908270,0.908210,0.908260
1389849420,0.908240,0.908320,0.908220,0.908320
1389849480,0.908310,0.908400,0.908310,0.908390
1389849540,0.908400,0.908400,0.908220,0.908240
1389849600,0.908220,0.908320,0.908220,0.908300
1389849660,0.908290,0.908400,0.908290,0.908330
1389849720,0.908350,0.908390,0.908310,0.908360
1389849780,0.908380,0.908380,0.908240,0.908300
1389849840,0.908280,0.908340,0.908220,0.908300
1389849900,0.908290,0.908370,0.908290,0.908370
1389849960,0.908400,0.908420,0.908380,0.908380
1389850020,0.908390,0.908400,0.908370,0.908380
1389850080,0.908390,0.908400,0.908380,0.908390
1389850140,0.908400,0.908440,0.908300,0.908420
1389850200,0.908430,0.908460,0.908390,0.908400
1389850260,0.908410,0.908430,0.908410,0.908420
1389850320,0.908410,0.908450,0.908410,0.908420
1389850380,0.908440,0.908480,0.908410,0.908450
1389850440,0.908430,0.908530,0.908430,0.908520
1389850500,0.908530,0.908530,0.908500,0.908500
1389850560,0.908490,0.908500,0.908410,0.908410
1389850620,0.908420,0.908430,0.908390,0.908390
1389850680,0.908360,0.908630,0.908360,0.908630
1389850740,0.908620,0.908640,0.908620,0.908640
1389850800,0.908620,0.908640,0.908470,0.908490
1389850860,0.908470,0.908500,0.908390,0.908400
1389850920,0.908410,0.908420,0.908310,0.908370
1389850980,0.908390,0.908420,0.908320,0.908420
1389851040,0.908410,0.908540,0.908410,0.908520
1389851100,0.908530,0.908560,0.908500,0.908510
1389851160,0.908460,0.908520,0.908450,0.908520
1389851220,0.908510,0.908520,0.908450,0.908490
1389851280,0.908480,0.908480,0.908400,0.908400
1389851340,0.908390,0.908390,0.908310,0.908340
1389851400,0.908370,0.908370,0.908210,0.908220
1389851460,0.908210,0.908290,0.908210,0.908260
1389851520,0.908230,0.908320,0.908230,0.908320
1389851580,0.908310,0.908330,0.908310,0.908330
1389851640,0.908320,0.908330,0.908310,0.908320
1389851700,0.908310,0.908430,0.908310,0.908430
1389851760,0.908440,0.908480,0.908390,0.908390
1389851820,0.908400,0.908410,0.908390,0.908400
1389851880,0.908390,0.908460,0.908390,0.908440
1389851940,0.908450,0.908490,0.908390,0.908390
1389852000,0.908400,0.908440,0.908350,0.908420
1389852060,0.908470,0.908530,0.908450,0.908470
1389852120,0.908490,0.908490,0.908410,0.908410
1389852180,0.908420,0.908490,0.908410,0.908470
1389852240,0.908450,0.908480,0.908390,0.908400
1389852300,0.908390,0.908400,0.908370,0.908370
1389852360,0.908390,0.908390,0.908290,0.908310
1389852420,0.908320,0.908320,0.908290,0.908290
1389852480,0.908310,0.908320,0.908290,0.908300
1389852540,0.908290,0.908300,0.908210,0.908240
1389852600,0.908250,0.908270,0.908240,0.908240
1389852660,0.908250,0.908280,0.908210,0.908240
1389852720,0.908270,0.908270,0.908120,0.908190
1389852780,0.908200,0.908260,0.908200,0.908230
1389852840,0.908250,0.908250,0.908210,0.908220
1389852900,0.908210,0.908330,0.908210,0.908270
1389852960,0.908280,0.908280,0.908200,0.908200
1389853020,0.908220,0.908220,0.908170,0.908180
1389853080,0.908170,0.908220,0.908160,0.908210
1389853140,0.908220,0.908240,0.908210,0.908210
1389853200,0.908200,0.908220,0.908140,0.908140
1389853260,0.908130,0.908150,0.907780,0.907810
1389853320,0.907860,0.907890,0.907770,0.907770
1389853380,0.907780,0.907790,0.907720,0.907760
1389853440,0.907780,0.907880,0.907760,0.907800
1389853500,0.907810,0.907890,0.907810,0.907860
1389853560,0.907830,0.907890,0.907790,0.907790
1389853620,0.907800,0.907810,0.907740,0.907760
1389853680,0.907750,0.907760,0.907720,0.907740
1389853740,0.907720,0.907770,0.907720,0.907740
1389853800,0.907750,0.907770,0.907740,0.907750
1389853860,0.907770,0.907780,0.907680,0.907700
1389853920,0.907710,0.907720,0.907630,0.907640
1389853980,0.907610,0.907670,0.907530,0.907630
1389854040,0.907640,0.907680,0.907620,0.907680
1389854100,0.907660,0.907690,0.907640,0.907690
1389854160,0.907680,0.907750,0.907650,0.907730
1389854220,0.907740,0.907740,0.907710,0.907720
1389854280,0.907710,0.907730,0.907700,0.907730
1389854340,0.907740,0.907800,0.907740,0.907790
1389854400,0.907800,0.907800,0.907730,0.907750
1389854460,0.907760,0.907770,0.907740,0.907770
1389854520,0.907760,0.907790,0.907750,0.907790
1389854580,0.907780,0.907810,0.907750,0.907800
1389854640,0.907810,0.907830,0.907810,0.907820
1389854700,0.907830,0.907940,0.907830,0.907910
1389854760,0.907920,0.907920,0.907830,0.907830
1389854820,0.907850,0.907850,0.907650,0.907680
1389854880,0.907690,0.907790,0.907690,0.907740
1389854940,0.907750,0.907940,0.907750,0.907900
1389855000,0.907880,0.907980,0.907880,0.907980
1389855060,0.907990,0.908080,0.907990,0.907990
1389855120,0.907980,0.908100,0.907980,0.908090
1389855180,0.908110,0.908170,0.908110,0.908140
1389855240,0.908160,0.908160,0.908130,0.908150
1389855300,0.908140,0.908180,0.908080,0.908110
1389855360,0.908100,0.908140,0.908040,0.908040
1389855420,0.908050,0.908080,0.907940,0.907940
1389855480,0.907950,0.908000,0.907940,0.907980
1389855540,0.907970,0.907980,0.907780,0.907910
1389855600,0.907920,0.907960,0.907820,0.907820
1389855660,0.907810,0.907890,0.907800,0.907860
1389855720,0.907840,0.907870,0.907710,0.907780
1389855780,0.907760,0.907840,0.907640,0.907830
1389855840,0.907810,0.907810,0.907560,0.907570
1389855900,0.907580,0.907610,0.907530,0.907610
1389855960,0.907560,0.907560,0.907530,0.907540
1389856020,0.907530,0.907690,0.907530,0.907690
1389856080,0.907710,0.907750,0.907710,0.907730
1389856140,0.907710,0.907810,0.907710,0.907770
1389856200,0.907750,0.907910,0.907750,0.907870
1389856260,0.907890,0.908050,0.907880,0.907970
1389856320,0.907980,0.908080,0.907930,0.908070
1389856380,0.908050,0.908110,0.908050,0.908110
1389856440,0.908100,0.908110,0.908090,0.908110
1389856500,0.908060,0.908160,0.908060,0.908120
1389856560,0.908100,0.908210,0.907920,0.908210
1389856620,0.908180,0.908310,0.908150,0.908270
1389856680,0.908280,0.908460,0.908180,0.908380
1389856740,0.908350,0.908410,0.908350,0.908400
1389856800,0.908430,0.908500,0.908390,0.908490
1389856860,0.908500,0.908500,0.908370,0.908370
1389856920,0.908400,0.908480,0.908380,0.908410
1389856980,0.908420,0.908420,0.908360,0.908370
1389857040,0.908360,0.908400,0.908350,0.908380
1389857100,0.908370,0.908380,0.908290,0.908330
1389857160,0.908340,0.908520,0.908330,0.908520
1389857220,0.908510,0.908660,0.908510,0.908610
1389857280,0.908590,0.908650,0.908570,0.908630
1389857340,0.908650,0.908700,0.908580,0.908610
1389857400,0.908600,0.908600,0.908480,0.908520
1389857460,0.908530,0.908630,0.908520,0.908590
1389857520,0.908580,0.908600,0.908500,0.908520
1389857580,0.908510,0.908530,0.908480,0.908500
1389857640,0.908490,0.908610,0.908490,0.908550
1389857700,0.908540,0.908590,0.908480,0.908480
1389857760,0.908470,0.908520,0.908450,0.908470
1389857820,0.908480,0.908580,0.908450,0.908550
1389857880,0.908560,0.908570,0.908530,0.908560
1389857940,0.908550,0.908570,0.908430,0.908460
1389858000,0.908440,0.908610,0.908430,0.908600
1389858060,0.908660,0.908730,0.908450,0.908470
1389858120,0.908480,0.908490,0.908450,0.908480
1389858180,0.908490,0.908650,0.908460,0.908470
1389858240,0.908460,0.908510,0.908450,0.908480
1389858300,0.908490,0.908520,0.908470,0.908480
1389858360,0.908470,0.908470,0.908450,0.908450
1389858420,0.908460,0.908500,0.908430,0.908430
1389858480,0.908420,0.908420,0.908380,0.908400
1389858540,0.908390,0.908420,0.908390,0.908420
1389858600,0.908450,0.908450,0.908340,0.908360
1389858660,0.908350,0.908360,0.908290,0.908300
1389858720,0.908270,0.908390,0.908250,0.908310
1389858780,0.908320,0.908330,0.908310,0.908320
1389858840,0.908330,0.908380,0.908300,0.908360
1389858900,0.908370,0.908380,0.908290,0.908310
1389858960,0.908300,0.908360,0.908290,0.908320
1389859020,0.908310,0.908310,0.908250,0.908280
1389859080,0.908290,0.908310,0.908290,0.908290
1389859140,0.908330,0.908330,0.908280,0.908280
1389859200,0.908270,0.908410,0.908270,0.908390
1389859260,0.908380,0.908500,0.908370,0.908490
1389859320,0.908510,0.908650,0.908510,0.908590
1389859380,0.908600,0.908600,0.908330,0.908350
1389859440,0.908340,0.908350,0.908220,0.908220
1389859500,0.908240,0.908300,0.908230,0.908230
1389859560,0.908250,0.908260,0.908210,0.908250
1389859620,0.908240,0.908260,0.908150,0.908160
1389859680,0.908170,0.908170,0.907890,0.907990
1389859740,0.908020,0.908090,0.908010,0.908090
1389859800,0.908070,0.908240,0.908060,0.908220
1389859860,0.908230,0.908320,0.908220,0.908240
1389859920,0.908230,0.908270,0.907990,0.908000
1389859980,0.907990,0.908180,0.907990,0.908170
1389860040,0.908140,0.908250,0.908130,0.908230
1389860100,0.908220,0.908380,0.908200,0.908380
1389860160,0.908370,0.908470,0.908300,0.908400
1389860220,0.908410,0.908630,0.908360,0.908380
1389860280,0.908390,0.908420,0.908280,0.908400
1389860340,0.908380,0.908380,0.908220,0.908300
1389860400,0.908290,0.908390,0.908230,0.908260
1389860460,0.908240,0.908410,0.908230,0.908390
1389860520,0.908400,0.908510,0.908360,0.908400
1389860580,0.908390,0.908450,0.908200,0.908430
1389860640,0.908420,0.908420,0.908330,0.908340
1389860700,0.908330,0.908370,0.908290,0.908300
1389860760,0.908320,0.908320,0.908220,0.908230
1389860820,0.908250,0.908320,0.908250,0.908270
1389860880,0.908260,0.908310,0.908220,0.908250
1389860940,0.908220,0.908250,0.908170,0.908180
1389861000,0.908170,0.908200,0.908150,0.908180
1389861060,0.908170,0.908270,0.908170,0.908260
1389861120,0.908230,0.908270,0.908170,0.908170
1389861180,0.908150,0.908230,0.908070,0.908200
1389861240,0.908220,0.908420,0.908220,0.908410
1389861300,0.908400,0.908800,0.908380,0.908770
1389861360,0.908740,0.908940,0.908710,0.908780
1389861420,0.908770,0.908770,0.908500,0.908500
1389861480,0.908510,0.908730,0.908490,0.908650
1389861540,0.908630,0.908720,0.908610,0.908700
1389861600,0.908710,0.908990,0.908710,0.908990
1389861660,0.908980,0.909080,0.908890,0.908950
1389861720,0.908980,0.908980,0.908890,0.908940
1389861780,0.908900,0.908990,0.908900,0.908910
1389861840,0.908940,0.908980,0.908740,0.908740
1389861900,0.908720,0.908760,0.908550,0.908550
1389861960,0.908590,0.908640,0.908550,0.908550
1389862020,0.908560,0.908580,0.908390,0.908410
1389862080,0.908420,0.908570,0.908420,0.908550
1389862140,0.908540,0.908720,0.908540,0.908720
1389862200,0.908740,0.908780,0.908640,0.908640
1389862260,0.908650,0.908660,0.908460,0.908570
1389862320,0.908550,0.908580,0.908460,0.908530
1389862380,0.908550,0.908550,0.908290,0.908320
1389862440,0.908300,0.908320,0.908230,0.908310
1389862500,0.908290,0.908450,0.908290,0.908440
1389862560,0.908450,0.908500,0.908440,0.908480
1389862620,0.908490,0.908500,0.908320,0.908320
1389862680,0.908310,0.908350,0.908220,0.908240
1389862740,0.908230,0.908270,0.908170,0.908250
1389862800,0.908270,0.908310,0.908230,0.908230
1389862860,0.908270,0.908270,0.908170,0.908170
1389862920,0.908150,0.908160,0.907990,0.907990
1389862980,0.907980,0.908060,0.907950,0.908020
1389863040,0.908010,0.908070,0.907950,0.907980
1389863100,0.907970,0.908130,0.907970,0.908110
1389863160,0.908120,0.908140,0.908080,0.908100
1389863220,0.908090,0.908120,0.908080,0.908110
1389863280,0.908130,0.908140,0.908010,0.908080
1389863340,0.908070,0.908070,0.907870,0.907870
1389863400,0.907890,0.907920,0.907820,0.907840
1389863460,0.907850,0.907870,0.907820,0.907830
1389863520,0.907850,0.907870,0.907470,0.907500
1389863580,0.907490,0.907580,0.907400,0.907540
1389863640,0.907530,0.907600,0.907480,0.907490
1389863700,0.907470,0.907470,0.907090,0.907210
1389863760,0.907200,0.907370,0.907200,0.907320
1389863820,0.907310,0.907310,0.907080,0.907080
1389863880,0.907100,0.907170,0.907020,0.907020
1389863940,0.907010,0.907110,0.906830,0.907030
1389864000,0.907000,0.907090,0.906830,0.906890
1389864060,0.906860,0.906870,0.906640,0.906760
1389864120,0.906750,0.906830,0.906580,0.906670
1389864180,0.906660,0.906750,0.906620,0.906640
1389864240,0.906630,0.906800,0.906500,0.906510
1389864300,0.906500,0.906550,0.906500,0.906550
1389864360,0.906560,0.906570,0.906410,0.906500
1389864420,0.906510,0.906600,0.906480,0.906570
1389864480,0.906560,0.906660,0.906550,0.906650
1389864540,0.906670,0.906670,0.906580,0.906640
1389864600,0.906610,0.906630,0.906450,0.906490
1389864660,0.906510,0.906690,0.906510,0.906590
1389864720,0.906580,0.906650,0.906450,0.906490
1389864780,0.906500,0.906520,0.906060,0.906310
1389864840,0.906300,0.906320,0.906260,0.906300
1389864900,0.906310,0.906310,0.906200,0.906220
1389864960,0.906250,0.906290,0.906210,0.906210
1389865020,0.906240,0.906250,0.906080,0.906080
1389865080,0.906090,0.906160,0.906050,0.906110
1389865140,0.906100,0.906100,0.905990,0.906010
1389865200,0.905990,0.906220,0.905980,0.906220
1389865260,0.906210,0.906270,0.906190,0.906230
1389865320,0.906240,0.906360,0.906240,0.906310
1389865380,0.906300,0.906390,0.906300,0.906380
1389865440,0.906370,0.906460,0.906320,0.906360
1389865500,0.906350,0.906580,0.906320,0.906580
1389865560,0.906610,0.906610,0.906490,0.906550
1389865620,0.906540,0.906550,0.906470,0.906480
1389865680,0.906500,0.906500,0.906410,0.906470
1389865740,0.906480,0.906480,0.906430,0.906470
1389865800,0.906480,0.906500,0.906460,0.906490
1389865860,0.906470,0.906480,0.906280,0.906290
1389865920,0.906280,0.906490,0.906250,0.906480
1389865980,0.906460,0.906540,0.906460,0.906510
1389866040,0.906500,0.906590,0.906500,0.906510
1389866100,0.906500,0.906680,0.906490,0.906680
1389866160,0.906690,0.906720,0.906670,0.906680
1389866220,0.906690,0.906690,0.906550,0.906570
1389866280,0.906580,0.906580,0.906400,0.906470
1389866340,0.906480,0.906630,0.906380,0.906630
1389866400,0.906640,0.907140,0.906640,0.907140
1389866460,0.907150,0.907240,0.907100,0.907100
1389866520,0.907090,0.907090,0.906960,0.906980
1389866580,0.907000,0.907380,0.907000,0.907290
1389866640,0.907280,0.907280,0.907130,0.907240
1389866700,0.907230,0.907290,0.907070,0.907070
1389866760,0.907080,0.907130,0.906970,0.906980
1389866820,0.906960,0.906960,0.906620,0.906630
1389866880,0.906650,0.906830,0.906600,0.906720
1389866940,0.906710,0.906730,0.906650,0.906700
1389867000,0.906710,0.906710,0.906630,0.906670
1389867060,0.906680,0.906680,0.906570,0.906670
1389867120,0.906640,0.906640,0.906500,0.906500
1389867180,0.906490,0.906520,0.906350,0.906510
1389867240,0.906520,0.906690,0.906520,0.906690
1389867300,0.906680,0.906700,0.906610,0.906700
1389867360,0.906690,0.906710,0.906650,0.906710
1389867420,0.906720,0.906800,0.906720,0.906790
1389867480,0.906800,0.906800,0.906730,0.906750
1389867540,0.906760,0.906790,0.906740,0.906790
1389867600,0.906770,0.906820,0.906700,0.906740
1389867660,0.906750,0.906750,0.906610,0.906630
1389867720,0.906620,0.906670,0.906600,0.906630
1389867780,0.906640,0.906790,0.906620,0.906790
1389867840,0.906800,0.907000,0.906730,0.906980
1389867900,0.906970,0.907080,0.906950,0.907070
1389867960,0.907050,0.907080,0.906930,0.906950
1389868020,0.906960,0.906970,0.906850,0.906870
1389868080,0.906860,0.907120,0.906850,0.907080
1389868140,0.907060,0.907280,0.907050,0.907270
1389868200,0.907280,0.907480,0.907280,0.907470
1389868260,0.907450,0.907590,0.907440,0.907590
1389868320,0.907570,0.907630,0.907480,0.907530
1389868380,0.907540,0.907570,0.907300,0.907470
1389868440,0.907490,0.907610,0.907480,0.907610
1389868500,0.907640,0.907680,0.907620,0.907640
1389868560,0.907660,0.907730,0.907630,0.907720
1389868620,0.907710,0.907800,0.907710,0.907770
1389868680,0.907760,0.907770,0.907650,0.907650
1389868740,0.907690,0.907690,0.907550,0.907570
1389868800,0.907580,0.907590,0.907540,0.907560
1389868860,0.907570,0.907590,0.907450,0.907530
1389868920,0.907550,0.907550,0.907390,0.907460
1389868980,0.907470,0.907490,0.907290,0.907340
1389869040,0.907330,0.907450,0.907270,0.907420
1389869100,0.907410,0.907460,0.907410,0.907430
1389869160,0.907420,0.907420,0.907220,0.907340
1389869220,0.907360,0.907380,0.907300,0.907330
1389869280,0.907340,0.907390,0.907320,0.907330
1389869340,0.907340,0.907420,0.907220,0.907220
1389869400,0.907250,0.907290,0.907210,0.907280
1389869460,0.907290,0.907400,0.907290,0.907390
1389869520,0.907430,0.907470,0.907390,0.907410
1389869580,0.907400,0.907450,0.907360,0.907400
1389869640,0.907390,0.907480,0.907390,0.907450
1389869700,0.907460,0.907480,0.907440,0.907460
1389869760,0.907450,0.907620,0.907450,0.907610
1389869820,0.907620,0.907710,0.907610,0.907700
1389869880,0.907690,0.907720,0.907650,0.907710
1389869940,0.907720,0.907790,0.907680,0.907680
1389870000,0.907690,0.907700,0.907430,0.907490
1389870060,0.907500,0.907520,0.907420,0.907450
1389870120,0.907420,0.907630,0.907420,0.907550
1389870180,0.907540,0.907550,0.907450,0.907470
1389870240,0.907480,0.907480,0.907290,0.907380
1389870300,0.907370,0.907370,0.907200,0.907260
1389870360,0.907250,0.907390,0.907250,0.907370
1389870420,0.907400,0.907400,0.907350,0.907370
1389870480,0.907360,0.907400,0.907120,0.907120
1389870540,0.907130,0.907230,0.907120,0.907230
1389870600,0.907220,0.907320,0.907200,0.907320
1389870660,0.907310,0.907310,0.907220,0.907220
1389870720,0.907230,0.907270,0.907230,0.907270
1389870780,0.907250,0.907270,0.907150,0.907190
1389870840,0.907200,0.907200,0.907110,0.907120
1389870900,0.907110,0.907150,0.907110,0.907140
1389870960,0.907150,0.907150,0.907090,0.907130
1389871020,0.907140,0.907200,0.907120,0.907160
1389871080,0.907170,0.907210,0.907150,0.907210
1389871140,0.907200,0.907200,0.907090,0.907140
1389871200,0.907160,0.907300,0.907130,0.907270
1389871260,0.907250,0.907350,0.907250,0.907320
1389871320,0.907330,0.907390,0.907320,0.907390
1389871380,0.907400,0.907550,0.907400,0.907540
1389871440,0.907530,0.907620,0.907530,0.907550
1389871500,0.907570,0.907740,0.907540,0.907670
1389871560,0.907680,0.907680,0.907620,0.907620
1389871620,0.907630,0.907670,0.907550,0.907650
1389871680,0.907640,0.907880,0.907640,0.907790
1389871740,0.907800,0.907860,0.907700,0.907710
1389871800,0.907720,0.907730,0.907660,0.907700
1389871860,0.907710,0.907780,0.907700,0.907770
1389871920,0.907730,0.907800,0.907730,0.907800
1389871980,0.907830,0.907830,0.907650,0.907710
1389872040,0.907700,0.907710,0.907620,0.907700
1389872100,0.907710,0.907730,0.907650,0.907690
1389872160,0.907660,0.907670,0.907540,0.907550
1389872220,0.907540,0.907560,0.907480,0.907480
1389872280,0.907490,0.907500,0.907380,0.907450
1389872340,0.907460,0.907470,0.907370,0.907380
1389872400,0.907370,0.907380,0.907290,0.907370
1389872460,0.907350,0.907380,0.907270,0.907280
1389872520,0.907270,0.907470,0.907230,0.907420
1389872580,0.907450,0.907450,0.907390,0.907400
1389872640,0.907410,0.907470,0.907350,0.907350
1389872700,0.907340,0.907380,0.907190,0.907270
1389872760,0.907250,0.907380,0.907250,0.907370
1389872820,0.907380,0.907650,0.907360,0.907610
1389872880,0.907640,0.907680,0.907320,0.907340
1389872940,0.907330,0.907460,0.907330,0.907450
1389873000,0.907470,0.907480,0.907450,0.907470
1389873060,0.907480,0.907480,0.907440,0.907440
1389873120,0.907450,0.907450,0.907300,0.907320
1389873180,0.907330,0.907380,0.907320,0.907380
1389873240,0.907370,0.907370,0.907300,0.907300
1389873300,0.907280,0.907280,0.907140,0.907200
1389873360,0.907170,0.907200,0.907000,0.907130
1389873420,0.907120,0.907280,0.907120,0.907250
1389873480,0.907260,0.907300,0.907200,0.907230
1389873540,0.907240,0.907250,0.907120,0.907220
1389873600,0.907210,0.907400,0.907160,0.907390
1389873660,0.907380,0.907380,0.907300,0.907320
1389873720,0.907340,0.907500,0.907320,0.907480
1389873780,0.907460,0.907490,0.907380,0.907490
1389873840,0.907480,0.907490,0.907350,0.907350
1389873900,0.907370,0.907390,0.907350,0.907390
1389873960,0.907400,0.907480,0.907390,0.907470
1389874020,0.907450,0.907480,0.907400,0.907470
1389874080,0.907450,0.907580,0.907440,0.907550
1389874140,0.907560,0.907710,0.907560,0.907700
1389874200,0.907680,0.907690,0.907620,0.907630
1389874260,0.907640,0.907680,0.907620,0.907650
1389874320,0.907640,0.907730,0.907600,0.907730
1389874380,0.907720,0.907810,0.907550,0.907570
1389874440,0.907550,0.907640,0.907480,0.907640
1389874500,0.907630,0.907640,0.907450,0.907510
1389874560,0.907520,0.907700,0.907430,0.907630
1389874620,0.907660,0.907750,0.907640,0.907700
1389874680,0.907710,0.907730,0.907630,0.907730
1389874740,0.907720,0.907780,0.907550,0.907570
1389874800,0.907560,0.907620,0.907250,0.907310
1389874860,0.907320,0.907420,0.907320,0.907410
1389874920,0.907400,0.907410,0.907380,0.907400
1389874980,0.907390,0.907500,0.907390,0.907480
1389875040,0.907470,0.907480,0.907450,0.907470
1389875100,0.907450,0.907550,0.907450,0.907550
1389875160,0.907540,0.907640,0.907540,0.907640
1389875220,0.907670,0.907680,0.907600,0.907600
1389875280,0.907590,0.907630,0.907550,0.907570
1389875340,0.907560,0.907750,0.907560,0.907720
1389875400,0.907730,0.907740,0.907640,0.907680
1389875460,0.907670,0.907680,0.907590,0.907610
1389875520,0.907620,0.907630,0.907590,0.907630
1389875580,0.907620,0.907670,0.907620,0.907660
1389875640,0.907650,0.907720,0.907650,0.907680
1389875700,0.907670,0.907670,0.907580,0.907640
1389875760,0.907650,0.907850,0.907650,0.907720
1389875820,0.907730,0.907790,0.907650,0.907750
1389875880,0.907770,0.907780,0.907630,0.907630
1389875940,0.907640,0.907650,0.907540,0.907600
1389876000,0.907610,0.907670,0.907530,0.907620
1389876060,0.907610,0.907690,0.907550,0.907690
1389876120,0.907720,0.907740,0.907550,0.907560
1389876180,0.907570,0.907580,0.907550,0.907570
1389876240,0.907580,0.907580,0.907550,0.907570
1389876300,0.907560,0.907670,0.907550,0.907640
1389876360,0.907630,0.907750,0.907630,0.907730
1389876420,0.907740,0.907990,0.907720,0.907830
1389876480,0.907850,0.907860,0.907780,0.907820
1389876540,0.907790,0.907890,0.907740,0.907880
1389876600,0.907900,0.907900,0.907820,0.907890
1389876660,0.907880,0.908140,0.907850,0.907960
1389876720,0.907950,0.907950,0.907680,0.907700
1389876780,0.907710,0.907730,0.907620,0.907640
1389876840,0.907650,0.907690,0.907630,0.907630
1389876900,0.907640,0.907650,0.907530,0.907540
1389876960,0.907550,0.907620,0.907520,0.907520
1389877020,0.907500,0.907540,0.907390,0.907540
1389877080,0.907550,0.907790,0.907550,0.907790
1389877140,0.907800,0.907890,0.907750,0.907820
1389877200,0.907810,0.907870,0.907780,0.907850
1389877260,0.907880,0.907890,0.907770,0.907770
1389877320,0.907780,0.907800,0.907740,0.907780
1389877380,0.907770,0.907780,0.907730,0.907740
1389877440,0.907730,0.907810,0.907650,0.907810
1389877500,0.907790,0.907870,0.907790,0.907820
1389877560,0.907830,0.907890,0.907800,0.907880
1389877620,0.907870,0.907880,0.907810,0.907870
1389877680,0.907860,0.907900,0.907790,0.907830
1389877740,0.907890,0.907980,0.907890,0.907980
1389877800,0.907960,0.907980,0.907860,0.907870
1389877860,0.907810,0.907810,0.907730,0.907740
1389877920,0.907730,0.907800,0.907720,0.907800
1389877980,0.907780,0.907860,0.907770,0.907860
1389878040,0.907900,0.907990,0.907770,0.907990
1389878100,0.908080,0.908260,0.907950,0.908250
1389878160,0.908270,0.908450,0.908210,0.908230
1389878220,0.908210,0.908310,0.908170,0.908230
1389878280,0.908240,0.908330,0.908240,0.908290
1389878340,0.908260,0.908270,0.908190,0.908260
1389878400,0.908270,0.908270,0.908200,0.908240
1389878460,0.908230,0.908250,0.908170,0.908180
1389878520,0.908190,0.908190,0.908120,0.908130
1389878580,0.908140,0.908150,0.908000,0.908000
1389878640,0.908010,0.908010,0.907990,0.908000
1389878700,0.908010,0.908020,0.907830,0.907840
1389878760,0.907830,0.907900,0.907830,0.907850
1389878820,0.907870,0.907960,0.907790,0.907910
1389878880,0.907900,0.907980,0.907870,0.907960
1389878940,0.907970,0.907980,0.907750,0.907840
1389879000,0.907850,0.908210,0.907560,0.907720
1389879060,0.907730,0.907970,0.907720,0.907720
1389879120,0.907730,0.907760,0.907070,0.907300
1389879180,0.907310,0.907340,0.906480,0.906580
1389879240,0.906610,0.906610,0.906240,0.906330
1389879300,0.906340,0.906410,0.906150,0.906270
1389879360,0.906260,0.906290,0.906090,0.906260
1389879420,0.906250,0.906380,0.906210,0.906270
1389879480,0.906260,0.906650,0.906260,0.906580
1389879540,0.906570,0.906770,0.906540,0.906730
1389879600,0.906720,0.906720,0.906450,0.906450
1389879660,0.906470,0.906470,0.906050,0.906080
1389879720,0.906060,0.906120,0.905890,0.905910
1389879780,0.905920,0.905930,0.905420,0.905560
1389879840,0.905570,0.905740,0.905550,0.905610
1389879900,0.905620,0.905620,0.905080,0.905180
1389879960,0.905190,0.905460,0.905140,0.905420
1389880020,0.905400,0.905450,0.905280,0.905450
1389880080,0.905480,0.905810,0.905430,0.905810
1389880140,0.905790,0.905880,0.905680,0.905700
1389880200,0.905690,0.905770,0.905530,0.905660
1389880260,0.905650,0.905670,0.905440,0.905520
1389880320,0.905500,0.905850,0.905450,0.905790
1389880380,0.905780,0.905790,0.905480,0.905550
1389880440,0.905560,0.905880,0.905440,0.905870
1389880500,0.905840,0.905870,0.905410,0.905500
1389880560,0.905510,0.905600,0.905490,0.905530
1389880620,0.905550,0.905620,0.905330,0.905330
1389880680,0.905310,0.905370,0.905090,0.905220
1389880740,0.905210,0.905290,0.905170,0.905230
1389880800,0.905220,0.905230,0.904580,0.904880
1389880860,0.904870,0.904920,0.903980,0.904090
1389880920,0.904100,0.904230,0.903890,0.904120
1389880980,0.904070,0.904220,0.903890,0.904210
1389881040,0.904220,0.904270,0.904100,0.904120
1389881100,0.904130,0.904130,0.903550,0.903650
1389881160,0.903640,0.903830,0.903530,0.903810
1389881220,0.903790,0.904290,0.903790,0.904270
1389881280,0.904260,0.904410,0.904190,0.904290
1389881340,0.904310,0.904640,0.904300,0.904570
1389881400,0.904580,0.904600,0.904210,0.904220
1389881460,0.904230,0.904430,0.904220,0.904430
1389881520,0.904470,0.904800,0.904330,0.904790
1389881580,0.904800,0.904800,0.904600,0.904600
1389881640,0.904610,0.904620,0.904470,0.904480
1389881700,0.904470,0.904480,0.904290,0.904430
1389881760,0.904410,0.904420,0.904330,0.904400
1389881820,0.904410,0.904770,0.904410,0.904770
1389881880,0.904780,0.904800,0.904650,0.904780
1389881940,0.904790,0.905110,0.904740,0.904970
1389882000,0.904980,0.905040,0.904720,0.904730
1389882060,0.904750,0.904970,0.904740,0.904940
1389882120,0.904920,0.904940,0.904820,0.904940
1389882180,0.904920,0.904920,0.904610,0.904640
1389882240,0.904650,0.904690,0.904520,0.904630
1389882300,0.904620,0.904800,0.904510,0.904790
1389882360,0.904770,0.905010,0.904740,0.905010
1389882420,0.905020,0.905140,0.905020,0.905130
1389882480,0.905120,0.905180,0.905120,0.905160
1389882540,0.905150,0.905250,0.905140,0.905250
1389882600,0.905270,0.905270,0.904950,0.905020
1389882660,0.905030,0.905030,0.904750,0.904840
1389882720,0.904830,0.904870,0.904620,0.904800
1389882780,0.904780,0.904810,0.904550,0.904600
1389882840,0.904610,0.904670,0.904520,0.904630
1389882900,0.904600,0.904610,0.904520,0.904590
1389882960,0.904600,0.904820,0.904600,0.904820
1389883020,0.904830,0.905000,0.904830,0.904930
1389883080,0.904920,0.904930,0.904710,0.904740
1389883140,0.904710,0.904750,0.904640,0.904660
1389883200,0.904670,0.904890,0.904660,0.904870
1389883260,0.904860,0.905090,0.904840,0.905080
1389883320,0.905100,0.905260,0.905090,0.905170
1389883380,0.905180,0.905310,0.905090,0.905280
1389883440,0.905330,0.905490,0.905330,0.905420
1389883500,0.905400,0.905520,0.905400,0.905500
1389883560,0.905490,0.905490,0.905220,0.905270
1389883620,0.905280,0.905450,0.905270,0.905400
1389883680,0.905410,0.905470,0.905340,0.905440
1389883740,0.905430,0.905510,0.905410,0.905420
1389883800,0.905410,0.905450,0.905290,0.905290
1389883860,0.905340,0.905420,0.905250,0.905350
1389883920,0.905340,0.905370,0.905250,0.905290
1389883980,0.905280,0.905340,0.905120,0.905170
1389884040,0.905160,0.905210,0.905110,0.905140
1389884100,0.905160,0.905430,0.905140,0.905410
1389884160,0.905400,0.905420,0.905340,0.905360
1389884220,0.905350,0.905400,0.905250,0.905270
1389884280,0.905260,0.905350,0.905250,0.905330
1389884340,0.905340,0.905600,0.905320,0.905480
1389884400,0.905490,0.905860,0.904860,0.904860
1389884460,0.904830,0.905090,0.904750,0.904750
1389884520,0.904760,0.904760,0.903890,0.903890
1389884580,0.903900,0.904230,0.903620,0.903920
1389884640,0.903930,0.904380,0.903830,0.904070
1389884700,0.904060,0.904800,0.904000,0.904380
1389884760,0.904390,0.904460,0.903690,0.903850
1389884820,0.903840,0.904020,0.903540,0.903680
1389884880,0.903660,0.903660,0.903060,0.903390
1389884940,0.903380,0.903510,0.903130,0.903470
1389885000,0.903480,0.903630,0.903400,0.903590
1389885060,0.903600,0.904130,0.903570,0.904050
1389885120,0.904040,0.904370,0.904000,0.904240
1389885180,0.904250,0.904300,0.904150,0.904160
1389885240,0.904170,0.904870,0.904140,0.904790
1389885300,0.904800,0.905030,0.904750,0.905020
1389885360,0.905010,0.905130,0.904940,0.905040
1389885420,0.905050,0.905180,0.904990,0.905100
1389885480,0.905150,0.905190,0.904840,0.904850
1389885540,0.904880,0.905220,0.904850,0.905200
1389885600,0.905230,0.905330,0.905100,0.905310
1389885660,0.905320,0.905450,0.905190,0.905400
1389885720,0.905410,0.905530,0.905400,0.905510
1389885780,0.905530,0.905750,0.905430,0.905750
1389885840,0.905760,0.906070,0.905730,0.906050
1389885900,0.906060,0.906430,0.906060,0.906420
1389885960,0.906410,0.906630,0.906290,0.906610
1389886020,0.906600,0.906630,0.906330,0.906350
1389886080,0.906310,0.906490,0.906310,0.906430
1389886140,0.906440,0.906600,0.906390,0.906490
1389886200,0.906510,0.906620,0.906470,0.906620
1389886260,0.906630,0.906800,0.906630,0.906720
1389886320,0.906740,0.906820,0.906630,0.906790
1389886380,0.906760,0.906780,0.906510,0.906510
1389886440,0.906540,0.906610,0.906450,0.906470
1389886500,0.906480,0.906980,0.906480,0.906910
1389886560,0.906890,0.906950,0.906790,0.906880
1389886620,0.906900,0.906900,0.906650,0.906880
1389886680,0.906850,0.906950,0.906810,0.906830
1389886740,0.906840,0.906860,0.906690,0.906830
1389886800,0.906840,0.907060,0.906830,0.906970
1389886860,0.906960,0.906970,0.906720,0.906730
1389886920,0.906740,0.906790,0.906540,0.906580
1389886980,0.906560,0.906620,0.906380,0.906430
1389887040,0.906400,0.906400,0.906290,0.906380
1389887100,0.906390,0.906470,0.906290,0.906350
1389887160,0.906360,0.906430,0.906300,0.906370
1389887220,0.906360,0.906380,0.906150,0.906150
1389887280,0.906190,0.906300,0.906160,0.906300
1389887340,0.906270,0.906460,0.906220,0.906420
1389887400,0.906440,0.906700,0.906440,0.906700
1389887460,0.906660,0.906670,0.906440,0.906530
1389887520,0.906550,0.906570,0.906410,0.906430
1389887580,0.906420,0.906540,0.906380,0.906400
1389887640,0.906390,0.906390,0.906220,0.906310
1389887700,0.906300,0.906380,0.906220,0.906380
1389887760,0.906360,0.906500,0.906360,0.906470
1389887820,0.906450,0.906600,0.906410,0.906600
1389887880,0.906590,0.906610,0.906240,0.906260
1389887940,0.906270,0.906450,0.906090,0.906450
1389888000,0.906470,0.906470,0.906210,0.906210
1389888060,0.906220,0.906260,0.906060,0.906100
1389888120,0.906090,0.906210,0.906090,0.906210
1389888180,0.906220,0.906270,0.906130,0.906200
1389888240,0.906190,0.906200,0.905990,0.906040
1389888300,0.906060,0.906150,0.906040,0.906070
1389888360,0.906060,0.906100,0.906010,0.906060
1389888420,0.906090,0.906220,0.906040,0.906150
1389888480,0.906140,0.906340,0.906120,0.906280
1389888540,0.906270,0.906290,0.906240,0.906250
1389888600,0.906240,0.906350,0.906240,0.906320
1389888660,0.906330,0.906400,0.906330,0.906380
1389888720,0.906390,0.906490,0.906390,0.906430
1389888780,0.906420,0.906420,0.906210,0.906230
1389888840,0.906240,0.906570,0.906240,0.906550
1389888900,0.906540,0.906560,0.906420,0.906480
1389888960,0.906460,0.906460,0.906270,0.906290
1389889020,0.906300,0.906310,0.906040,0.906050
1389889080,0.906060,0.906060,0.905720,0.905750
1389889140,0.905800,0.905870,0.905730,0.905850
1389889200,0.905870,0.905960,0.905750,0.905770
1389889260,0.905780,0.905780,0.905610,0.905710
1389889320,0.905700,0.905750,0.905560,0.905620
1389889380,0.905650,0.905760,0.905630,0.905710
1389889440,0.905720,0.905750,0.905670,0.905710
1389889500,0.905730,0.905730,0.905560,0.905590
1389889560,0.905560,0.905580,0.905420,0.905490
1389889620,0.905510,0.905670,0.905480,0.905670
1389889680,0.905650,0.905700,0.905600,0.905630
1389889740,0.905620,0.905930,0.905620,0.905650
1389889800,0.905670,0.905910,0.905670,0.905900
1389889860,0.905920,0.906060,0.905920,0.906030
1389889920,0.905990,0.905990,0.905880,0.905890
1389889980,0.905880,0.905890,0.905830,0.905850
1389890040,0.905820,0.905970,0.905800,0.905830
1389890100,0.905820,0.905820,0.905630,0.905680
1389890160,0.905670,0.905710,0.905640,0.905710
1389890220,0.905720,0.905850,0.905720,0.905820
1389890280,0.905830,0.905990,0.905810,0.905820
1389890340,0.905850,0.905850,0.905770,0.905770
1389890400,0.905780,0.905890,0.905780,0.905820
1389890460,0.905830,0.905990,0.905830,0.905950
1389890520,0.905980,0.905990,0.905910,0.905970
1389890580,0.905960,0.905990,0.905880,0.905900
1389890640,0.905910,0.906000,0.905900,0.905910
1389890700,0.905920,0.905980,0.905910,0.905980
1389890760,0.905970,0.905980,0.905880,0.905900
1389890820,0.905910,0.905920,0.905790,0.905800
1389890880,0.905780,0.905810,0.905570,0.905700
1389890940,0.905710,0.905860,0.905700,0.905860
1389891000,0.905850,0.905890,0.905830,0.905880
1389891060,0.905850,0.906100,0.905850,0.906070
1389891120,0.906050,0.906240,0.905990,0.906170
1389891180,0.906180,0.906340,0.906150,0.906170
1389891240,0.906180,0.906390,0.906150,0.906370
1389891300,0.906360,0.906510,0.906290,0.906490
1389891360,0.906480,0.906520,0.906400,0.906420
1389891420,0.906410,0.906420,0.906280,0.906290
1389891480,0.906280,0.906280,0.906240,0.906270
1389891540,0.906260,0.906280,0.906200,0.906220
1389891600,0.906210,0.906480,0.906130,0.906420
1389891660,0.906400,0.906810,0.906380,0.906710
1389891720,0.906720,0.907170,0.906720,0.907070
1389891780,0.907040,0.907040,0.906890,0.906920
1389891840,0.906900,0.906960,0.906790,0.906960
1389891900,0.906940,0.907010,0.906890,0.907010
1389891960,0.907020,0.907330,0.907020,0.907320
1389892020,0.907350,0.907470,0.907210,0.907330
1389892080,0.907320,0.907330,0.907050,0.907110
1389892140,0.907140,0.907170,0.907040,0.907100
1389892200,0.907110,0.907260,0.907020,0.907100
1389892260,0.907130,0.907140,0.906800,0.906800
1389892320,0.906810,0.906810,0.906720,0.906740
1389892380,0.906720,0.906720,0.906480,0.906480
1389892440,0.906490,0.906660,0.906490,0.906610
1389892500,0.906620,0.906750,0.906620,0.906650
1389892560,0.906640,0.906670,0.906510,0.906540
1389892620,0.906530,0.906560,0.906500,0.906530
1389892680,0.906520,0.906520,0.906410,0.906420
1389892740,0.906410,0.906410,0.906360,0.906380
1389892800,0.906370,0.906480,0.906330,0.906410
1389892860,0.906430,0.906450,0.906370,0.906370
1389892920,0.906380,0.906390,0.906200,0.906200
1389892980,0.906190,0.906280,0.906190,0.906250
1389893040,0.906300,0.906430,0.906240,0.906410
1389893100,0.906400,0.906550,0.906400,0.906480
1389893160,0.906440,0.906450,0.906310,0.906440
1389893220,0.906430,0.906440,0.906400,0.906400
1389893280,0.906410,0.906420,0.906400,0.906410
1389893340,0.906420,0.906560,0.906420,0.906550
1389893400,0.906570,0.906610,0.906450,0.906500
1389893460,0.906510,0.906570,0.906500,0.906540
1389893520,0.906510,0.906570,0.906500,0.906560
1389893580,0.906570,0.906640,0.906490,0.906580
1389893640,0.906590,0.906670,0.906570,0.906620
1389893700,0.906640,0.906700,0.906620,0.906650
1389893760,0.906640,0.906650,0.906550,0.906580
1389893820,0.906630,0.906810,0.906630,0.906800
1389893880,0.906770,0.906770,0.906640,0.906640
1389893940,0.906630,0.906680,0.906620,0.906620
1389894000,0.906630,0.906670,0.906620,0.906650
1389894060,0.906590,0.906590,0.906480,0.906480
1389894120,0.906490,0.906490,0.906330,0.906420
1389894180,0.906410,0.906450,0.906390,0.906390
1389894240,0.906400,0.906430,0.906330,0.906330
1389894300,0.906320,0.906370,0.906310,0.906360
1389894360,0.906340,0.906370,0.906300,0.906300
1389894420,0.906270,0.906350,0.906170,0.906340
1389894480,0.906350,0.906490,0.906350,0.906440
1389894540,0.906460,0.906490,0.906410,0.906420
1389894600,0.906410,0.906420,0.906400,0.906410
1389894660,0.906400,0.906410,0.906360,0.906370
1389894720,0.906380,0.906510,0.906370,0.906470
1389894780,0.906480,0.906480,0.906360,0.906360
1389894840,0.906340,0.906360,0.906320,0.906330
1389894900,0.906310,0.906320,0.906280,0.906300
1389894960,0.906290,0.906310,0.906270,0.906300
1389895020,0.906310,0.906330,0.906250,0.906260
1389895080,0.906270,0.906380,0.906270,0.906370
1389895140,0.906360,0.906460,0.906240,0.906330
1389895200,0.906320,0.906330,0.906270,0.906300
1389895260,0.906310,0.906320,0.906310,0.906320
1389895320,0.906330,0.906390,0.906320,0.906350
1389895380,0.906340,0.906380,0.906310,0.906320
1389895440,0.906330,0.906430,0.906320,0.906430
1389895500,0.906420,0.906430,0.906420,0.906420
1389895560,0.906430,0.906500,0.906420,0.906500
1389895620,0.906490,0.906570,0.906480,0.906570
1389895680,0.906560,0.906560,0.906420,0.906420
1389895740,0.906430,0.906430,0.906270,0.906270
1389895800,0.906280,0.906280,0.906200,0.906250
1389895860,0.906230,0.906280,0.906210,0.906220
1389895920,0.906250,0.906280,0.906220,0.906250
1389895980,0.906270,0.906270,0.906140,0.906190
1389896040,0.906170,0.906350,0.906170,0.906270
1389896100,0.906260,0.906310,0.906220,0.906280
1389896160,0.906270,0.906350,0.906270,0.906330
1389896220,0.906320,0.906340,0.906230,0.906260
1389896280,0.906270,0.906270,0.906130,0.906150
1389896340,0.906140,0.906250,0.906140,0.906230
1389896400,0.906220,0.906270,0.906210,0.906260
1389896460,0.906270,0.906450,0.906270,0.906420
1389896520,0.906440,0.906510,0.906340,0.906470
1389896580,0.906480,0.906490,0.906320,0.906320
1389896640,0.906300,0.906330,0.906290,0.906300
1389896700,0.906310,0.906380,0.906310,0.906320
1389896760,0.906310,0.906380,0.906310,0.906380
1389896820,0.906390,0.906470,0.906390,0.906440
1389896880,0.906430,0.906460,0.906210,0.906210
1389896940,0.906190,0.906210,0.906120,0.906210
1389897000,0.906220,0.906250,0.906220,0.906240
1389897060,0.906230,0.906240,0.906220,0.906220
1389897120,0.906210,0.906220,0.906210,0.906220
1389897180,0.906230,0.906280,0.906220,0.906260
1389897240,0.906250,0.906270,0.906220,0.906230
1389897300,0.906250,0.906250,0.906130,0.906130
1389897360,0.906120,0.906130,0.906080,0.906100
1389897420,0.906110,0.906140,0.906070,0.906080
1389897480,0.906070,0.906130,0.906020,0.906030
1389897540,0.906050,0.906060,0.906020,0.906030
1389897600,0.906020,0.906050,0.905970,0.905990
1389897660,0.906000,0.906010,0.905990,0.906000
1389897720,0.905990,0.905990,0.905920,0.905920
1389897780,0.905930,0.905930,0.905890,0.905890
1389897840,0.905900,0.905900,0.905880,0.905890
1389897900,0.905900,0.905960,0.905900,0.905940
1389897960,0.905920,0.905920,0.905870,0.905880
1389898020,0.905890,0.905890,0.905830,0.905840
1389898080,0.905830,0.905840,0.905740,0.905770
1389898140,0.905750,0.905780,0.905690,0.905720
1389898200,0.905710,0.905730,0.905650,0.905690
1389898260,0.905710,0.905720,0.905520,0.905540
1389898320,0.905550,0.905570,0.905520,0.905520
1389898380,0.905500,0.905550,0.905420,0.905470
1389898440,0.905440,0.905460,0.905400,0.905440
1389898500,0.905420,0.905430,0.905400,0.905400
1389898560,0.905390,0.905390,0.905300,0.905320
1389898620,0.905330,0.905340,0.905330,0.905330
1389898680,0.905340,0.905390,0.905330,0.905390
1389898740,0.905420,0.905490,0.905410,0.905490
1389898800,0.905480,0.905670,0.905480,0.905660
1389898860,0.905650,0.905670,0.905560,0.905580
1389898920,0.905590,0.905740,0.905590,0.905650
1389898980,0.905590,0.905590,0.905410,0.905420
1389899040,0.905430,0.905430,0.905400,0.905400
1389899100,0.905380,0.905380,0.905300,0.905300
1389899160,0.905310,0.905360,0.905260,0.905270
1389899220,0.905280,0.905360,0.905190,0.905360
1389899280,0.905350,0.905400,0.905340,0.905400
1389899340,0.905370,0.905430,0.905360,0.905410
1389899400,0.905420,0.905480,0.905340,0.905460
1389899460,0.905450,0.905450,0.905320,0.905330
1389899520,0.905320,0.905410,0.905310,0.905410
1389899580,0.905400,0.905420,0.905330,0.905360
1389899640,0.905370,0.905400,0.905340,0.905380
1389899700,0.905390,0.905420,0.905330,0.905340
1389899760,0.905350,0.905360,0.905320,0.905350
1389899820,0.905330,0.905420,0.905330,0.905420
1389899880,0.905440,0.905460,0.905420,0.905430
1389899940,0.905460,0.905460,0.905390,0.905400
1389900000,0.905370,0.905370,0.905350,0.905350
1389900060,0.905370,0.905380,0.905350,0.905360
1389900120,0.905380,0.905490,0.905350,0.905490
1389900180,0.905480,0.905490,0.905480,0.905490
1389900240,0.905500,0.905500,0.905410,0.905420
1389900300,0.905460,0.905460,0.905370,0.905400
1389900360,0.905390,0.905420,0.905320,0.905320
1389900420,0.905330,0.905380,0.905330,0.905350
1389900480,0.905360,0.905390,0.905330,0.905380
1389900540,0.905390,0.905390,0.905320,0.905320
1389900600,0.905360,0.905370,0.905230,0.905250
1389900660,0.905230,0.905230,0.905020,0.905170
1389900720,0.905180,0.905300,0.905170,0.905300
1389900780,0.905290,0.905370,0.905210,0.905220
1389900840,0.905230,0.905320,0.905210,0.905290
1389900900,0.905280,0.905280,0.905270,0.905280
1389900960,0.905250,0.905250,0.905200,0.905200
1389901020,0.905190,0.905190,0.905180,0.905180
1389901080,0.905190,0.905200,0.905190,0.905200
1389901140,0.905190,0.905200,0.905190,0.905190
1389901200,0.905200,0.905200,0.905170,0.905200
1389901260,0.905170,0.905180,0.904790,0.904830
1389901320,0.904860,0.904940,0.904830,0.904940
1389901380,0.904930,0.904960,0.904750,0.904750
1389901440,0.904770,0.904860,0.904720,0.904840
1389901500,0.904830,0.904840,0.904600,0.904600
1389901560,0.904560,0.904690,0.904560,0.904680
1389901620,0.904690,0.904780,0.904650,0.904780
1389901680,0.904770,0.904780,0.904730,0.904780
1389901740,0.904770,0.904790,0.904430,0.904530
1389901800,0.904540,0.904680,0.904530,0.904680
1389901860,0.904690,0.904700,0.904620,0.904630
1389901920,0.904620,0.904620,0.904610,0.904620
1389901980,0.904610,0.904620,0.904590,0.904620
1389902040,0.904610,0.904620,0.904540,0.904620
1389902100,0.904610,0.904620,0.904600,0.904620
1389902160,0.904580,0.904580,0.904510,0.904530
1389902220,0.904540,0.904540,0.904410,0.904430
1389902280,0.904420,0.904470,0.904370,0.904390
1389902340,0.904380,0.904660,0.904380,0.904660
1389902400,0.904650,0.904780,0.904650,0.904770
1389902460,0.904780,0.904840,0.904750,0.904770
1389902520,0.904760,0.904790,0.904760,0.904770
1389902580,0.904760,0.904780,0.904750,0.904770
1389902640,0.904760,0.904760,0.904680,0.904690
1389902700,0.904670,0.904710,0.904670,0.904680
1389902760,0.904690,0.904690,0.904670,0.904670
1389902820,0.904680,0.904740,0.904670,0.904700
1389902880,0.904710,0.904710,0.904690,0.904700
1389902940,0.904690,0.904700,0.904600,0.904600
1389903000,0.904610,0.904670,0.904610,0.904650
1389903060,0.904670,0.904690,0.904630,0.904640
1389903120,0.904630,0.904650,0.904630,0.904640
1389903180,0.904630,0.904650,0.904620,0.904620
1389903240,0.904610,0.904610,0.904520,0.904520
1389903300,0.904510,0.904570,0.904510,0.904560
1389903360,0.904570,0.904580,0.904510,0.904530
1389903420,0.904520,0.904520,0.904520,0.904520
1389903480,0.904510,0.904590,0.904510,0.904580
1389903540,0.904560,0.904600,0.904520,0.904590
1389903600,0.904600,0.904600,0.904590,0.904590
1389903660,0.904600,0.904600,0.904590,0.904600
1389903720,0.904590,0.904610,0.904590,0.904610
1389903780,0.904600,0.904610,0.904530,0.904540
1389903840,0.904530,0.904540,0.904500,0.904500
1389903900,0.904510,0.904570,0.904510,0.904560
1389903960,0.904610,0.904640,0.904610,0.904630
1389904020,0.904620,0.904620,0.904620,0.904620
1389904080,0.904600,0.904630,0.904590,0.904630
1389904140,0.904660,0.904920,0.904660,0.904850
1389904200,0.904830,0.904850,0.904820,0.904840
1389904260,0.904830,0.904850,0.904830,0.904840
1389904320,0.904830,0.904880,0.904830,0.904870
1389904380,0.904860,0.904920,0.904850,0.904920
1389904440,0.904950,0.904950,0.904890,0.904930
1389904500,0.904920,0.904920,0.904920,0.904920
1389904560,0.904910,0.904910,0.904760,0.904760
1389904620,0.904770,0.904770,0.904710,0.904730
1389904680,0.904760,0.904770,0.904740,0.904750
1389904740,0.904740,0.904750,0.904670,0.904670
1389904800,0.904680,0.904690,0.904660,0.904680
1389904860,0.904690,0.904770,0.904690,0.904750
1389904920,0.904740,0.904870,0.904740,0.904830
1389904980,0.904820,0.904830,0.904820,0.904820
1389905040,0.904810,0.904850,0.904740,0.904760
1389905100,0.904770,0.904770,0.904680,0.904730
1389905160,0.904740,0.904740,0.904530,0.904530
1389905220,0.904550,0.904550,0.904320,0.904430
1389905280,0.904440,0.904480,0.904390,0.904470
1389905340,0.904460,0.904550,0.904460,0.904530
1389905400,0.904540,0.904550,0.904440,0.904450
1389905460,0.904470,0.904470,0.904230,0.904280
1389905520,0.904290,0.904370,0.904290,0.904360
1389905580,0.904340,0.904380,0.904340,0.904370
1389905640,0.904350,0.904350,0.904190,0.904340
1389905700,0.904350,0.904650,0.904340,0.904630
1389905760,0.904650,0.904660,0.904600,0.904610
1389905820,0.904620,0.904670,0.904600,0.904640
1389905880,0.904650,0.904770,0.904600,0.904760
1389905940,0.904750,0.904750,0.904610,0.904680
1389906000,0.904690,0.904900,0.904690,0.904890
1389906060,0.904900,0.904950,0.904880,0.904920
1389906120,0.904950,0.905040,0.904920,0.905040
1389906180,0.905050,0.905070,0.905030,0.905070
1389906240,0.905060,0.905070,0.905040,0.905070
1389906300,0.905060,0.905070,0.905030,0.905070
1389906360,0.905050,0.905070,0.905030,0.905050
1389906420,0.905040,0.905040,0.904820,0.904820
1389906480,0.904830,0.904880,0.904830,0.904880
1389906540,0.904870,0.904890,0.904850,0.904880
1389906600,0.904860,0.904880,0.904840,0.904860
1389906660,0.904850,0.904880,0.904830,0.904830
1389906720,0.904820,0.904840,0.904790,0.904800
1389906780,0.904780,0.904800,0.904610,0.904650
1389906840,0.904670,0.904770,0.904670,0.904760
1389906900,0.904770,0.904840,0.904760,0.904760
1389906960,0.904750,0.904810,0.904750,0.904780
1389907020,0.904750,0.904780,0.904720,0.904730
1389907080,0.904720,0.904750,0.904720,0.904740
1389907140,0.904730,0.904740,0.904720,0.904720
1389907200,0.904730,0.904730,0.904690,0.904700
1389907260,0.904690,0.904700,0.904690,0.904690
1389907320,0.904700,0.904700,0.904680,0.904700
1389907380,0.904710,0.904710,0.904660,0.904670
1389907440,0.904660,0.904680,0.904660,0.904670
1389907500,0.904680,0.904700,0.904670,0.904700
1389907560,0.904690,0.904710,0.904690,0.904710
1389907620,0.904680,0.904720,0.904680,0.904710
1389907680,0.904720,0.904740,0.904710,0.904710
1389907740,0.904670,0.904700,0.904640,0.904680
1389907800,0.904670,0.904700,0.904640,0.904700
1389907860,0.904670,0.904700,0.904600,0.904600
1389907920,0.904620,0.904650,0.904600,0.904650
1389907980,0.904630,0.904690,0.904630,0.904660
1389908040,0.904670,0.904690,0.904660,0.904670
1389908100,0.904690,0.904690,0.904660,0.904660
1389908160,0.904670,0.904690,0.904660,0.904660
1389908220,0.904690,0.904690,0.904640,0.904640
1389908280,0.904650,0.904700,0.904640,0.904690
1389908340,0.904700,0.904700,0.904690,0.904690
1389908400,0.904700,0.904700,0.904660,0.904690
1389908460,0.904700,0.904700,0.904650,0.904680
1389908520,0.904690,0.904700,0.904620,0.904640
1389908580,0.904630,0.904670,0.904540,0.904540
1389908640,0.904590,0.904600,0.904540,0.904550
1389908700,0.904560,0.904600,0.904520,0.904550
1389908760,0.904560,0.904620,0.904560,0.904600
1389908820,0.904590,0.904620,0.904590,0.904600
1389908880,0.904620,0.904630,0.904610,0.904610
1389908940,0.904630,0.904650,0.904620,0.904630
1389909000,0.904620,0.904650,0.904620,0.904630
1389909060,0.904650,0.904700,0.904640,0.904690
1389909120,0.904680,0.904710,0.904660,0.904670
1389909180,0.904720,0.904790,0.904710,0.904750
1389909240,0.904760,0.904850,0.904740,0.904780
1389909300,0.904750,0.904800,0.904740,0.904740
1389909360,0.904750,0.904750,0.904600,0.904600
1389909420,0.904610,0.904700,0.904600,0.904690
1389909480,0.904700,0.904710,0.904670,0.904670
1389909540,0.904680,0.904790,0.904600,0.904710
1389909600,0.904740,0.904790,0.904700,0.904730
1389909660,0.904720,0.904730,0.904700,0.904730
1389909720,0.904740,0.904890,0.904700,0.904890
1389909780,0.904900,0.905100,0.904800,0.905040
1389909840,0.905030,0.905030,0.904880,0.904920
1389909900,0.904900,0.904970,0.904710,0.904800
1389909960,0.904760,0.904900,0.904670,0.904730
1389910020,0.904700,0.904810,0.904690,0.904760
1389910080,0.904770,0.904810,0.904650,0.904660
1389910140,0.904670,0.904800,0.904620,0.904670
1389910200,0.904660,0.904670,0.904620,0.904620
1389910260,0.904600,0.904710,0.904600,0.904710
1389910320,0.904730,0.904860,0.904630,0.904790
1389910380,0.904730,0.904870,0.904680,0.904690
1389910440,0.904720,0.904800,0.904450,0.904450
1389910500,0.904480,0.904700,0.904480,0.904590
1389910560,0.904600,0.904700,0.904520,0.904540
1389910620,0.904560,0.904740,0.904560,0.904680
1389910680,0.904670,0.904720,0.904640,0.904680
1389910740,0.904690,0.904710,0.904500,0.904650
1389910800,0.904640,0.904690,0.904630,0.904690
1389910860,0.904680,0.904720,0.904570,0.904670
1389910920,0.904660,0.904700,0.904530,0.904650
1389910980,0.904600,0.904650,0.904550,0.904630
1389911040,0.904640,0.904700,0.904570,0.904570
1389911100,0.904600,0.904870,0.904570,0.904870
1389911160,0.904770,0.904790,0.904710,0.904740
1389911220,0.904840,0.904870,0.904750,0.904780
1389911280,0.904790,0.904890,0.904790,0.904890
1389911340,0.904870,0.904890,0.904740,0.904800
1389911400,0.904780,0.904780,0.904480,0.904600
1389911460,0.904620,0.904630,0.904590,0.904620
1389911520,0.904630,0.904680,0.904620,0.904680
1389911580,0.904670,0.904700,0.904660,0.904690
1389911640,0.904700,0.904810,0.904680,0.904690
1389911700,0.904700,0.904780,0.904630,0.904630
1389911760,0.904640,0.904680,0.904620,0.904670
1389911820,0.904690,0.904690,0.904620,0.904650
1389911880,0.904680,0.904690,0.904620,0.904670
1389911940,0.904630,0.904810,0.904630,0.904710
1389912000,0.904700,0.904700,0.904650,0.904680
1389912060,0.904670,0.904720,0.904610,0.904610
1389912120,0.904630,0.904660,0.904610,0.904640
1389912180,0.904650,0.904650,0.904620,0.904640
1389912240,0.904620,0.904650,0.904610,0.904630
1389912300,0.904610,0.904650,0.904610,0.904650
1389912360,0.904670,0.904690,0.904630,0.904660
1389912420,0.904670,0.904700,0.904630,0.904660
1389912480,0.904670,0.904700,0.904630,0.904690
1389912540,0.904670,0.904700,0.904670,0.904670
1389912600,0.904680,0.904700,0.904630,0.904660
1389912660,0.904630,0.904660,0.904610,0.904630
1389912720,0.904610,0.904630,0.904570,0.904570
1389912780,0.904580,0.904600,0.904490,0.904510
1389912840,0.904500,0.904570,0.904500,0.904550
1389912900,0.904560,0.904560,0.904500,0.904500
1389912960,0.904510,0.904540,0.904500,0.904510
1389913020,0.904540,0.904540,0.904510,0.904510
1389913080,0.904500,0.904530,0.904500,0.904510
1389913140,0.904500,0.904510,0.904460,0.904480
1389913200,0.904500,0.904540,0.904480,0.904530
1389913260,0.904500,0.904530,0.904500,0.904520
1389913320,0.904530,0.904530,0.904430,0.904450
1389913380,0.904430,0.904490,0.904430,0.904470
1389913440,0.904480,0.904490,0.904440,0.904470
1389913500,0.904490,0.904490,0.904420,0.904490
1389913560,0.904480,0.904500,0.904480,0.904500
1389913620,0.904490,0.904500,0.904490,0.904490
1389913680,0.904500,0.904500,0.904490,0.904490
1389913740,0.904480,0.904490,0.904480,0.904490
1389913800,0.904520,0.904520,0.904490,0.904490
1389913860,0.904500,0.904500,0.904500,0.904500
1389913920,0.904520,0.904520,0.904500,0.904500
1389913980,0.904510,0.904510,0.904500,0.904500
1389914040,0.904520,0.904520,0.904490,0.904500
1389914100,0.904510,0.904560,0.904500,0.904530
1389914160,0.904520,0.904570,0.904440,0.904450
1389914220,0.904470,0.904530,0.904450,0.904490
1389914280,0.904500,0.904520,0.904490,0.904520
1389914340,0.904510,0.904520,0.904500,0.904500
1389914400,0.904510,0.904520,0.904480,0.904510
1389914460,0.904560,0.904590,0.904510,0.904560
1389914520,0.904540,0.904540,0.904510,0.904510
1389914580,0.904520,0.904520,0.904510,0.904510
1389914640,0.904520,0.904560,0.904500,0.904530
1389914700,0.904540,0.904570,0.904510,0.904540
1389914760,0.904530,0.904570,0.904520,0.904550
1389914820,0.904540,0.904580,0.904540,0.904560
1389914880,0.904580,0.904590,0.904560,0.904580
1389914940,0.904590,0.904590,0.904580,0.904590
1389915000,0.904600,0.904620,0.904590,0.904600
1389915060,0.904610,0.904670,0.904600,0.904620
1389915120,0.904640,0.904700,0.904630,0.904690
1389915180,0.904700,0.904730,0.904690,0.904710
1389915240,0.904700,0.904740,0.904700,0.904730
1389915300,0.904740,0.904740,0.904720,0.904730
1389915360,0.904740,0.904880,0.904710,0.904860
1389915420,0.904880,0.904880,0.904820,0.904840
1389915480,0.904820,0.904830,0.904810,0.904830
1389915540,0.904820,0.904840,0.904820,0.904840
1389915600,0.904820,0.904870,0.904810,0.904850
1389915660,0.904860,0.904860,0.904830,0.904840
1389915720,0.904870,0.904870,0.904790,0.904840
1389915780,0.904820,0.904840,0.904810,0.904840
1389915840,0.904820,0.904840,0.904820,0.904820
1389915900,0.904840,0.904840,0.904790,0.904790
1389915960,0.904800,0.904860,0.904800,0.904810
1389916020,0.904820,0.904820,0.904800,0.904810
1389916080,0.904790,0.904790,0.904730,0.904790
1389916140,0.904780,0.904790,0.904760,0.904760
1389916200,0.904740,0.904800,0.904740,0.904790
1389916260,0.904800,0.904800,0.904750,0.904760
1389916320,0.904750,0.904790,0.904740,0.904790
1389916380,0.904800,0.904810,0.904770,0.904770
1389916440,0.904740,0.904770,0.904710,0.904710
1389916500,0.904720,0.904720,0.904700,0.904720
1389916560,0.904700,0.904790,0.904700,0.904780
1389916620,0.904770,0.904800,0.904750,0.904800
1389916680,0.904810,0.904820,0.904800,0.904810
1389916740,0.904800,0.904950,0.904800,0.904950
1389916800,0.904960,0.905180,0.904930,0.905180
1389916860,0.905170,0.905200,0.905020,0.905040
1389916920,0.905070,0.905080,0.905040,0.905040
1389916980,0.905050,0.905080,0.905040,0.905080
1389917040,0.905060,0.905080,0.905050,0.905080
1389917100,0.905060,0.905120,0.905050,0.905100
1389917160,0.905090,0.905090,0.905030,0.905030
1389917220,0.905060,0.905180,0.905030,0.905150
1389917280,0.905130,0.905290,0.905130,0.905290
1389917340,0.905300,0.905310,0.905250,0.905260
1389917400,0.905250,0.905250,0.905090,0.905090
1389917460,0.905080,0.905090,0.905000,0.905030
1389917520,0.905050,0.905050,0.905020,0.905030
1389917580,0.905020,0.905060,0.905020,0.905020
1389917640,0.905030,0.905100,0.905020,0.905090
1389917700,0.905100,0.905100,0.905020,0.905060
1389917760,0.905070,0.905090,0.905040,0.905050
1389917820,0.905020,0.905110,0.905020,0.905100
1389917940,0.905110,0.905110,0.905010,0.905040
1389918000,0.905030,0.905040,0.905020,0.905030
1389918060,0.905050,0.905120,0.905020,0.905120
1389918120,0.905130,0.905130,0.905080,0.905080
1389918180,0.905090,0.905090,0.905080,0.905080
1389918240,0.905090,0.905100,0.905080,0.905090
1389918300,0.905100,0.905130,0.905100,0.905120
1389918360,0.905130,0.905130,0.905100,0.905100
1389918420,0.905110,0.905130,0.905100,0.905110
1389918480,0.905120,0.905130,0.905090,0.905110
1389918540,0.905120,0.905190,0.905110,0.905190
1389918600,0.905170,0.905250,0.905170,0.905210
1389918660,0.905190,0.905210,0.905190,0.905210
1389918720,0.905190,0.905240,0.905190,0.905220
1389918780,0.905210,0.905220,0.905140,0.905140
1389918840,0.905150,0.905150,0.905120,0.905130
1389918900,0.905110,0.905110,0.905090,0.905100
1389918960,0.905120,0.905150,0.905120,0.905150
1389919020,0.905190,0.905190,0.905170,0.905180
1389919080,0.905190,0.905190,0.905160,0.905160
1389919140,0.905170,0.905190,0.905160,0.905170
1389919200,0.905180,0.905190,0.905170,0.905190
1389919260,0.905180,0.905190,0.905170,0.905190
1389919320,0.905170,0.905200,0.905170,0.905190
1389919380,0.905200,0.905200,0.905190,0.905190
1389919440,0.905200,0.905200,0.905180,0.905180
1389919500,0.905200,0.905220,0.905190,0.905210
1389919560,0.905220,0.905230,0.905170,0.905170
1389919620,0.905190,0.905190,0.905130,0.905160
1389919680,0.905170,0.905190,0.905130,0.905190
1389919740,0.905180,0.905190,0.905160,0.905160
1389919800,0.905150,0.905150,0.905050,0.905080
1389919860,0.905090,0.905100,0.905080,0.905090
1389919920,0.905100,0.905100,0.904960,0.904990
1389919980,0.904970,0.905000,0.904920,0.904930
1389920040,0.904920,0.905020,0.904820,0.904880
1389920100,0.904820,0.904930,0.904800,0.904810
1389920160,0.904820,0.904820,0.904720,0.904740
1389920220,0.904730,0.904740,0.904700,0.904720
1389920280,0.904710,0.904780,0.904700,0.904770
1389920340,0.904780,0.904790,0.904730,0.904750
1389920400,0.904740,0.904770,0.904670,0.904750
1389920460,0.904740,0.904760,0.904730,0.904750
1389920520,0.904770,0.904960,0.904760,0.904920
1389920580,0.904910,0.904920,0.904810,0.904850
1389920640,0.904880,0.904920,0.904850,0.904910
1389920700,0.904890,0.904900,0.904890,0.904890
1389920760,0.904900,0.904900,0.904890,0.904890
1389920820,0.904880,0.905000,0.904880,0.905000
1389920880,0.904990,0.905000,0.904940,0.904940
1389920940,0.904950,0.904970,0.904920,0.904940
1389921000,0.904930,0.904930,0.904920,0.904920
1389921060,0.904910,0.904940,0.904910,0.904910
1389921120,0.904920,0.904940,0.904910,0.904940
1389921180,0.904920,0.904980,0.904920,0.904970
1389921240,0.904940,0.904970,0.904930,0.904940
1389921300,0.904930,0.904990,0.904920,0.904990
1389921360,0.904970,0.904980,0.904940,0.904950
1389921420,0.904940,0.905000,0.904940,0.905000
1389921480,0.904990,0.905000,0.904940,0.904990
1389921540,0.904970,0.904970,0.904850,0.904860
1389921600,0.904870,0.904890,0.904860,0.904890
1389921660,0.904870,0.904950,0.904860,0.904930
1389921720,0.905000,0.905010,0.904990,0.905010
1389921780,0.905030,0.905100,0.905020,0.905030
1389921840,0.905050,0.905050,0.904900,0.904920
1389921900,0.904900,0.904940,0.904880,0.904880
1389921960,0.904890,0.904890,0.904840,0.904850
1389922020,0.904880,0.904880,0.904840,0.904850
1389922080,0.904830,0.904880,0.904770,0.904790
1389922140,0.904770,0.904850,0.904770,0.904830
1389922200,0.904860,0.904940,0.904860,0.904920
1389922260,0.904910,0.904920,0.904870,0.904890
1389922320,0.904900,0.904900,0.904820,0.904870
1389922380,0.904890,0.905030,0.904870,0.905020
1389922440,0.905050,0.905090,0.905020,0.905080
1389922500,0.905090,0.905100,0.905080,0.905100
1389922560,0.905090,0.905120,0.905040,0.905120
1389922620,0.905140,0.905180,0.905140,0.905180
1389922680,0.905170,0.905230,0.905140,0.905200
1389922740,0.905210,0.905280,0.905210,0.905250
1389922800,0.905280,0.905290,0.905240,0.905280
1389922860,0.905270,0.905280,0.905190,0.905190
1389922920,0.905200,0.905210,0.905190,0.905190
1389922980,0.905200,0.905200,0.905190,0.905190
1389923040,0.905150,0.905190,0.905150,0.905190
1389923100,0.905200,0.905230,0.905200,0.905220
1389923160,0.905230,0.905240,0.905210,0.905210
1389923220,0.905220,0.905220,0.905210,0.905220
1389923280,0.905230,0.905230,0.905180,0.905210
1389923340,0.905200,0.905240,0.905190,0.905220
1389923400,0.905240,0.905240,0.905170,0.905170
1389923460,0.905180,0.905260,0.905170,0.905240
1389923520,0.905250,0.905270,0.905220,0.905230
1389923580,0.905240,0.905280,0.905220,0.905260
1389923640,0.905280,0.905280,0.905250,0.905250
1389923700,0.905260,0.905280,0.905250,0.905260
1389923760,0.905270,0.905280,0.905230,0.905280
1389923820,0.905270,0.905280,0.905260,0.905280
1389923880,0.905270,0.905280,0.905260,0.905260
1389923940,0.905250,0.905260,0.905220,0.905220
1389924000,0.905250,0.905270,0.905210,0.905220
1389924060,0.905230,0.905230,0.905200,0.905220
1389924120,0.905210,0.905390,0.905210,0.905370
1389924180,0.905390,0.905390,0.905360,0.905360
1389924240,0.905340,0.905420,0.905330,0.905400
1389924300,0.905450,0.905570,0.905440,0.905560
1389924360,0.905570,0.905650,0.905520,0.905570
1389924420,0.905580,0.905630,0.905580,0.905620
1389924480,0.905610,0.905680,0.905560,0.905660
1389924540,0.905650,0.905680,0.905610,0.905660
1389924600,0.905680,0.905680,0.905620,0.905630
1389924660,0.905620,0.905720,0.905610,0.905690
1389924720,0.905670,0.905760,0.905650,0.905680
1389924780,0.905660,0.905690,0.905660,0.905690
1389924840,0.905670,0.905690,0.905660,0.905660
1389924900,0.905650,0.905690,0.905640,0.905670
1389924960,0.905690,0.905700,0.905650,0.905680
1389925080,0.905690,0.905690,0.905680,0.905680
1389925140,0.905670,0.905680,0.905650,0.905670
1389925200,0.905650,0.905700,0.905640,0.905690
1389925260,0.905680,0.905690,0.905660,0.905680
1389925320,0.905670,0.905680,0.905650,0.905670
1389925380,0.905680,0.905680,0.905620,0.905680
1389925440,0.905650,0.905660,0.905530,0.905560
1389925500,0.905540,0.905570,0.905400,0.905400
1389925560,0.905430,0.905510,0.905420,0.905510
1389925620,0.905500,0.905500,0.905490,0.905490
1389925680,0.905480,0.905480,0.905400,0.905420
1389925740,0.905440,0.905440,0.905410,0.905420
1389925800,0.905450,0.905450,0.905410,0.905450
1389925860,0.905470,0.905510,0.905470,0.905500
1389925920,0.905490,0.905580,0.905480,0.905560
1389925980,0.905550,0.905580,0.905550,0.905550
1389926040,0.905530,0.905550,0.905490,0.905510
1389926100,0.905500,0.905520,0.905500,0.905510
1389926160,0.905500,0.905550,0.905500,0.905540
1389926220,0.905530,0.905560,0.905530,0.905560
1389926280,0.905530,0.905610,0.905530,0.905600
1389926340,0.905590,0.905600,0.905500,0.905500
1389926400,0.905510,0.905550,0.905450,0.905480
1389926460,0.905470,0.905490,0.905450,0.905470
1389926520,0.905460,0.905480,0.905410,0.905410
1389926580,0.905450,0.905450,0.905380,0.905380
1389926640,0.905390,0.905410,0.905370,0.905390
1389926700,0.905370,0.905400,0.905370,0.905380
1389926760,0.905390,0.905470,0.905380,0.905430
1389926820,0.905420,0.905460,0.905410,0.905420
1389926880,0.905400,0.905450,0.905400,0.905420
1389926940,0.905410,0.905440,0.905410,0.905430
1389927000,0.905420,0.905490,0.905410,0.905480
1389927060,0.905490,0.905490,0.905450,0.905470
1389927120,0.905480,0.905490,0.905480,0.905490
1389927180,0.905480,0.905500,0.905460,0.905470
1389927240,0.905460,0.905490,0.905450,0.905480
1389927300,0.905490,0.905490,0.905380,0.905380
1389927360,0.905390,0.905390,0.905370,0.905390
1389927420,0.905400,0.905400,0.905380,0.905380
1389927480,0.905390,0.905410,0.905350,0.905410
1389927540,0.905450,0.905450,0.905330,0.905330
1389927600,0.905350,0.905380,0.905320,0.905330
1389927660,0.905350,0.905360,0.905330,0.905330
1389927720,0.905320,0.905330,0.905300,0.905300
1389927780,0.905290,0.905310,0.905290,0.905310
1389927840,0.905300,0.905300,0.905290,0.905290
1389927900,0.905280,0.905280,0.905250,0.905250
1389927960,0.905230,0.905280,0.905170,0.905170
1389928020,0.905180,0.905190,0.905170,0.905190
1389928080,0.905180,0.905210,0.905180,0.905210
1389928140,0.905200,0.905200,0.905160,0.905170
1389928200,0.905180,0.905190,0.905160,0.905190
1389928260,0.905180,0.905190,0.905170,0.905180
1389928320,0.905170,0.905190,0.905160,0.905170
1389928380,0.905180,0.905180,0.905160,0.905180
1389928440,0.905170,0.905280,0.905150,0.905280
1389928500,0.905260,0.905270,0.905250,0.905270
1389928560,0.905260,0.905280,0.905260,0.905280
1389928620,0.905290,0.905300,0.905280,0.905280
1389928680,0.905270,0.905300,0.905260,0.905300
1389928740,0.905290,0.905300,0.905290,0.905300
1389928800,0.905260,0.905260,0.905240,0.905260
1389928860,0.905240,0.905260,0.905240,0.905240
1389928920,0.905250,0.905280,0.905170,0.905200
1389928980,0.905190,0.905200,0.905190,0.905200
1389929040,0.905210,0.905340,0.905210,0.905340
1389929100,0.905250,0.905370,0.905250,0.905350
1389929160,0.905340,0.905400,0.905330,0.905370
1389929220,0.905380,0.905400,0.905370,0.905390
1389929280,0.905400,0.905400,0.905370,0.905370
1389929340,0.905380,0.905390,0.905320,0.905320
1389929400,0.905330,0.905390,0.905330,0.905380
1389929460,0.905390,0.905390,0.905250,0.905250
1389929520,0.905230,0.905270,0.905230,0.905240
1389929580,0.905230,0.905280,0.905180,0.905230
1389929640,0.905250,0.905380,0.905230,0.905350
1389929700,0.905340,0.905370,0.905320,0.905320
1389929760,0.905330,0.905330,0.905310,0.905320
1389929820,0.905310,0.905350,0.905310,0.905330
1389929880,0.905320,0.905350,0.905300,0.905300
1389929940,0.905290,0.905300,0.905270,0.905290
1389930000,0.905280,0.905320,0.905280,0.905310
1389930060,0.905300,0.905300,0.905290,0.905300
1389930120,0.905290,0.905320,0.905290,0.905300
1389930180,0.905310,0.905310,0.905300,0.905310
1389930240,0.905300,0.905310,0.905300,0.905300
1389930300,0.905320,0.905320,0.905300,0.905310
1389930360,0.905300,0.905300,0.905260,0.905290
1389930420,0.905280,0.905330,0.905280,0.905320
1389930480,0.905300,0.905300,0.905300,0.905300
1389930540,0.905260,0.905260,0.905160,0.905160
1389930600,0.905180,0.905210,0.905160,0.905200
1389930660,0.905190,0.905200,0.905180,0.905200
1389930720,0.905190,0.905200,0.905190,0.905190
1389930780,0.905200,0.905200,0.905190,0.905190
1389930840,0.905200,0.905200,0.905160,0.905190
1389930900,0.905180,0.905200,0.905180,0.905190
1389930960,0.905200,0.905220,0.905190,0.905200
1389931020,0.905190,0.905220,0.905190,0.905190
1389931080,0.905200,0.905200,0.905150,0.905160
1389931140,0.905180,0.905180,0.905150,0.905170
1389931200,0.905160,0.905240,0.905160,0.905220
1389931260,0.905210,0.905270,0.905210,0.905220
1389931320,0.905210,0.905210,0.905170,0.905180
1389931380,0.905160,0.905180,0.905130,0.905180
1389931440,0.905150,0.905170,0.905150,0.905150
1389931500,0.905160,0.905190,0.905160,0.905180
1389931560,0.905170,0.905190,0.905170,0.905190
1389931620,0.905180,0.905190,0.905170,0.905180
1389931680,0.905170,0.905190,0.905050,0.905100
1389931740,0.905090,0.905100,0.905050,0.905090
1389931800,0.905100,0.905100,0.905030,0.905080
1389931860,0.905060,0.905090,0.905060,0.905090
1389931920,0.905070,0.905080,0.905050,0.905080
1389931980,0.905070,0.905090,0.905050,0.905060
1389932040,0.905080,0.905080,0.905060,0.905080
1389932100,0.905050,0.905050,0.904980,0.904980
1389932160,0.904990,0.905010,0.904990,0.905000
1389932220,0.905010,0.905050,0.905010,0.905020
1389932280,0.905010,0.905080,0.905010,0.905050
1389932340,0.905040,0.905040,0.905010,0.905010
1389932400,0.905030,0.905030,0.904970,0.904980
1389932460,0.904990,0.905050,0.904980,0.905030
1389932520,0.905050,0.905050,0.905020,0.905050
1389932580,0.905030,0.905050,0.905020,0.905040
1389932640,0.905050,0.905050,0.905020,0.905030
1389932700,0.905020,0.905030,0.905010,0.905020
1389932760,0.905030,0.905050,0.905010,0.905030
1389932820,0.905020,0.905090,0.905010,0.905070
1389932880,0.905090,0.905090,0.905030,0.905070
1389932940,0.905090,0.905120,0.905070,0.905110
1389933000,0.905120,0.905130,0.905110,0.905130
1389933060,0.905120,0.905140,0.905120,0.905140
1389933120,0.905120,0.905140,0.905110,0.905130
1389933180,0.905120,0.905140,0.905120,0.905140
1389933240,0.905110,0.905150,0.905110,0.905140
1389933300,0.905120,0.905160,0.905120,0.905160
1389933360,0.905140,0.905160,0.905140,0.905140
1389933420,0.905120,0.905140,0.905090,0.905100
1389933480,0.905120,0.905130,0.905110,0.905120
1389933540,0.905110,0.905170,0.905110,0.905130
1389933600,0.905160,0.905160,0.905130,0.905150
1389933660,0.905130,0.905130,0.905100,0.905100
1389933720,0.905130,0.905140,0.905100,0.905120
1389933780,0.905140,0.905140,0.905120,0.905130
1389933840,0.905120,0.905150,0.905120,0.905140
1389933900,0.905150,0.905180,0.905130,0.905150
1389933960,0.905140,0.905180,0.905130,0.905150
1389934020,0.905120,0.905150,0.905120,0.905130
1389934080,0.905150,0.905150,0.905140,0.905150
1389934140,0.905160,0.905180,0.905160,0.905170
1389934200,0.905160,0.905190,0.905130,0.905170
1389934260,0.905160,0.905230,0.905160,0.905210
1389934320,0.905200,0.905220,0.905200,0.905210
1389934380,0.905220,0.905330,0.905210,0.905330
1389934440,0.905320,0.905320,0.905310,0.905320
1389934500,0.905310,0.905330,0.905260,0.905280
1389934560,0.905290,0.905290,0.905260,0.905270
1389934620,0.905290,0.905290,0.905260,0.905260
1389934680,0.905250,0.905280,0.905220,0.905260
1389934740,0.905270,0.905340,0.905260,0.905340
