time,open,high,low,close
1377489600,1.049940,1.049960,1.049940,1.049940
1377489660,1.049930,1.049950,1.049830,1.049950
1377489720,1.049930,1.049950,1.049930,1.049940
1377489780,1.049950,1.049960,1.049920,1.049930
1377489840,1.049940,1.049970,1.049930,1.049950
1377489900,1.049960,1.049980,1.049950,1.049970
1377489960,1.049940,1.049980,1.049940,1.049980
1377490020,1.049990,1.050120,1.049990,1.050080
1377490080,1.050010,1.050010,1.049940,1.050010
1377490140,1.050000,1.050000,1.049990,1.049990
1377490200,1.050000,1.050030,1.049920,1.049930
1377490260,1.049960,1.049970,1.049920,1.049970
1377490320,1.049950,1.050070,1.049950,1.050050
1377490380,1.050040,1.050050,1.050040,1.050040
1377490440,1.050040,1.050050,1.050040,1.050040
1377490500,1.050060,1.050060,1.050050,1.050050
1377490560,1.050060,1.050070,1.050040,1.050070
1377490620,1.050050,1.050090,1.050050,1.050060
1377490680,1.050040,1.050090,1.050040,1.050090
1377490740,1.050050,1.050090,1.050050,1.050090
1377490800,1.050080,1.050090,1.050050,1.050090
1377490860,1.050080,1.050090,1.050070,1.050090
1377490920,1.050080,1.050100,1.050080,1.050100
1377490980,1.050080,1.050080,1.050060,1.050080
1377491040,1.050050,1.050070,1.050050,1.050070
1377491100,1.050050,1.050070,1.050050,1.050050
1377491160,1.050070,1.050090,1.050040,1.050070
1377491220,1.050090,1.050090,1.050050,1.050060
1377491280,1.050050,1.050170,1.050050,1.050070
1377491340,1.050080,1.050080,1.050050,1.050060
1377491400,1.050070,1.050150,1.050060,1.050070
1377491460,1.050080,1.050080,1.050030,1.050050
1377491520,1.050060,1.050080,1.050050,1.050070
1377491580,1.050040,1.050090,1.050040,1.050080
1377491640,1.050090,1.050090,1.050020,1.050090
1377491700,1.050090,1.050090,1.050050,1.050080
1377491760,1.050090,1.050090,1.050050,1.050080
1377491820,1.050050,1.050090,1.050050,1.050080
1377491880,1.050090,1.050090,1.050050,1.050080
1377491940,1.050090,1.050090,1.050050,1.050080
1377492000,1.050090,1.050090,1.050050,1.050050
1377492060,1.050020,1.050080,1.050020,1.050070
1377492120,1.050080,1.050080,1.050060,1.050080
1377492180,1.050070,1.050080,1.050010,1.050020
1377492240,1.050000,1.050010,1.050000,1.050000
1377492300,1.050010,1.050050,1.050010,1.050020
1377492360,1.050000,1.050070,1.050000,1.050060
1377492420,1.050070,1.050080,1.050040,1.050080
1377492480,1.050080,1.050080,1.050040,1.050080
1377492540,1.050090,1.050090,1.050020,1.050050
1377492600,1.050040,1.050060,1.049990,1.050050
1377492660,1.050070,1.050080,1.050050,1.050080
1377492720,1.050090,1.050130,1.050090,1.050130
1377492780,1.050110,1.050130,1.050080,1.050080
1377492840,1.050090,1.050150,1.050080,1.050140
1377492900,1.050130,1.050140,1.050130,1.050130
1377492960,1.050090,1.050100,1.050090,1.050090
1377493020,1.050050,1.050110,1.050050,1.050110
1377493080,1.050100,1.050100,1.050050,1.050100
1377493140,1.050040,1.050090,1.049980,1.050030
1377493200,1.050050,1.050090,1.050030,1.050090
1377493260,1.050070,1.050120,1.050050,1.050070
1377493320,1.050080,1.050080,1.050050,1.050070
1377493380,1.050080,1.050080,1.050040,1.050070
1377493440,1.050080,1.050080,1.050070,1.050070
1377493500,1.050080,1.050080,1.050030,1.050060
1377493560,1.050030,1.050040,1.049950,1.049980
1377493620,1.049990,1.050130,1.049980,1.050090
1377493680,1.050080,1.050110,1.050080,1.050080
1377493740,1.050070,1.050080,1.050030,1.050050
1377493800,1.049980,1.050060,1.049930,1.049950
1377493860,1.049970,1.049980,1.049930,1.049970
1377493920,1.049940,1.049980,1.049900,1.049920
1377493980,1.049910,1.049910,1.049890,1.049890
1377494040,1.049880,1.049890,1.049880,1.049880
1377494100,1.049850,1.049890,1.049850,1.049890
1377494160,1.049880,1.049890,1.049880,1.049890
1377494220,1.049880,1.049910,1.049840,1.049900
1377494280,1.049910,1.049980,1.049910,1.049950
1377494340,1.049970,1.049980,1.049940,1.049960
1377494400,1.049940,1.049980,1.049910,1.049910
1377494460,1.049890,1.049890,1.049850,1.049870
1377494520,1.049880,1.049900,1.049860,1.049890
1377494580,1.049850,1.049900,1.049850,1.049890
1377494640,1.049850,1.049880,1.049850,1.049850
1377494700,1.049890,1.049890,1.049850,1.049890
1377494760,1.049900,1.049980,1.049900,1.049980
1377494820,1.049990,1.050000,1.049940,1.050000
1377494880,1.049990,1.049990,1.049940,1.049960
1377494940,1.049970,1.049970,1.049930,1.049940
1377495000,1.049950,1.049970,1.049860,1.049860
1377495060,1.049870,1.049920,1.049850,1.049890
1377495120,1.049850,1.049890,1.049840,1.049890
1377495180,1.049910,1.049910,1.049830,1.049880
1377495240,1.049890,1.049890,1.049850,1.049890
1377495300,1.049860,1.049900,1.049850,1.049880
1377495360,1.049850,1.049870,1.049850,1.049870
1377495420,1.049860,1.049880,1.049850,1.049880
1377495480,1.049890,1.049890,1.049890,1.049890
1377495540,1.049920,1.050000,1.049920,1.049980
1377495600,1.049970,1.049970,1.049940,1.049960
1377495660,1.049950,1.049960,1.049940,1.049940
1377495720,1.049950,1.049960,1.049940,1.049950
1377495780,1.049970,1.049970,1.049950,1.049960
1377495840,1.049980,1.050110,1.049960,1.049970
1377495900,1.049950,1.049990,1.049950,1.049950
1377495960,1.049970,1.049970,1.049970,1.049970
1377496020,1.049950,1.049970,1.049950,1.049970
1377496080,1.049990,1.050030,1.049990,1.049990
1377496140,1.050010,1.050240,1.049850,1.050050
1377496200,1.050060,1.050060,1.049910,1.049960
1377496260,1.049950,1.049970,1.049950,1.049960
1377496320,1.049950,1.049960,1.049940,1.049950
1377496380,1.049970,1.049970,1.049940,1.049940
1377496440,1.049950,1.049960,1.049940,1.049950
1377496500,1.049970,1.049980,1.049950,1.049980
1377496560,1.050000,1.050070,1.050000,1.050040
1377496620,1.050050,1.050150,1.050040,1.050130
1377496680,1.050150,1.050160,1.050100,1.050100
1377496740,1.050130,1.050150,1.049990,1.050140
1377496800,1.050130,1.050180,1.050020,1.050140
1377496860,1.050130,1.050150,1.050050,1.050060
1377496920,1.050110,1.050110,1.050040,1.050050
1377496980,1.050030,1.050030,1.049970,1.049970
1377497040,1.049990,1.050150,1.049990,1.050140
1377497100,1.050160,1.050230,1.050130,1.050230
1377497160,1.050230,1.050310,1.050230,1.050290
1377497220,1.050250,1.050280,1.050240,1.050270
1377497280,1.050280,1.050290,1.050190,1.050280
1377497340,1.050240,1.050330,1.050240,1.050310
1377497400,1.050290,1.050290,1.050240,1.050290
1377497460,1.050280,1.050290,1.050210,1.050290
1377497520,1.050280,1.050290,1.050280,1.050280
1377497580,1.050290,1.050290,1.050290,1.050290
1377497640,1.050260,1.050260,1.050220,1.050220
1377497700,1.050230,1.050290,1.050230,1.050290
1377497760,1.050280,1.050290,1.050280,1.050280
1377497820,1.050300,1.050300,1.050220,1.050250
1377497880,1.050220,1.050270,1.050220,1.050260
1377497940,1.050270,1.050280,1.050250,1.050260
1377498000,1.050320,1.050320,1.050320,1.050320
1377498060,1.050310,1.050320,1.050310,1.050320
1377498120,1.050300,1.050320,1.050300,1.050320
1377498180,1.050320,1.050320,1.050300,1.050300
1377498240,1.050320,1.050340,1.050320,1.050330
1377498300,1.050340,1.050340,1.050250,1.050250
1377498360,1.050270,1.050360,1.050250,1.050260
1377498420,1.050270,1.050290,1.050240,1.050280
1377498480,1.050320,1.050380,1.050320,1.050330
1377498540,1.050360,1.050430,1.050310,1.050410
1377498600,1.050380,1.050410,1.050360,1.050360
1377498660,1.050350,1.050350,1.050250,1.050250
1377498720,1.050240,1.050300,1.050210,1.050210
1377498780,1.050220,1.050260,1.050160,1.050160
1377498840,1.050200,1.050200,1.050200,1.050200
1377498900,1.050210,1.050210,1.050080,1.050080
1377498960,1.050090,1.050150,1.050090,1.050110
1377499020,1.050120,1.050300,1.050120,1.050300
1377499080,1.050310,1.050320,1.050250,1.050270
1377499140,1.050270,1.050280,1.050240,1.050280
1377499200,1.050270,1.050280,1.050240,1.050270
1377499260,1.050260,1.050270,1.050240,1.050260
1377499320,1.050270,1.050300,1.050250,1.050260
1377499380,1.050250,1.050270,1.050240,1.050250
1377499440,1.050240,1.050350,1.050120,1.050210
1377499500,1.050220,1.050360,1.050220,1.050310
1377499560,1.050360,1.050360,1.050220,1.050230
1377499620,1.050260,1.050360,1.050210,1.050260
1377499680,1.050250,1.050340,1.050210,1.050310
1377499740,1.050280,1.050310,1.050280,1.050310
1377499800,1.050340,1.050390,1.050330,1.050360
1377499860,1.050350,1.050500,1.050330,1.050480
1377499920,1.050460,1.050520,1.050350,1.050380
1377499980,1.050380,1.050530,1.050340,1.050530
1377500040,1.050560,1.050600,1.050530,1.050530
1377500100,1.050520,1.050570,1.050480,1.050570
1377500160,1.050560,1.050570,1.050520,1.050520
1377500220,1.050510,1.050530,1.050510,1.050520
1377500280,1.050550,1.050550,1.050530,1.050550
1377500340,1.050540,1.050550,1.050350,1.050400
1377500400,1.050410,1.050470,1.050410,1.050470
1377500460,1.050500,1.050510,1.050450,1.050470
1377500520,1.050520,1.050520,1.050390,1.050390
1377500580,1.050360,1.050370,1.050300,1.050350
1377500640,1.050320,1.050380,1.050250,1.050380
1377500700,1.050350,1.050390,1.050290,1.050370
1377500760,1.050430,1.050430,1.050300,1.050370
1377500820,1.050370,1.050430,1.050340,1.050420
1377500880,1.050450,1.050540,1.050390,1.050420
1377500940,1.050410,1.050430,1.050400,1.050410
1377501000,1.050430,1.050440,1.050420,1.050420
1377501060,1.050410,1.050450,1.050370,1.050430
1377501120,1.050420,1.050620,1.050420,1.050620
1377501180,1.050610,1.050610,1.050520,1.050520
1377501240,1.050510,1.050520,1.050480,1.050520
1377501300,1.050500,1.050520,1.050480,1.050510
1377501360,1.050510,1.050510,1.050480,1.050480
1377501420,1.050470,1.050580,1.050440,1.050580
1377501480,1.050530,1.050590,1.050530,1.050580
1377501540,1.050590,1.050600,1.050590,1.050590
1377501600,1.050610,1.050620,1.050610,1.050620
1377501660,1.050580,1.050760,1.050580,1.050730
1377501720,1.050750,1.050920,1.050730,1.050890
1377501780,1.050900,1.050950,1.050850,1.050950
1377501840,1.050940,1.050980,1.050930,1.050950
1377501900,1.050940,1.050950,1.050830,1.050830
1377501960,1.050840,1.050840,1.050820,1.050820
1377502020,1.050830,1.050830,1.050810,1.050820
1377502080,1.050810,1.050820,1.050690,1.050710
1377502200,1.050720,1.050780,1.050700,1.050780
1377502260,1.050790,1.050800,1.050750,1.050770
1377502320,1.050750,1.050770,1.050750,1.050770
1377502380,1.050750,1.050770,1.050730,1.050770
1377502440,1.050750,1.050750,1.050740,1.050750
1377502500,1.050740,1.050750,1.050740,1.050740
1377502560,1.050750,1.050750,1.050640,1.050730
1377502620,1.050740,1.050740,1.050740,1.050740
1377502680,1.050730,1.050790,1.050720,1.050730
1377502740,1.050720,1.050770,1.050720,1.050760
1377502800,1.050750,1.050780,1.050730,1.050780
1377502860,1.050730,1.050760,1.050730,1.050760
1377502920,1.050750,1.050790,1.050730,1.050750
1377502980,1.050750,1.050930,1.050750,1.050930
1377503040,1.050920,1.051000,1.050920,1.050980
1377503100,1.050950,1.050990,1.050950,1.050990
1377503160,1.051000,1.051010,1.050990,1.050990
1377503220,1.050980,1.051000,1.050970,1.051000
1377503280,1.051010,1.051010,1.050840,1.050840
1377503340,1.050860,1.050870,1.050840,1.050840
1377503400,1.050830,1.050860,1.050600,1.050620
1377503460,1.050640,1.050890,1.050630,1.050850
1377503520,1.050860,1.050870,1.050840,1.050870
1377503580,1.050850,1.050880,1.050780,1.050860
1377503640,1.050850,1.051060,1.050850,1.051000
1377503700,1.051030,1.051340,1.051020,1.051340
1377503760,1.051330,1.051330,1.051320,1.051320
1377503820,1.051330,1.051330,1.051230,1.051320
1377503880,1.051340,1.051350,1.051320,1.051340
1377503940,1.051330,1.051350,1.051310,1.051330
1377504000,1.051320,1.051350,1.051170,1.051220
1377504060,1.051250,1.051250,1.051150,1.051190
1377504120,1.051190,1.051200,1.051150,1.051190
1377504180,1.051200,1.051200,1.051200,1.051200
1377504240,1.051220,1.051250,1.051220,1.051220
1377504300,1.051200,1.051280,1.051170,1.051220
1377504360,1.051230,1.051230,1.051230,1.051230
1377504420,1.051250,1.051300,1.051250,1.051300
1377504480,1.051320,1.051420,1.051310,1.051420
1377504540,1.051410,1.051410,1.051400,1.051400
1377504600,1.051390,1.051390,1.051390,1.051390
1377504660,1.051410,1.051410,1.051290,1.051310
1377504720,1.051300,1.051300,1.051070,1.051070
1377504780,1.051080,1.051200,1.051070,1.051160
1377504840,1.051170,1.051260,1.051140,1.051260
1377504900,1.051260,1.051650,1.051250,1.051600
1377504960,1.051640,1.051650,1.051410,1.051530
1377505020,1.051520,1.051550,1.051500,1.051510
1377505080,1.051520,1.051530,1.051520,1.051520
1377505140,1.051550,1.051550,1.051520,1.051520
1377505200,1.051510,1.051510,1.051500,1.051510
1377505260,1.051500,1.051500,1.051340,1.051360
1377505320,1.051370,1.051380,1.051330,1.051380
1377505380,1.051350,1.051380,1.051350,1.051370
1377505440,1.051350,1.051380,1.051260,1.051300
1377505500,1.051270,1.051410,1.051270,1.051410
1377505560,1.051460,1.051510,1.051460,1.051480
1377505620,1.051530,1.051550,1.051480,1.051510
1377505680,1.051580,1.051680,1.051520,1.051630
1377505740,1.051610,1.051610,1.051600,1.051600
1377505800,1.051620,1.051680,1.051620,1.051630
1377505860,1.051650,1.051650,1.051630,1.051630
1377505920,1.051650,1.051650,1.051630,1.051630
1377505980,1.051610,1.051620,1.051600,1.051600
1377506040,1.051580,1.051590,1.051580,1.051590
1377506100,1.051560,1.051630,1.051540,1.051540
1377506160,1.051550,1.051550,1.051530,1.051530
1377506220,1.051510,1.051530,1.051510,1.051530
1377506280,1.051520,1.051520,1.051520,1.051520
1377506340,1.051530,1.051530,1.051510,1.051520
1377506400,1.051500,1.051600,1.051500,1.051600
1377506460,1.051610,1.051610,1.051590,1.051600
1377506520,1.051590,1.051600,1.051590,1.051600
1377506580,1.051590,1.051590,1.051590,1.051590
1377506640,1.051600,1.051610,1.051510,1.051510
1377506700,1.051520,1.051520,1.051520,1.051520
1377506880,1.051510,1.051510,1.051510,1.051510
1377507060,1.051520,1.051520,1.051520,1.051520
1377507120,1.051520,1.051520,1.051520,1.051520
1377507240,1.051530,1.051580,1.051420,1.051460
1377507300,1.051460,1.051480,1.051370,1.051380
1377507360,1.051390,1.051490,1.051380,1.051490
1377507420,1.051470,1.051570,1.051370,1.051490
1377507480,1.051460,1.051500,1.051440,1.051450
1377507540,1.051490,1.051590,1.051450,1.051550
1377507600,1.051570,1.051590,1.051510,1.051510
1377507660,1.051520,1.051530,1.051490,1.051510
1377507720,1.051490,1.051540,1.051490,1.051500
1377507780,1.051510,1.051600,1.051510,1.051590
1377507840,1.051580,1.051580,1.051520,1.051530
1377507900,1.051520,1.051520,1.051510,1.051520
1377507960,1.051500,1.051500,1.051360,1.051360
1377508020,1.051320,1.051560,1.051250,1.051530
1377508080,1.051480,1.051500,1.051460,1.051480
1377508140,1.051460,1.051470,1.051290,1.051390
1377508200,1.051380,1.051380,1.051270,1.051280
1377508260,1.051270,1.051280,1.051200,1.051200
1377508320,1.051260,1.051270,1.051240,1.051250
1377508380,1.051240,1.051280,1.051230,1.051280
1377508440,1.051270,1.051280,1.051200,1.051200
1377508500,1.051220,1.051310,1.051220,1.051270
1377508560,1.051290,1.051300,1.051290,1.051300
1377508620,1.051260,1.051260,1.051230,1.051230
1377508680,1.051240,1.051250,1.051210,1.051230
1377508740,1.051260,1.051280,1.051250,1.051280
1377508800,1.051250,1.051280,1.051250,1.051280
1377508860,1.051250,1.051450,1.051250,1.051450
1377508920,1.051440,1.051450,1.051370,1.051370
1377508980,1.051380,1.051420,1.051370,1.051420
1377509040,1.051450,1.051480,1.051420,1.051480
1377509100,1.051490,1.051520,1.051390,1.051410
1377509160,1.051450,1.051490,1.051450,1.051490
1377509220,1.051440,1.051480,1.051430,1.051480
1377509280,1.051450,1.051500,1.051450,1.051500
1377509340,1.051510,1.051510,1.051510,1.051510
1377509400,1.051490,1.051530,1.051490,1.051530
1377509460,1.051520,1.051590,1.051520,1.051590
1377509520,1.051610,1.051670,1.051610,1.051660
1377509580,1.051670,1.051720,1.051640,1.051720
1377509640,1.051710,1.051820,1.051710,1.051780
1377509700,1.051800,1.051800,1.051790,1.051790
1377509760,1.051770,1.051870,1.051770,1.051840
1377509820,1.051870,1.051870,1.051770,1.051840
1377509880,1.051840,1.051880,1.051840,1.051870
1377509940,1.051850,1.051860,1.051800,1.051840
1377510000,1.051850,1.051860,1.051750,1.051830
1377510060,1.051850,1.051850,1.051790,1.051800
1377510120,1.051810,1.051870,1.051810,1.051850
1377510180,1.051840,1.051850,1.051800,1.051830
1377510240,1.051820,1.051850,1.051730,1.051780
1377510300,1.051790,1.051850,1.051740,1.051750
1377510360,1.051770,1.051830,1.051740,1.051820
1377510420,1.051830,1.051850,1.051800,1.051830
1377510480,1.051800,1.051830,1.051750,1.051780
1377510540,1.051790,1.051880,1.051780,1.051830
1377510600,1.051850,1.051860,1.051840,1.051860
1377510660,1.051850,1.051880,1.051830,1.051840
1377510720,1.051840,1.051880,1.051830,1.051860
1377510780,1.051840,1.051860,1.051820,1.051820
1377510840,1.051870,1.051870,1.051850,1.051870
1377510900,1.051810,1.051810,1.051810,1.051810
1377510960,1.051830,1.051850,1.051830,1.051830
1377511020,1.051860,1.051860,1.051840,1.051840
1377511080,1.051830,1.051910,1.051820,1.051910
1377511140,1.051890,1.051890,1.051850,1.051880
1377511200,1.051940,1.051990,1.051870,1.051910
1377511260,1.051880,1.051930,1.051880,1.051910
1377511320,1.051920,1.051950,1.051880,1.051950
1377511380,1.051930,1.051940,1.051910,1.051940
1377511440,1.051950,1.051950,1.051920,1.051920
1377511500,1.051910,1.051920,1.051910,1.051910
1377511560,1.051930,1.051950,1.051930,1.051940
1377511620,1.051930,1.051930,1.051930,1.051930
1377511680,1.051950,1.051950,1.051870,1.051910
1377511740,1.051930,1.052160,1.051930,1.052160
1377511800,1.052170,1.052220,1.052090,1.052120
1377511860,1.052070,1.052070,1.052000,1.052020
1377511920,1.052050,1.052050,1.052020,1.052020
1377511980,1.052050,1.052050,1.051950,1.051970
1377512040,1.051980,1.051990,1.051950,1.051970
1377512100,1.052010,1.052050,1.052010,1.052040
1377512160,1.052030,1.052050,1.051950,1.051980
1377512220,1.051980,1.052040,1.051950,1.051960
1377512280,1.051950,1.052040,1.051940,1.052040
1377512340,1.051980,1.052050,1.051940,1.051990
1377512400,1.051960,1.051970,1.051930,1.051940
1377512460,1.051940,1.051990,1.051940,1.051960
1377512520,1.051970,1.052050,1.051940,1.051990
1377512580,1.051970,1.052050,1.051970,1.052030
1377512640,1.052000,1.052090,1.051970,1.052060
1377512700,1.052040,1.052050,1.052040,1.052040
1377512760,1.052050,1.052050,1.052030,1.052040
1377512820,1.052040,1.052090,1.052040,1.052090
1377512880,1.052080,1.052090,1.052080,1.052080
1377512940,1.052070,1.052080,1.052050,1.052080
1377513000,1.052050,1.052080,1.052050,1.052080
1377513060,1.052050,1.052080,1.052050,1.052070
1377513120,1.052080,1.052080,1.052050,1.052060
1377513180,1.052050,1.052070,1.052040,1.052070
1377513240,1.052070,1.052070,1.052010,1.052030
1377513300,1.052010,1.052080,1.051990,1.052080
1377513360,1.052050,1.052190,1.052050,1.052150
1377513420,1.052160,1.052160,1.052080,1.052160
1377513480,1.052140,1.052150,1.051980,1.052030
1377513540,1.052040,1.052050,1.052020,1.052020
1377513600,1.052000,1.052000,1.051920,1.051970
1377513660,1.051950,1.051970,1.051950,1.051970
1377513720,1.051930,1.051950,1.051930,1.051930
1377513780,1.051940,1.051960,1.051940,1.051940
1377513840,1.051940,1.051950,1.051890,1.051910
1377513900,1.051960,1.052020,1.051940,1.052000
1377513960,1.051990,1.051990,1.051910,1.051910
1377514020,1.051900,1.051950,1.051900,1.051930
1377514080,1.051950,1.051970,1.051930,1.051930
1377514140,1.051950,1.051970,1.051950,1.051950
1377514200,1.051940,1.051950,1.051940,1.051950
1377514260,1.051970,1.051970,1.051940,1.051950
1377514320,1.051940,1.051950,1.051830,1.051950
1377514380,1.051940,1.051970,1.051940,1.051950
1377514440,1.051940,1.051950,1.051850,1.051880
1377514500,1.051850,1.051880,1.051850,1.051880
1377514560,1.051850,1.051890,1.051850,1.051870
1377514620,1.051850,1.051850,1.051820,1.051830
1377514680,1.051850,1.051850,1.051830,1.051840
1377514740,1.051830,1.051920,1.051830,1.051920
1377514800,1.051910,1.051920,1.051890,1.051920
1377514860,1.051900,1.051900,1.051830,1.051830
1377514920,1.051850,1.051930,1.051830,1.051870
1377514980,1.051880,1.051880,1.051820,1.051820
1377515040,1.051850,1.051850,1.051690,1.051690
1377515100,1.051700,1.051700,1.051690,1.051690
1377515160,1.051680,1.051690,1.051640,1.051690
1377515220,1.051700,1.051750,1.051650,1.051710
1377515280,1.051700,1.051820,1.051700,1.051820
1377515340,1.051840,1.051950,1.051830,1.051940
1377515400,1.051980,1.051980,1.051940,1.051970
1377515460,1.051960,1.052060,1.051940,1.052060
1377515520,1.052070,1.052080,1.052030,1.052030
1377515580,1.051990,1.052080,1.051980,1.052050
1377515640,1.052060,1.052070,1.052040,1.052060
1377515700,1.052070,1.052070,1.052040,1.052040
1377515760,1.052070,1.052090,1.052050,1.052090
1377515820,1.052080,1.052120,1.052080,1.052090
1377515880,1.052080,1.052090,1.052050,1.052060
1377515940,1.052050,1.052140,1.052050,1.052080
1377516000,1.052140,1.052180,1.052080,1.052130
1377516060,1.052110,1.052130,1.052110,1.052130
1377516120,1.052180,1.052220,1.052150,1.052210
1377516180,1.052220,1.052320,1.052190,1.052300
1377516240,1.052290,1.052290,1.052230,1.052250
1377516300,1.052260,1.052270,1.052200,1.052270
1377516360,1.052280,1.052280,1.052250,1.052250
1377516420,1.052230,1.052290,1.052200,1.052270
1377516480,1.052280,1.052380,1.052250,1.052290
1377516540,1.052280,1.052280,1.052270,1.052270
1377516600,1.052320,1.052380,1.052310,1.052380
1377516660,1.052370,1.052390,1.052350,1.052390
1377516780,1.052380,1.052380,1.052330,1.052350
1377516840,1.052370,1.052370,1.052280,1.052280
1377516900,1.052290,1.052290,1.052290,1.052290
1377516960,1.052320,1.052400,1.052320,1.052400
1377517020,1.052530,1.052560,1.052500,1.052520
1377517080,1.052530,1.052600,1.052530,1.052530
1377517140,1.052530,1.052530,1.052420,1.052420
1377517200,1.052380,1.052450,1.052280,1.052390
1377517260,1.052380,1.052500,1.052330,1.052500
1377517320,1.052480,1.052480,1.052480,1.052480
1377517440,1.052470,1.052500,1.052470,1.052490
1377517500,1.052480,1.052490,1.052400,1.052450
1377517560,1.052430,1.052720,1.052430,1.052680
1377517620,1.052690,1.052720,1.052690,1.052710
1377517680,1.052680,1.052690,1.052640,1.052660
1377517740,1.052700,1.052760,1.052700,1.052710
1377517800,1.052720,1.052750,1.052720,1.052740
1377517860,1.052770,1.052890,1.052770,1.052840
1377517920,1.052850,1.052910,1.052840,1.052850
1377517980,1.052870,1.052880,1.052820,1.052840
1377518040,1.052850,1.052870,1.052840,1.052860
1377518100,1.052850,1.052900,1.052830,1.052890
1377518160,1.052930,1.053050,1.052930,1.052940
1377518220,1.052930,1.052970,1.052930,1.052950
1377518280,1.052950,1.053050,1.052950,1.053050
1377518340,1.053040,1.053050,1.052930,1.052930
1377518400,1.052920,1.052950,1.052890,1.052920
1377518460,1.052910,1.053050,1.052910,1.053030
1377518520,1.052990,1.053120,1.052990,1.053110
1377518580,1.053070,1.053170,1.053070,1.053170
1377518640,1.053160,1.053190,1.053100,1.053170
1377518700,1.053160,1.053210,1.053150,1.053190
1377518760,1.053210,1.053210,1.053150,1.053150
1377518820,1.053170,1.053180,1.052950,1.052950
1377518880,1.052970,1.053030,1.052880,1.052880
1377518940,1.052920,1.052920,1.052580,1.052580
1377519000,1.052560,1.052610,1.052420,1.052610
1377519060,1.052600,1.052610,1.052560,1.052580
1377519120,1.052570,1.052580,1.052470,1.052490
1377519180,1.052450,1.052480,1.052410,1.052430
1377519240,1.052420,1.052640,1.052420,1.052630
1377519300,1.052640,1.052650,1.052530,1.052550
1377519360,1.052530,1.052540,1.052520,1.052530
1377519420,1.052540,1.052740,1.052530,1.052720
1377519480,1.052650,1.052650,1.052500,1.052520
1377519540,1.052530,1.052530,1.052480,1.052510
1377519600,1.052550,1.052990,1.052550,1.052940
1377519660,1.052930,1.052960,1.052700,1.052700
1377519720,1.052720,1.052860,1.052720,1.052770
1377519780,1.052740,1.052770,1.052710,1.052770
1377519840,1.052760,1.052770,1.052710,1.052710
1377519900,1.052720,1.052930,1.052720,1.052910
1377519960,1.052920,1.052920,1.052640,1.052640
1377520020,1.052630,1.052650,1.052530,1.052540
1377520080,1.052530,1.052530,1.052340,1.052480
1377520140,1.052480,1.052480,1.052010,1.052330
1377520200,1.052280,1.052440,1.051370,1.051520
1377520260,1.051490,1.051490,1.051170,1.051310
1377520320,1.051320,1.051320,1.051080,1.051190
1377520380,1.051170,1.051320,1.051020,1.051240
1377520440,1.051260,1.051270,1.050920,1.051020
1377520500,1.051000,1.051030,1.050810,1.050940
1377520560,1.050890,1.051230,1.050850,1.051230
1377520620,1.051190,1.051190,1.051030,1.051030
1377520680,1.051050,1.051380,1.051030,1.051380
1377520740,1.051390,1.051390,1.051290,1.051350
1377520800,1.051330,1.051330,1.050780,1.050790
1377520860,1.050800,1.050920,1.050670,1.050700
1377520920,1.050670,1.050710,1.050270,1.050470
1377520980,1.050480,1.050880,1.050450,1.050820
1377521040,1.050830,1.051070,1.050830,1.051070
1377521100,1.051040,1.051080,1.050650,1.050700
1377521160,1.050720,1.050720,1.050600,1.050680
1377521220,1.050690,1.050980,1.050540,1.050560
1377521280,1.050550,1.050660,1.050290,1.050390
1377521340,1.050380,1.050650,1.050360,1.050630
1377521400,1.050650,1.050680,1.050230,1.050270
1377521460,1.050260,1.050370,1.050230,1.050290
1377521520,1.050320,1.050560,1.050250,1.050250
1377521580,1.050230,1.050260,1.049950,1.050150
1377521640,1.050160,1.050260,1.050110,1.050150
1377521700,1.050180,1.050180,1.050140,1.050170
1377521760,1.050150,1.050210,1.050150,1.050200
1377521820,1.050220,1.050390,1.050220,1.050350
1377521880,1.050380,1.050490,1.050380,1.050490
1377521940,1.050500,1.050590,1.050400,1.050580
1377522000,1.050590,1.050660,1.050530,1.050650
1377522060,1.050640,1.050760,1.050620,1.050630
1377522120,1.050650,1.050650,1.050530,1.050580
1377522180,1.050590,1.050720,1.050400,1.050400
1377522240,1.050430,1.050500,1.050400,1.050500
1377522300,1.050520,1.050540,1.050390,1.050450
1377522360,1.050460,1.050510,1.050400,1.050500
1377522420,1.050490,1.050620,1.050490,1.050500
1377522480,1.050510,1.050610,1.050500,1.050600
1377522540,1.050580,1.050770,1.050580,1.050760
1377522600,1.050750,1.050850,1.050690,1.050790
1377522660,1.050770,1.050790,1.050490,1.050570
1377522720,1.050550,1.050630,1.050530,1.050610
1377522780,1.050570,1.050620,1.050520,1.050590
1377522840,1.050600,1.050760,1.050600,1.050760
1377522900,1.050730,1.050870,1.050730,1.050870
1377522960,1.050850,1.050860,1.050830,1.050850
1377523020,1.050870,1.050970,1.050850,1.050940
1377523080,1.050950,1.050950,1.050900,1.050930
1377523140,1.050920,1.050980,1.050810,1.050950
1377523200,1.050940,1.051040,1.050880,1.051020
1377523260,1.051000,1.051020,1.050840,1.050880
1377523320,1.050910,1.050930,1.050810,1.050900
1377523380,1.050860,1.050860,1.050830,1.050860
1377523440,1.050850,1.050960,1.050790,1.050890
1377523500,1.050880,1.050910,1.050830,1.050850
1377523560,1.050860,1.050890,1.050680,1.050680
1377523620,1.050670,1.050680,1.050640,1.050650
1377523680,1.050680,1.050850,1.050680,1.050790
1377523740,1.050770,1.050790,1.050740,1.050750
1377523800,1.050740,1.050830,1.050730,1.050790
1377523860,1.050810,1.050930,1.050750,1.050930
1377523920,1.050920,1.051090,1.050900,1.051090
1377523980,1.051080,1.051190,1.051070,1.051180
1377524040,1.051170,1.051180,1.051020,1.051090
1377524100,1.051100,1.051190,1.051050,1.051050
1377524160,1.051040,1.051080,1.050900,1.050920
1377524220,1.050950,1.050950,1.050830,1.050840
1377524280,1.050830,1.051000,1.050820,1.050830
1377524340,1.050850,1.050850,1.050720,1.050720
1377524400,1.050730,1.050850,1.050720,1.050850
1377524460,1.050830,1.050850,1.050690,1.050690
1377524520,1.050700,1.050760,1.050650,1.050750
1377524580,1.050740,1.050850,1.050730,1.050830
1377524640,1.050840,1.050980,1.050840,1.050900
1377524700,1.050930,1.050980,1.050790,1.050960
1377524760,1.050950,1.050970,1.050930,1.050930
1377524820,1.050940,1.050950,1.050930,1.050950
1377524880,1.050970,1.051040,1.050880,1.050880
1377524940,1.050890,1.050890,1.050850,1.050850
1377525000,1.050880,1.050910,1.050850,1.050880
1377525060,1.050900,1.050900,1.050880,1.050880
1377525120,1.050890,1.050890,1.050880,1.050880
1377525180,1.050890,1.050910,1.050840,1.050880
1377525240,1.050890,1.051020,1.050880,1.051020
1377525300,1.051010,1.051070,1.050830,1.050830
1377525360,1.050840,1.050970,1.050840,1.050930
1377525420,1.050940,1.050970,1.050930,1.050950
1377525480,1.050920,1.050920,1.050880,1.050880
1377525540,1.050890,1.051380,1.050890,1.051340
1377525600,1.051390,1.051420,1.051300,1.051300
1377525660,1.051360,1.051450,1.051300,1.051420
1377525720,1.051430,1.051450,1.051390,1.051390
1377525780,1.051400,1.051400,1.051190,1.051290
1377525840,1.051280,1.051280,1.051030,1.051090
1377525900,1.051110,1.051270,1.051100,1.051210
1377525960,1.051250,1.051310,1.051180,1.051310
1377526020,1.051330,1.051330,1.051130,1.051170
1377526080,1.051180,1.051270,1.051150,1.051240
1377526140,1.051260,1.051320,1.051240,1.051320
1377526200,1.051330,1.051330,1.051280,1.051280
1377526260,1.051310,1.051420,1.051220,1.051260
1377526320,1.051240,1.051400,1.051240,1.051400
1377526380,1.051460,1.051460,1.051300,1.051420
1377526440,1.051430,1.051430,1.051430,1.051430
1377526500,1.051420,1.051420,1.051420,1.051420
1377526560,1.051430,1.051430,1.051210,1.051220
1377526620,1.051230,1.051450,1.051230,1.051440
1377526680,1.051450,1.051450,1.051390,1.051410
1377526740,1.051390,1.051460,1.051390,1.051450
1377526800,1.051440,1.051550,1.051440,1.051540
1377526860,1.051520,1.051520,1.051510,1.051510
1377526920,1.051520,1.051520,1.051430,1.051490
1377526980,1.051500,1.051540,1.051450,1.051480
1377527040,1.051450,1.051490,1.051430,1.051480
1377527100,1.051470,1.051500,1.051450,1.051480
1377527160,1.051470,1.051540,1.051450,1.051520
1377527220,1.051540,1.051630,1.051540,1.051600
1377527280,1.051590,1.051590,1.051510,1.051550
1377527340,1.051530,1.051540,1.051490,1.051500
1377527400,1.051490,1.051490,1.051240,1.051250
1377527460,1.051280,1.051300,1.051250,1.051250
1377527520,1.051270,1.051280,1.051230,1.051280
1377527580,1.051300,1.051550,1.051300,1.051530
1377527640,1.051510,1.051600,1.051440,1.051550
1377527700,1.051530,1.051570,1.051530,1.051530
1377527760,1.051550,1.051550,1.051530,1.051530
1377527820,1.051550,1.051580,1.051450,1.051470
1377527880,1.051450,1.051520,1.051410,1.051480
1377527940,1.051450,1.051470,1.051390,1.051390
1377528000,1.051380,1.051400,1.051250,1.051400
1377528060,1.051380,1.051380,1.051290,1.051300
1377528120,1.051360,1.051470,1.051350,1.051430
1377528180,1.051450,1.051520,1.051440,1.051510
1377528240,1.051530,1.051560,1.051490,1.051550
1377528300,1.051540,1.051570,1.051450,1.051500
1377528360,1.051510,1.051820,1.051500,1.051820
1377528420,1.051760,1.051770,1.051610,1.051650
1377528480,1.051640,1.051750,1.051620,1.051740
1377528540,1.051750,1.051870,1.051730,1.051770
1377528600,1.051760,1.051760,1.051520,1.051570
1377528660,1.051530,1.051680,1.051450,1.051620
1377528720,1.051610,1.051650,1.051520,1.051520
1377528780,1.051500,1.051520,1.051480,1.051490
1377528840,1.051500,1.051500,1.051340,1.051380
1377528900,1.051370,1.051390,1.051340,1.051380
1377528960,1.051390,1.051390,1.051250,1.051290
1377529020,1.051250,1.051300,1.051250,1.051290
1377529080,1.051300,1.051300,1.051130,1.051140
1377529140,1.051150,1.051450,1.051030,1.051140
1377529200,1.051150,1.051260,1.051130,1.051230
1377529260,1.051220,1.051230,1.051190,1.051200
1377529320,1.051220,1.051240,1.051210,1.051210
1377529380,1.051200,1.051200,1.051090,1.051150
1377529440,1.051180,1.051270,1.051150,1.051160
1377529500,1.051170,1.051180,1.051150,1.051170
1377529560,1.051150,1.051170,1.051150,1.051170
1377529620,1.051130,1.051180,1.051080,1.051130
1377529680,1.051140,1.051160,1.051140,1.051160
1377529740,1.051150,1.051230,1.051150,1.051200
1377529800,1.051190,1.051270,1.051190,1.051250
1377529860,1.051270,1.051330,1.051250,1.051260
1377529920,1.051250,1.051330,1.051250,1.051310
1377529980,1.051320,1.051330,1.051280,1.051290
1377530040,1.051280,1.051280,1.051250,1.051280
1377530100,1.051290,1.051340,1.051250,1.051340
1377530160,1.051370,1.051430,1.051290,1.051330
1377530220,1.051320,1.051320,1.051250,1.051250
1377530280,1.051240,1.051270,1.051180,1.051240
1377530340,1.051220,1.051220,1.051150,1.051190
1377530400,1.051150,1.051170,1.051080,1.051090
1377530460,1.051100,1.051110,1.051050,1.051110
1377530520,1.051090,1.051110,1.051030,1.051050
1377530580,1.051060,1.051120,1.051050,1.051120
1377530640,1.051110,1.051110,1.051050,1.051070
1377530700,1.051050,1.051080,1.051050,1.051080
1377530760,1.051070,1.051090,1.051050,1.051090
1377530820,1.051010,1.051130,1.051000,1.051070
1377530880,1.051080,1.051080,1.050950,1.050970
1377530940,1.050980,1.050980,1.050950,1.050960
1377531000,1.050950,1.050980,1.050890,1.050950
1377531060,1.050930,1.050960,1.050830,1.050940
1377531120,1.050920,1.050970,1.050890,1.050890
1377531180,1.050870,1.050880,1.050730,1.050760
1377531240,1.050740,1.050740,1.050650,1.050670
1377531300,1.050650,1.050830,1.050650,1.050760
1377531360,1.050740,1.050740,1.050590,1.050630
1377531420,1.050650,1.050650,1.050630,1.050630
1377531480,1.050620,1.050630,1.050590,1.050590
1377531540,1.050620,1.050650,1.050480,1.050530
1377531600,1.050510,1.050550,1.050440,1.050530
1377531660,1.050520,1.050560,1.050520,1.050530
1377531720,1.050600,1.050610,1.050410,1.050460
1377531780,1.050450,1.050480,1.050410,1.050480
1377531840,1.050460,1.050460,1.050330,1.050420
1377531900,1.050410,1.050420,1.050410,1.050420
1377531960,1.050410,1.050510,1.050410,1.050480
1377532020,1.050470,1.050500,1.050400,1.050400
1377532080,1.050410,1.050520,1.050390,1.050500
1377532140,1.050490,1.050520,1.050490,1.050520
1377532200,1.050550,1.050630,1.050550,1.050590
1377532260,1.050580,1.050690,1.050580,1.050630
1377532320,1.050650,1.050650,1.050540,1.050590
1377532380,1.050570,1.050700,1.050540,1.050650
1377532440,1.050670,1.050790,1.050650,1.050770
1377532500,1.050740,1.050910,1.050740,1.050910
1377532560,1.050870,1.051010,1.050850,1.050910
1377532620,1.050920,1.050960,1.050910,1.050940
1377532680,1.050950,1.051000,1.050930,1.050990
1377532740,1.051080,1.051190,1.051050,1.051180
1377532800,1.051220,1.051280,1.051180,1.051190
1377532860,1.051180,1.051180,1.050990,1.050990
1377532920,1.051010,1.051010,1.050740,1.050740
1377532980,1.050750,1.050890,1.050650,1.050840
1377533040,1.050830,1.050880,1.050830,1.050870
1377533100,1.050850,1.050990,1.050850,1.050990
1377533160,1.050980,1.051180,1.050980,1.051110
1377533220,1.051090,1.051100,1.051070,1.051070
1377533280,1.051080,1.051090,1.051070,1.051090
1377533340,1.051100,1.051100,1.051080,1.051080
1377533400,1.051090,1.051100,1.050990,1.051010
1377533460,1.051030,1.051030,1.050990,1.050990
1377533520,1.050970,1.050980,1.050860,1.050870
1377533580,1.050860,1.050960,1.050860,1.050930
1377533640,1.050920,1.050980,1.050850,1.050890
1377533700,1.050900,1.051050,1.050900,1.051020
1377533760,1.051040,1.051090,1.051040,1.051080
1377533820,1.051050,1.051130,1.051050,1.051080
1377533880,1.051100,1.051120,1.051070,1.051120
1377533940,1.051100,1.051110,1.051090,1.051110
1377534000,1.051100,1.051110,1.051060,1.051090
1377534060,1.051100,1.051100,1.050980,1.051020
1377534120,1.051000,1.051000,1.050880,1.050880
1377534180,1.050850,1.050990,1.050850,1.050880
1377534240,1.050890,1.050900,1.050780,1.050780
1377534300,1.050770,1.051010,1.050770,1.050980
1377534360,1.050970,1.050980,1.050950,1.050980
1377534420,1.050990,1.051020,1.050840,1.050980
1377534480,1.051070,1.051100,1.050940,1.051100
1377534540,1.051090,1.051160,1.051060,1.051120
1377534600,1.051160,1.051180,1.051100,1.051110
1377534660,1.051090,1.051150,1.051020,1.051090
1377534720,1.051050,1.051090,1.051010,1.051090
1377534780,1.051080,1.051080,1.051010,1.051010
1377534840,1.050990,1.051080,1.050950,1.051080
1377534900,1.051070,1.051080,1.051070,1.051080
1377535020,1.051120,1.051120,1.051000,1.051020
1377535080,1.051010,1.051020,1.050990,1.051010
1377535140,1.051020,1.051030,1.050990,1.051010
1377535200,1.051000,1.051150,1.051000,1.051130
1377535260,1.051120,1.051120,1.050990,1.051090
1377535320,1.051080,1.051090,1.051050,1.051090
1377535380,1.051170,1.051180,1.051100,1.051170
1377535440,1.051160,1.051210,1.051130,1.051140
1377535500,1.051040,1.051080,1.051040,1.051080
1377535560,1.051090,1.051090,1.051090,1.051090
1377535620,1.051080,1.051080,1.050980,1.050990
1377535680,1.050970,1.050980,1.050960,1.050970
1377535740,1.050980,1.051180,1.050970,1.051130
1377535800,1.051150,1.051150,1.051100,1.051100
1377535860,1.051090,1.051120,1.051090,1.051110
1377535920,1.051120,1.051120,1.051110,1.051120
1377535980,1.051110,1.051110,1.051100,1.051110
1377536040,1.051090,1.051100,1.051090,1.051100
1377536100,1.051060,1.051100,1.051050,1.051070
1377536160,1.051050,1.051070,1.051000,1.051040
1377536220,1.051050,1.051070,1.051010,1.051040
1377536280,1.051050,1.051080,1.051030,1.051060
1377536340,1.051050,1.051090,1.051010,1.051090
1377536400,1.051110,1.051130,1.051010,1.051010
1377536460,1.051020,1.051090,1.051010,1.051030
1377536520,1.051050,1.051120,1.051030,1.051120
1377536640,1.051110,1.051110,1.051100,1.051110
1377536700,1.051090,1.051100,1.051060,1.051080
1377536760,1.051070,1.051090,1.051050,1.051080
1377536820,1.051090,1.051090,1.051080,1.051080
1377537000,1.051070,1.051070,1.051070,1.051070
1377537060,1.051080,1.051080,1.051050,1.051080
1377537120,1.051070,1.051080,1.051070,1.051070
1377537180,1.051080,1.051100,1.051070,1.051080
1377537240,1.051070,1.051080,1.051020,1.051020
1377537300,1.051030,1.051050,1.051030,1.051050
1377537360,1.051040,1.051090,1.050990,1.050990
1377537420,1.051000,1.051100,1.051000,1.051100
1377537480,1.051090,1.051170,1.051040,1.051120
1377537540,1.051130,1.051190,1.051120,1.051130
1377537600,1.051210,1.051210,1.051110,1.051130
1377537660,1.051170,1.051230,1.051170,1.051180
1377537720,1.051150,1.051180,1.051150,1.051170
1377537780,1.051180,1.051200,1.051180,1.051200
1377537840,1.051190,1.051190,1.051150,1.051180
1377537960,1.051170,1.051180,1.051150,1.051180
1377538020,1.051150,1.051200,1.051150,1.051190
1377538080,1.051180,1.051180,1.051150,1.051170
1377538140,1.051160,1.051180,1.051140,1.051180
1377538200,1.051190,1.051310,1.051190,1.051300
1377538260,1.051290,1.051300,1.051200,1.051200
1377538320,1.051210,1.051210,1.051190,1.051200
1377538380,1.051210,1.051210,1.051200,1.051200
1377538440,1.051230,1.051300,1.051220,1.051300
1377538500,1.051270,1.051290,1.051220,1.051280
1377538560,1.051270,1.051270,1.051170,1.051170
1377538620,1.051180,1.051190,1.051080,1.051180
1377538680,1.051190,1.051210,1.051180,1.051190
1377538740,1.051200,1.051200,1.050930,1.050970
1377538800,1.050980,1.051110,1.050980,1.051050
1377538860,1.051060,1.051080,1.050930,1.050970
1377538920,1.050950,1.050990,1.050950,1.050990
1377538980,1.050980,1.050980,1.050920,1.050960
1377539040,1.050940,1.050980,1.050930,1.050980
1377539100,1.050970,1.050980,1.050970,1.050980
1377539160,1.050950,1.050980,1.050930,1.050970
1377539220,1.050930,1.050990,1.050930,1.050980
1377539280,1.050940,1.050980,1.050940,1.050980
1377539340,1.050990,1.050990,1.050970,1.050970
1377539400,1.050980,1.050980,1.050900,1.050950
1377539460,1.050960,1.050970,1.050950,1.050970
1377539520,1.050930,1.050930,1.050880,1.050890
1377539580,1.050860,1.050860,1.050830,1.050830
1377539640,1.050840,1.050860,1.050820,1.050840
1377539700,1.050850,1.050860,1.050820,1.050820
1377539760,1.050830,1.050880,1.050790,1.050850
1377539820,1.050810,1.050860,1.050780,1.050780
1377539940,1.050790,1.050870,1.050790,1.050860
1377540000,1.050880,1.050970,1.050850,1.050860
1377540060,1.050870,1.050890,1.050850,1.050890
1377540120,1.050880,1.050890,1.050790,1.050800
1377540180,1.050790,1.050850,1.050740,1.050750
1377540240,1.050720,1.050730,1.050720,1.050730
1377540300,1.050720,1.050750,1.050720,1.050740
1377540360,1.050730,1.050760,1.050650,1.050650
1377540420,1.050670,1.050670,1.050630,1.050650
1377540480,1.050640,1.050690,1.050640,1.050650
1377540540,1.050640,1.050650,1.050630,1.050650
1377540600,1.050640,1.050650,1.050590,1.050630
1377540660,1.050680,1.050680,1.050620,1.050630
1377540720,1.050640,1.050650,1.050530,1.050530
1377540780,1.050560,1.050670,1.050530,1.050650
1377540840,1.050640,1.050650,1.050620,1.050620
1377540900,1.050630,1.050640,1.050430,1.050470
1377540960,1.050480,1.050480,1.050420,1.050420
1377541020,1.050430,1.050510,1.050430,1.050510
1377541080,1.050490,1.050560,1.050490,1.050540
1377541140,1.050530,1.050550,1.050520,1.050520
1377541200,1.050530,1.050530,1.050500,1.050500
1377541260,1.050510,1.050510,1.050510,1.050510
1377541320,1.050570,1.050570,1.050430,1.050430
1377541380,1.050450,1.050480,1.050400,1.050440
1377541440,1.050420,1.050430,1.050370,1.050380
1377541500,1.050370,1.050380,1.050340,1.050340
1377541560,1.050370,1.050370,1.050340,1.050360
1377541620,1.050370,1.050400,1.050350,1.050380
1377541680,1.050400,1.050410,1.050400,1.050410
1377541740,1.050390,1.050400,1.050390,1.050400
1377541800,1.050380,1.050400,1.050330,1.050330
1377541860,1.050350,1.050350,1.050300,1.050310
1377541920,1.050320,1.050320,1.050310,1.050310
1377541980,1.050300,1.050310,1.050250,1.050260
1377542040,1.050250,1.050270,1.050250,1.050260
1377542100,1.050250,1.050260,1.050190,1.050220
1377542220,1.050210,1.050210,1.050200,1.050200
1377542280,1.050190,1.050210,1.050190,1.050210
1377542340,1.050200,1.050200,1.050110,1.050110
1377542400,1.050100,1.050140,1.050010,1.050090
1377542460,1.050070,1.050100,1.050050,1.050050
1377542520,1.050060,1.050070,1.050020,1.050020
1377542580,1.050010,1.050020,1.050010,1.050020
1377542640,1.050050,1.050100,1.050030,1.050090
1377542700,1.050100,1.050110,1.050020,1.050020
1377542760,1.050010,1.050120,1.050010,1.050110
1377542820,1.050120,1.050150,1.050100,1.050140
1377542880,1.050190,1.050190,1.050130,1.050130
1377542940,1.050140,1.050170,1.050140,1.050140
1377543000,1.050190,1.050190,1.050140,1.050150
1377543060,1.050140,1.050150,1.050100,1.050100
1377543120,1.050120,1.050160,1.050120,1.050150
1377543180,1.050160,1.050160,1.050140,1.050150
1377543240,1.050140,1.050170,1.050120,1.050140
1377543300,1.050150,1.050160,1.050130,1.050140
1377543360,1.050150,1.050170,1.050130,1.050130
1377543420,1.050140,1.050160,1.050130,1.050160
1377543480,1.050130,1.050160,1.050120,1.050130
1377543540,1.050160,1.050220,1.050120,1.050210
1377543600,1.050190,1.050260,1.050150,1.050240
1377543660,1.050250,1.050250,1.050210,1.050220
1377543720,1.050150,1.050160,1.050110,1.050120
1377543780,1.050140,1.050220,1.050140,1.050220
1377543840,1.050230,1.050250,1.050130,1.050130
1377543960,1.050120,1.050130,1.050120,1.050120
1377544020,1.050140,1.050220,1.050130,1.050130
1377544080,1.050200,1.050210,1.050130,1.050200
1377544140,1.050220,1.050270,1.050210,1.050210
1377544200,1.050180,1.050200,1.050180,1.050200
1377544260,1.050190,1.050210,1.050160,1.050190
1377544320,1.050180,1.050230,1.050100,1.050200
1377544380,1.050190,1.050190,1.050180,1.050180
1377544440,1.050230,1.050300,1.050190,1.050300
1377544500,1.050320,1.050460,1.050250,1.050430
1377544560,1.050450,1.050450,1.050330,1.050330
1377544620,1.050340,1.050350,1.050210,1.050230
1377544680,1.050240,1.050260,1.050230,1.050250
1377544740,1.050290,1.050350,1.050290,1.050330
1377544800,1.050350,1.050450,1.050330,1.050420
1377544860,1.050430,1.050430,1.050320,1.050370
1377544920,1.050360,1.050360,1.050220,1.050220
1377544980,1.050190,1.050330,1.050190,1.050300
1377545040,1.050220,1.050330,1.050180,1.050330
1377545100,1.050320,1.050320,1.050310,1.050310
1377545160,1.050300,1.050380,1.050270,1.050310
1377545220,1.050290,1.050290,1.050180,1.050280
1377545280,1.050260,1.050280,1.050180,1.050180
1377545340,1.050170,1.050190,1.050150,1.050190
1377545400,1.050200,1.050200,1.050180,1.050190
1377545460,1.050180,1.050190,1.050090,1.050150
1377545520,1.050140,1.050160,1.050100,1.050100
1377545580,1.050110,1.050180,1.050110,1.050140
1377545640,1.050130,1.050130,1.050080,1.050120
1377545700,1.050150,1.050190,1.050090,1.050090
1377545760,1.050100,1.050100,1.050080,1.050100
1377545820,1.050090,1.050130,1.050080,1.050080
1377545880,1.050070,1.050080,1.049980,1.049980
1377545940,1.049900,1.049980,1.049810,1.049980
1377546000,1.049970,1.049970,1.049870,1.049870
1377546060,1.049880,1.049970,1.049840,1.049910
1377546120,1.049920,1.049920,1.049880,1.049920
1377546180,1.049900,1.049900,1.049880,1.049880
1377546240,1.049840,1.049850,1.049690,1.049690
1377546300,1.049720,1.049800,1.049720,1.049780
1377546360,1.049790,1.049890,1.049790,1.049850
1377546420,1.049870,1.049890,1.049800,1.049800
1377546480,1.049820,1.049910,1.049820,1.049880
1377546540,1.049900,1.049900,1.049800,1.049800
1377546600,1.049790,1.049910,1.049790,1.049890
1377546660,1.049910,1.049950,1.049900,1.049950
1377546720,1.050000,1.050050,1.050000,1.050030
1377546780,1.050020,1.050030,1.050020,1.050030
1377546840,1.050050,1.050050,1.050030,1.050030
1377546900,1.050050,1.050120,1.050040,1.050100
1377546960,1.050140,1.050220,1.050100,1.050100
1377547020,1.050090,1.050100,1.050010,1.050070
1377547080,1.050090,1.050130,1.050090,1.050130
1377547140,1.050120,1.050210,1.050110,1.050210
1377547200,1.050180,1.050200,1.050130,1.050150
1377547260,1.050140,1.050150,1.050070,1.050110
1377547320,1.050160,1.050160,1.050100,1.050110
1377547380,1.050100,1.050160,1.050100,1.050150
1377547440,1.050160,1.050220,1.050150,1.050190
1377547500,1.050180,1.050190,1.050180,1.050190
1377547560,1.050180,1.050180,1.050150,1.050180
1377547620,1.050150,1.050180,1.050120,1.050130
1377547680,1.050120,1.050150,1.050110,1.050140
1377547740,1.050160,1.050160,1.050130,1.050130
1377547800,1.050120,1.050140,1.050100,1.050120
1377547860,1.050130,1.050130,1.050130,1.050130
1377547920,1.050120,1.050130,1.050050,1.050080
1377547980,1.050050,1.050100,1.050050,1.050100
1377548040,1.050090,1.050110,1.050090,1.050100
1377548100,1.050110,1.050120,1.050090,1.050120
1377548160,1.050100,1.050150,1.050100,1.050130
1377548220,1.050140,1.050140,1.050100,1.050110
1377548280,1.050100,1.050110,1.050100,1.050100
1377548400,1.050170,1.050170,1.050100,1.050110
1377548460,1.050130,1.050150,1.050120,1.050120
1377548520,1.050180,1.050180,1.050130,1.050130
1377548580,1.050080,1.050130,1.050030,1.050130
1377548640,1.050100,1.050130,1.050080,1.050130
1377548700,1.050140,1.050140,1.050050,1.050060
1377548760,1.050070,1.050130,1.050040,1.050110
1377548820,1.050150,1.050210,1.050150,1.050150
1377548880,1.050160,1.050160,1.050120,1.050120
1377548940,1.050140,1.050220,1.050120,1.050200
1377549000,1.050130,1.050270,1.050090,1.050150
1377549060,1.050120,1.050170,1.050030,1.050070
1377549120,1.050100,1.050120,1.050050,1.050090
1377549180,1.050050,1.050090,1.050030,1.050060
1377549240,1.050080,1.050090,1.050030,1.050080
1377549300,1.050060,1.050100,1.050030,1.050100
1377549360,1.050090,1.050100,1.050070,1.050100
1377549420,1.050070,1.050110,1.050060,1.050110
1377549480,1.050100,1.050130,1.050100,1.050130
1377549540,1.050100,1.050170,1.050100,1.050160
1377549600,1.050150,1.050170,1.050100,1.050140
1377549660,1.050150,1.050150,1.050120,1.050150
1377549720,1.050170,1.050200,1.050120,1.050190
1377549780,1.050200,1.050210,1.050190,1.050210
1377549840,1.050200,1.050240,1.050130,1.050140
1377549900,1.050130,1.050280,1.050130,1.050270
1377549960,1.050240,1.050280,1.050220,1.050260
1377550020,1.050240,1.050290,1.050240,1.050290
1377550080,1.050300,1.050300,1.050280,1.050290
1377550140,1.050280,1.050300,1.050280,1.050290
1377550200,1.050280,1.050340,1.050250,1.050270
1377550260,1.050240,1.050300,1.050240,1.050290
1377550320,1.050310,1.050310,1.050250,1.050310
1377550380,1.050300,1.050320,1.050280,1.050300
1377550440,1.050320,1.050320,1.050250,1.050250
1377550500,1.050240,1.050290,1.050220,1.050240
1377550560,1.050280,1.050290,1.050240,1.050250
1377550620,1.050240,1.050250,1.050220,1.050220
1377550680,1.050210,1.050220,1.050150,1.050180
1377550740,1.050170,1.050170,1.049920,1.049940
1377550800,1.049930,1.050070,1.049810,1.049960
1377550860,1.050000,1.050000,1.049840,1.049900
1377550920,1.049800,1.049990,1.049800,1.049890
1377550980,1.049900,1.049930,1.049830,1.049890
1377551100,1.049840,1.050040,1.049840,1.050040
1377551160,1.050010,1.050040,1.050010,1.050020
1377551220,1.049940,1.050010,1.049920,1.049990
1377551280,1.050000,1.050000,1.049990,1.049990
1377551340,1.049970,1.049980,1.049950,1.049950
1377551400,1.049970,1.050000,1.049940,1.050000
1377551460,1.049990,1.050000,1.049990,1.050000
1377551520,1.049980,1.049980,1.049970,1.049980
1377551580,1.049970,1.049980,1.049970,1.049980
1377551640,1.049970,1.049980,1.049970,1.049970
1377551700,1.049950,1.049960,1.049950,1.049950
1377551760,1.049960,1.049960,1.049820,1.049960
1377551820,1.049950,1.049950,1.049950,1.049950
1377551880,1.049820,1.049940,1.049790,1.049930
1377551940,1.049840,1.049940,1.049800,1.049930
1377552000,1.049910,1.049930,1.049910,1.049930
1377552060,1.049900,1.049900,1.049900,1.049900
1377552120,1.049930,1.049930,1.049830,1.049830
1377552240,1.049940,1.049940,1.049910,1.049940
1377552300,1.049870,1.049870,1.049830,1.049830
1377552360,1.049910,1.050030,1.049910,1.050030
1377552420,1.050010,1.050010,1.050010,1.050010
1377552480,1.050020,1.050020,1.050000,1.050000
1377552540,1.050010,1.050010,1.050010,1.050010
1377552600,1.050020,1.050020,1.049830,1.049980
1377552720,1.049970,1.049970,1.049970,1.049970
1377552780,1.049950,1.049950,1.049950,1.049950
1377552840,1.049920,1.049920,1.049830,1.049870
1377552900,1.049880,1.049910,1.049800,1.049880
1377552960,1.049900,1.049900,1.049880,1.049880
1377553020,1.049860,1.049900,1.049860,1.049900
1377553080,1.049850,1.049900,1.049850,1.049870
1377553140,1.049860,1.049900,1.049860,1.049860
1377553260,1.049820,1.049860,1.049820,1.049860
1377553320,1.049890,1.049890,1.049760,1.049760
1377553380,1.049770,1.049790,1.049730,1.049770
1377553440,1.049790,1.049800,1.049730,1.049770
1377553500,1.049800,1.049800,1.049730,1.049770
1377553560,1.049800,1.049910,1.049770,1.049890
1377553620,1.049910,1.049950,1.049890,1.049930
1377553680,1.049920,1.049950,1.049920,1.049950
1377553740,1.049960,1.050000,1.049890,1.049890
1377553860,1.049900,1.049900,1.049880,1.049880
1377553920,1.049890,1.049990,1.049840,1.049900
1377553980,1.050000,1.050000,1.049900,1.049910
1377554040,1.050070,1.050070,1.050000,1.050000
1377554100,1.049990,1.050000,1.049850,1.049920
1377554160,1.049930,1.050000,1.049880,1.049880
1377554220,1.049930,1.049930,1.049820,1.049860
1377554280,1.049900,1.049910,1.049820,1.049880
1377554340,1.049890,1.049950,1.049840,1.049900
1377554400,1.049910,1.049980,1.049880,1.049970
1377554460,1.049980,1.050000,1.049970,1.049980
1377554520,1.049970,1.050070,1.049970,1.050000
1377554580,1.049980,1.050020,1.049980,1.050000
1377554640,1.049980,1.050020,1.049930,1.049940
1377554700,1.049930,1.049960,1.049900,1.049950
1377554760,1.049970,1.050000,1.049910,1.049930
1377554820,1.049940,1.050000,1.049930,1.049970
1377554880,1.049940,1.049960,1.049920,1.049940
1377554940,1.049920,1.049950,1.049910,1.049910
1377555000,1.049940,1.050000,1.049910,1.049960
1377555060,1.049980,1.050000,1.049970,1.050000
1377555120,1.049990,1.050000,1.049950,1.049950
1377555180,1.049940,1.049990,1.049920,1.049960
1377555240,1.049970,1.049970,1.049970,1.049970
1377555300,1.049980,1.050000,1.049970,1.049980
1377555360,1.049970,1.049990,1.049970,1.049970
1377555420,1.049980,1.050010,1.049970,1.049980
1377555480,1.049990,1.050000,1.049940,1.049970
1377555540,1.049950,1.049980,1.049930,1.049960
1377555600,1.049950,1.049950,1.049920,1.049940
1377555660,1.049930,1.049950,1.049860,1.049940
1377555780,1.049970,1.050020,1.049950,1.050020
1377555840,1.050010,1.050040,1.050010,1.050040
1377555900,1.050030,1.050030,1.050010,1.050030
1377555960,1.050010,1.050030,1.050010,1.050030
1377556020,1.050010,1.050030,1.050010,1.050020
1377556080,1.050000,1.050070,1.050000,1.050060
1377556140,1.050030,1.050060,1.050030,1.050050
1377556200,1.050030,1.050050,1.050030,1.050050
1377556260,1.050030,1.050050,1.049940,1.049950
1377556320,1.049970,1.049970,1.049930,1.049950
1377556380,1.049970,1.049970,1.049940,1.049940
1377556440,1.049930,1.049930,1.049910,1.049930
1377556500,1.049920,1.049920,1.049860,1.049910
1377556560,1.049920,1.049920,1.049910,1.049920
1377556620,1.049910,1.049940,1.049910,1.049940
1377556680,1.049950,1.050070,1.049950,1.050000
1377556740,1.049990,1.050000,1.049970,1.049970
1377556800,1.050000,1.050000,1.049950,1.049970
1377556860,1.049950,1.049970,1.049950,1.049960
1377556920,1.049980,1.049980,1.049950,1.049950
1377556980,1.049960,1.050070,1.049950,1.050050
1377557040,1.050070,1.050070,1.050030,1.050050
1377557100,1.050060,1.050060,1.050000,1.050040
1377557160,1.050000,1.050000,1.049880,1.049950
1377557220,1.049980,1.049980,1.049930,1.049950
1377557280,1.049980,1.049980,1.049930,1.049940
1377557340,1.049920,1.049920,1.049900,1.049910
1377557460,1.049920,1.049920,1.049910,1.049910
1377557520,1.049930,1.049940,1.049880,1.049880
1377557580,1.049890,1.049890,1.049880,1.049880
1377557640,1.049890,1.049890,1.049820,1.049830
1377557700,1.049860,1.049860,1.049800,1.049800
1377557760,1.049850,1.049880,1.049800,1.049820
1377557820,1.049860,1.049880,1.049810,1.049810
1377557880,1.049830,1.049870,1.049810,1.049840
1377557940,1.049830,1.049830,1.049780,1.049810
1377558000,1.049800,1.049880,1.049800,1.049850
1377558060,1.049830,1.049870,1.049830,1.049850
1377558120,1.049870,1.049870,1.049830,1.049850
1377558180,1.049870,1.049880,1.049820,1.049840
1377558240,1.049820,1.049880,1.049820,1.049850
1377558300,1.049860,1.049870,1.049840,1.049840
1377558360,1.049860,1.049870,1.049860,1.049860
1377558420,1.049870,1.049870,1.049850,1.049860
1377558480,1.049870,1.049900,1.049820,1.049860
1377558540,1.049840,1.049850,1.049810,1.049810
1377558660,1.049790,1.049820,1.049790,1.049800
1377558720,1.049820,1.049890,1.049820,1.049880
1377558780,1.049890,1.049930,1.049850,1.049910
1377558840,1.049890,1.049910,1.049870,1.049870
1377558900,1.049880,1.049880,1.049830,1.049870
1377558960,1.049840,1.049890,1.049840,1.049870
1377559020,1.049890,1.049890,1.049750,1.049780
1377559080,1.049810,1.049820,1.049810,1.049820
1377559140,1.049810,1.049810,1.049780,1.049790
1377559260,1.049810,1.049810,1.049790,1.049790
1377559320,1.049810,1.049810,1.049750,1.049770
1377559380,1.049780,1.049780,1.049740,1.049770
1377559440,1.049780,1.049790,1.049740,1.049750
1377559500,1.049780,1.049780,1.049730,1.049760
1377559560,1.049780,1.049780,1.049710,1.049730
1377559620,1.049720,1.049780,1.049720,1.049760
1377559680,1.049780,1.049780,1.049750,1.049760
1377559740,1.049780,1.049780,1.049730,1.049750
1377559800,1.049770,1.049780,1.049720,1.049740
1377559860,1.049750,1.049800,1.049730,1.049740
1377559920,1.049730,1.049770,1.049630,1.049670
1377559980,1.049690,1.049710,1.049590,1.049620
1377560040,1.049630,1.049640,1.049620,1.049630
1377560100,1.049650,1.049670,1.049610,1.049620
1377560160,1.049640,1.049780,1.049610,1.049760
1377560220,1.049780,1.049790,1.049720,1.049730
1377560280,1.049720,1.049960,1.049720,1.049870
1377560340,1.049880,1.049880,1.049850,1.049860
1377560400,1.049850,1.049870,1.049850,1.049860
1377560460,1.049870,1.049870,1.049810,1.049820
1377560520,1.049810,1.049820,1.049800,1.049820
1377560580,1.049830,1.049840,1.049820,1.049830
1377560640,1.049840,1.049900,1.049820,1.049900
1377560700,1.049910,1.049910,1.049840,1.049880
1377560760,1.049890,1.049990,1.049890,1.049990
1377560820,1.049980,1.049980,1.049870,1.049870
1377560880,1.049880,1.049890,1.049850,1.049870
1377560940,1.049880,1.049910,1.049870,1.049890
1377561000,1.049870,1.049910,1.049850,1.049910
1377561060,1.049900,1.049910,1.049810,1.049810
1377561120,1.049820,1.049820,1.049770,1.049780
1377561180,1.049790,1.049790,1.049780,1.049780
1377561240,1.049790,1.049790,1.049780,1.049780
1377561300,1.049790,1.049800,1.049790,1.049800
1377561360,1.049810,1.049950,1.049800,1.049940
1377561420,1.049950,1.049970,1.049940,1.049960
1377561480,1.049970,1.049970,1.049930,1.049940
1377561540,1.049950,1.050010,1.049940,1.050010
1377561600,1.050020,1.050030,1.050000,1.050010
1377561660,1.050020,1.050280,1.050020,1.050270
1377561720,1.050240,1.050280,1.050240,1.050270
1377561780,1.050280,1.050310,1.050270,1.050300
1377561840,1.050310,1.050450,1.050300,1.050380
1377561900,1.050370,1.050430,1.050370,1.050420
1377561960,1.050430,1.050480,1.050310,1.050340
1377562020,1.050350,1.050590,1.050320,1.050570
1377562080,1.050560,1.050560,1.050410,1.050480
1377562140,1.050490,1.050530,1.050390,1.050390
1377562200,1.050400,1.050420,1.050250,1.050330
1377562260,1.050320,1.050590,1.050320,1.050350
1377562320,1.050380,1.050470,1.050330,1.050420
1377562380,1.050410,1.050480,1.050290,1.050300
1377562440,1.050290,1.050350,1.050290,1.050300
1377562500,1.050280,1.050280,1.050170,1.050250
1377562560,1.050230,1.050350,1.050220,1.050310
1377562620,1.050300,1.050570,1.050300,1.050500
1377562680,1.050430,1.050490,1.050360,1.050490
1377562740,1.050480,1.050480,1.050420,1.050420
1377562800,1.050440,1.050550,1.050410,1.050410
1377562860,1.050420,1.050420,1.050300,1.050300
1377562920,1.050290,1.050300,1.050290,1.050300
1377562980,1.050290,1.050340,1.050200,1.050340
1377563040,1.050330,1.050510,1.050320,1.050450
1377563100,1.050470,1.050820,1.050440,1.050780
1377563160,1.050740,1.050760,1.050580,1.050580
1377563220,1.050590,1.050710,1.050590,1.050660
1377563280,1.050640,1.050690,1.050640,1.050650
1377563340,1.050640,1.050680,1.050620,1.050630
1377563400,1.050650,1.050720,1.050620,1.050630
1377563460,1.050640,1.050730,1.050620,1.050730
1377563520,1.050740,1.050750,1.050630,1.050630
1377563580,1.050620,1.050640,1.050520,1.050630
1377563640,1.050650,1.050650,1.050500,1.050590
1377563700,1.050610,1.050770,1.050590,1.050760
1377563760,1.050750,1.050770,1.050620,1.050650
1377563820,1.050660,1.050680,1.050630,1.050640
1377563880,1.050620,1.050660,1.050620,1.050640
1377563940,1.050650,1.050700,1.050620,1.050650
1377564000,1.050630,1.050660,1.050620,1.050650
1377564060,1.050670,1.050760,1.050650,1.050690
1377564120,1.050690,1.050730,1.050640,1.050640
1377564180,1.050630,1.050650,1.050620,1.050650
1377564240,1.050670,1.050780,1.050650,1.050780
1377564300,1.050800,1.050850,1.050750,1.050780
1377564360,1.050770,1.050790,1.050760,1.050760
1377564420,1.050780,1.050780,1.050760,1.050760
1377564480,1.050760,1.050860,1.050760,1.050850
1377564540,1.050830,1.050880,1.050800,1.050860
1377564600,1.050870,1.050900,1.050740,1.050880
1377564660,1.050870,1.050880,1.050840,1.050850
1377564720,1.050860,1.050940,1.050850,1.050940
1377564780,1.050950,1.051220,1.050950,1.051220
1377564840,1.051210,1.051270,1.051150,1.051210
1377564900,1.051220,1.051250,1.051200,1.051220
1377564960,1.051230,1.051230,1.051150,1.051190
1377565020,1.051170,1.051200,1.051160,1.051200
1377565080,1.051210,1.051290,1.051180,1.051290
1377565140,1.051270,1.051270,1.051200,1.051230
1377565200,1.051250,1.051340,1.051150,1.051200
1377565260,1.051250,1.051370,1.051200,1.051330
1377565320,1.051340,1.051390,1.051330,1.051380
1377565380,1.051370,1.051380,1.051300,1.051300
1377565440,1.051280,1.051360,1.051220,1.051360
1377565500,1.051350,1.051350,1.051300,1.051320
1377565560,1.051310,1.051320,1.051240,1.051290
1377565620,1.051300,1.051300,1.051210,1.051280
1377565680,1.051290,1.051290,1.051190,1.051190
1377565740,1.051210,1.051300,1.051210,1.051300
1377565800,1.051270,1.051320,1.051250,1.051310
1377565860,1.051320,1.051550,1.051310,1.051500
1377565920,1.051490,1.051500,1.051420,1.051490
1377565980,1.051510,1.051570,1.051510,1.051540
1377566040,1.051550,1.051750,1.051500,1.051750
1377566100,1.051740,1.051750,1.051630,1.051690
1377566160,1.051700,1.051780,1.051620,1.051620
1377566220,1.051610,1.051670,1.051520,1.051520
1377566280,1.051530,1.051530,1.051510,1.051520
1377566340,1.051570,1.051630,1.051530,1.051580
1377566400,1.051570,1.051570,1.051520,1.051550
1377566460,1.051530,1.051620,1.051450,1.051560
1377566520,1.051550,1.051590,1.051510,1.051590
1377566580,1.051600,1.051660,1.051540,1.051560
1377566640,1.051540,1.051590,1.051530,1.051590
1377566700,1.051580,1.051590,1.051510,1.051530
1377566760,1.051500,1.051500,1.051410,1.051470
1377566820,1.051490,1.051490,1.051390,1.051440
1377566880,1.051420,1.051470,1.051330,1.051460
1377566940,1.051520,1.051570,1.051520,1.051550
1377567000,1.051530,1.051560,1.051500,1.051500
1377567060,1.051490,1.051530,1.051410,1.051450
1377567120,1.051460,1.051460,1.051320,1.051440
1377567180,1.051420,1.051480,1.051380,1.051480
1377567240,1.051470,1.051550,1.051450,1.051550
1377567300,1.051580,1.051790,1.051570,1.051790
1377567360,1.051780,1.051790,1.051650,1.051710
1377567420,1.051690,1.051690,1.051650,1.051670
1377567480,1.051680,1.051690,1.051670,1.051680
1377567540,1.051700,1.051750,1.051660,1.051660
1377567600,1.051650,1.051660,1.051640,1.051660
1377567660,1.051670,1.051770,1.051650,1.051730
1377567720,1.051720,1.051760,1.051570,1.051580
1377567780,1.051530,1.051670,1.051530,1.051650
1377567840,1.051660,1.051700,1.051650,1.051700
1377567900,1.051710,1.051720,1.051690,1.051700
1377567960,1.051690,1.051700,1.051640,1.051640
1377568020,1.051650,1.051680,1.051630,1.051680
1377568080,1.051670,1.051730,1.051550,1.051580
1377568140,1.051590,1.051680,1.051540,1.051630
1377568200,1.051670,1.051670,1.051630,1.051660
1377568260,1.051670,1.051670,1.051660,1.051670
1377568320,1.051680,1.051680,1.051580,1.051580
1377568380,1.051570,1.051580,1.051550,1.051550
1377568440,1.051570,1.051570,1.051530,1.051570
1377568500,1.051580,1.051580,1.051530,1.051550
1377568560,1.051530,1.051570,1.051530,1.051550
1377568620,1.051540,1.051550,1.051480,1.051520
1377568680,1.051510,1.051560,1.051480,1.051480
1377568740,1.051460,1.051480,1.051430,1.051480
1377568800,1.051460,1.051480,1.051430,1.051450
1377568860,1.051440,1.051470,1.051440,1.051440
1377568920,1.051460,1.051460,1.051420,1.051450
1377568980,1.051430,1.051460,1.051430,1.051460
1377569040,1.051450,1.051580,1.051440,1.051560
1377569100,1.051550,1.051550,1.051510,1.051520
1377569160,1.051510,1.051520,1.051410,1.051450
1377569220,1.051430,1.051430,1.051430,1.051430
1377569280,1.051440,1.051450,1.051400,1.051400
1377569340,1.051490,1.051500,1.051400,1.051410
1377569400,1.051420,1.051450,1.051400,1.051420
1377569460,1.051430,1.051430,1.051420,1.051430
1377569520,1.051420,1.051480,1.051420,1.051480
1377569580,1.051470,1.051570,1.051470,1.051570
1377569640,1.051540,1.051590,1.051460,1.051550
1377569700,1.051470,1.051590,1.051460,1.051590
1377569760,1.051580,1.051580,1.051450,1.051520
1377569820,1.051510,1.051570,1.051480,1.051550
1377569880,1.051540,1.051550,1.051520,1.051550
1377569940,1.051530,1.051570,1.051530,1.051540
1377570000,1.051560,1.051560,1.051510,1.051520
1377570060,1.051510,1.051520,1.051450,1.051490
1377570120,1.051500,1.051550,1.051500,1.051520
1377570180,1.051530,1.051530,1.051510,1.051510
1377570240,1.051500,1.051580,1.051420,1.051430
1377570300,1.051450,1.051540,1.051410,1.051520
1377570360,1.051500,1.051500,1.051410,1.051430
1377570420,1.051440,1.051530,1.051440,1.051530
1377570480,1.051510,1.051560,1.051510,1.051520
1377570540,1.051510,1.051550,1.051510,1.051550
1377570600,1.051580,1.051590,1.051540,1.051590
1377570660,1.051550,1.051600,1.051550,1.051600
1377570720,1.051590,1.051590,1.051530,1.051580
1377570780,1.051550,1.051590,1.051550,1.051580
1377570840,1.051540,1.051600,1.051540,1.051600
1377570900,1.051550,1.051590,1.051510,1.051510
1377570960,1.051500,1.051530,1.051500,1.051520
1377571020,1.051500,1.051530,1.051490,1.051520
1377571080,1.051510,1.051520,1.051510,1.051520
1377571140,1.051510,1.051510,1.051510,1.051510
1377571200,1.051490,1.051520,1.051490,1.051510
1377571260,1.051520,1.051520,1.051490,1.051500
1377571320,1.051510,1.051520,1.051510,1.051520
1377571380,1.051480,1.051510,1.051430,1.051510
1377571440,1.051490,1.051630,1.051490,1.051630
1377571500,1.051640,1.051640,1.051530,1.051560
1377571560,1.051550,1.051630,1.051540,1.051620
1377571620,1.051630,1.051630,1.051530,1.051540
1377571680,1.051530,1.051620,1.051530,1.051570
1377571740,1.051560,1.051580,1.051520,1.051570
1377571800,1.051580,1.051580,1.051530,1.051570
1377571860,1.051520,1.051570,1.051520,1.051530
1377571920,1.051540,1.051560,1.051520,1.051530
1377571980,1.051520,1.051530,1.051510,1.051510
1377572040,1.051530,1.051530,1.051420,1.051420
1377572100,1.051480,1.051490,1.051410,1.051420
1377572160,1.051440,1.051450,1.051430,1.051430
1377572220,1.051420,1.051500,1.051420,1.051480
1377572280,1.051470,1.051470,1.051410,1.051410
1377572340,1.051400,1.051560,1.051390,1.051460
1377572400,1.051450,1.051450,1.051290,1.051400
1377572460,1.051390,1.051410,1.051300,1.051300
1377572520,1.051280,1.051350,1.051250,1.051300
1377572580,1.051280,1.051290,1.051270,1.051270
1377572640,1.051280,1.051290,1.051270,1.051290
1377572700,1.051300,1.051300,1.051280,1.051280
1377572760,1.051290,1.051300,1.051290,1.051300
1377572820,1.051290,1.051310,1.051270,1.051290
1377572880,1.051250,1.051280,1.051230,1.051250
1377573000,1.051310,1.051310,1.051280,1.051280
1377573060,1.051310,1.051310,1.051290,1.051290
1377573120,1.051280,1.051310,1.051200,1.051300
1377573180,1.051290,1.051290,1.051070,1.051220
1377573240,1.051210,1.051250,1.051200,1.051220
1377573300,1.051230,1.051320,1.051220,1.051320
1377573360,1.051310,1.051320,1.051290,1.051300
1377573420,1.051300,1.051300,1.051300,1.051300
1377573480,1.051270,1.051270,1.051270,1.051270
1377573540,1.051270,1.051270,1.051210,1.051210
1377573600,1.051210,1.051210,1.051190,1.051190
1377573660,1.051180,1.051180,1.051180,1.051180
1377573720,1.051180,1.051210,1.051180,1.051210
1377573840,1.051220,1.051220,1.051220,1.051220
1377573900,1.051210,1.051220,1.051210,1.051210
1377574020,1.051200,1.051200,1.051140,1.051160
1377574080,1.051170,1.051210,1.051150,1.051210
1377574140,1.051200,1.051210,1.051200,1.051210
1377574200,1.051220,1.051220,1.051220,1.051220
1377574260,1.051240,1.051250,1.051220,1.051220
1377574320,1.051210,1.051210,1.051210,1.051210
1377574380,1.051220,1.051220,1.051200,1.051200
1377574500,1.051210,1.051210,1.051210,1.051210
1377574560,1.051240,1.051240,1.051200,1.051210
1377574740,1.051220,1.051230,1.051200,1.051210
1377574800,1.051200,1.051210,1.051180,1.051180
1377574860,1.051190,1.051190,1.051180,1.051190
1377574920,1.051180,1.051190,1.051180,1.051190
1377574980,1.051180,1.051190,1.051140,1.051140
1377575040,1.051160,1.051170,1.051130,1.051150
1377575100,1.051170,1.051200,1.051150,1.051180
1377575160,1.051150,1.051190,1.051150,1.051190
1377575220,1.051180,1.051190,1.051180,1.051180
1377575280,1.051150,1.051180,1.051150,1.051180
1377575340,1.051150,1.051180,1.051150,1.051150
1377575400,1.051190,1.051190,1.051150,1.051180
1377575460,1.051180,1.051180,1.051180,1.051180
1377575520,1.051170,1.051180,1.051150,1.051180
1377575580,1.051180,1.051180,1.051170,1.051170
1377575640,1.051180,1.051190,1.051150,1.051180
1377575700,1.051170,1.051180,1.051170,1.051180
1377575760,1.051190,1.051190,1.051190,1.051190
1377575820,1.051190,1.051190,1.051150,1.051170
1377575880,1.051160,1.051190,1.051150,1.051170
1377575940,1.051180,1.051180,1.051120,1.051160
