time,open,high,low,close
1700456400,0.602930,0.602930,0.602770,0.602780
1700456460,0.602800,0.602900,0.602770,0.602840
1700456520,0.602830,0.602950,0.602830,0.602880
1700456580,0.602890,0.602960,0.602870,0.602930
1700456640,0.602930,0.602950,0.602890,0.602890
1700456700,0.602880,0.602900,0.602830,0.602840
1700456760,0.602830,0.602850,0.602760,0.602790
1700456820,0.602770,0.602890,0.602770,0.602850
1700456880,0.602890,0.602940,0.602850,0.602890
1700456940,0.602860,0.602860,0.602810,0.602810
1700457000,0.602810,0.602840,0.602750,0.602840
1700457060,0.602830,0.602900,0.602800,0.602860
1700457120,0.602840,0.602890,0.602800,0.602890
1700457180,0.602880,0.603020,0.602870,0.603010
1700457240,0.603000,0.603050,0.602930,0.602930
1700457300,0.602950,0.602970,0.602860,0.602940
1700457360,0.602910,0.602940,0.602880,0.602910
1700457420,0.602920,0.603040,0.602890,0.603010
1700457480,0.603040,0.603100,0.602960,0.602970
1700457540,0.602960,0.602990,0.602950,0.602960
1700457600,0.602960,0.602980,0.602910,0.602980
1700457660,0.602970,0.603090,0.602940,0.603010
1700457720,0.603020,0.603090,0.603020,0.603090
1700457780,0.603090,0.603100,0.603040,0.603050
1700457840,0.603060,0.603070,0.602990,0.602990
1700457900,0.603000,0.603000,0.602970,0.602970
1700457960,0.602970,0.602970,0.602840,0.602840
1700458020,0.602860,0.602890,0.602800,0.602800
1700458080,0.602810,0.602880,0.602790,0.602860
1700458140,0.602870,0.602890,0.602780,0.602810
1700458200,0.602830,0.602910,0.602830,0.602910
1700458260,0.602900,0.602940,0.602900,0.602900
1700458320,0.602890,0.602900,0.602800,0.602800
1700458380,0.602810,0.602870,0.602800,0.602850
1700458440,0.602880,0.602910,0.602840,0.602910
1700458500,0.602910,0.603010,0.602890,0.602990
1700458560,0.603020,0.603030,0.603000,0.603000
1700458620,0.603010,0.603050,0.602990,0.603000
1700458680,0.603010,0.603100,0.603000,0.603100
1700458740,0.603110,0.603110,0.603010,0.603010
1700458800,0.603020,0.603020,0.602870,0.602870
1700458860,0.602880,0.602890,0.602830,0.602840
1700458920,0.602850,0.602850,0.602800,0.602850
1700458980,0.602830,0.602840,0.602780,0.602790
1700459040,0.602800,0.602860,0.602780,0.602810
1700459100,0.602800,0.602810,0.602750,0.602750
1700459160,0.602780,0.602800,0.602780,0.602790
1700459220,0.602780,0.602780,0.602550,0.602550
1700459280,0.602560,0.602560,0.602480,0.602530
1700459340,0.602530,0.602570,0.602500,0.602530
1700459400,0.602520,0.602530,0.602480,0.602490
1700459460,0.602480,0.602510,0.602430,0.602500
1700459520,0.602510,0.602540,0.602470,0.602490
1700459580,0.602510,0.602520,0.602420,0.602450
1700459640,0.602450,0.602500,0.602420,0.602450
1700459700,0.602450,0.602520,0.602430,0.602450
1700459760,0.602460,0.602490,0.602430,0.602440
1700459820,0.602450,0.602550,0.602450,0.602550
1700459880,0.602550,0.602610,0.602530,0.602530
1700459940,0.602550,0.602620,0.602530,0.602590
1700460000,0.602590,0.602770,0.602590,0.602770
1700460060,0.602790,0.602810,0.602760,0.602760
1700460120,0.602780,0.602780,0.602650,0.602660
1700460180,0.602670,0.602720,0.602650,0.602710
1700460240,0.602690,0.602740,0.602690,0.602710
1700460300,0.602690,0.602700,0.602640,0.602660
1700460360,0.602660,0.602670,0.602640,0.602640
1700460420,0.602650,0.602730,0.602630,0.602630
1700460480,0.602670,0.602720,0.602650,0.602690
1700460540,0.602710,0.602710,0.602580,0.602580
1700460600,0.602550,0.602610,0.602530,0.602550
1700460660,0.602560,0.602690,0.602550,0.602690
1700460720,0.602710,0.602770,0.602680,0.602680
1700460780,0.602660,0.602660,0.602500,0.602610
1700460840,0.602620,0.602640,0.602550,0.602560
1700460900,0.602570,0.602650,0.602570,0.602610
1700460960,0.602620,0.602660,0.602600,0.602610
1700461020,0.602630,0.602690,0.602630,0.602670
1700461080,0.602670,0.602710,0.602660,0.602680
1700461140,0.602690,0.602700,0.602590,0.602590
1700461200,0.602610,0.602670,0.602540,0.602550
1700461260,0.602560,0.602620,0.602560,0.602570
1700461320,0.602590,0.602770,0.602590,0.602720
1700461380,0.602710,0.602710,0.602610,0.602620
1700461440,0.602610,0.602610,0.602510,0.602540
1700461500,0.602550,0.602580,0.602470,0.602570
1700461560,0.602570,0.602610,0.602390,0.602420
1700461620,0.602430,0.602480,0.602400,0.602450
1700461680,0.602450,0.602450,0.602380,0.602390
1700461740,0.602400,0.602400,0.602390,0.602390
1700461800,0.602370,0.602400,0.602320,0.602320
1700461860,0.602340,0.602380,0.602300,0.602300
1700461920,0.602300,0.602360,0.602270,0.602280
1700461980,0.602280,0.602340,0.602240,0.602310
1700462040,0.602300,0.602320,0.602270,0.602300
1700462100,0.602300,0.602350,0.602260,0.602320
1700462160,0.602340,0.602380,0.602320,0.602340
1700462220,0.602330,0.602440,0.602320,0.602430
1700462280,0.602430,0.602620,0.602420,0.602540
1700462340,0.602540,0.602570,0.602450,0.602480
1700462400,0.602490,0.602530,0.602430,0.602460
1700462460,0.602450,0.602560,0.602410,0.602440
1700462520,0.602450,0.602560,0.602450,0.602560
1700462580,0.602500,0.602520,0.602440,0.602450
1700462640,0.602450,0.602500,0.602440,0.602500
1700462700,0.602500,0.602500,0.602430,0.602430
1700462760,0.602430,0.602510,0.602420,0.602470
1700462820,0.602490,0.602500,0.602440,0.602440
1700462880,0.602450,0.602470,0.602400,0.602430
1700462940,0.602420,0.602530,0.602390,0.602530
1700463000,0.602520,0.602650,0.602520,0.602600
1700463060,0.602630,0.602690,0.602630,0.602680
1700463120,0.602680,0.602720,0.602670,0.602720
1700463180,0.602710,0.602770,0.602610,0.602610
1700463240,0.602600,0.602600,0.602410,0.602410
1700463300,0.602400,0.602430,0.602260,0.602260
1700463360,0.602260,0.602300,0.602230,0.602230
1700463420,0.602220,0.602280,0.602160,0.602190
1700463480,0.602180,0.602260,0.602170,0.602220
1700463540,0.602210,0.602230,0.602160,0.602180
1700463600,0.602200,0.602260,0.602120,0.602120
1700463660,0.602120,0.602150,0.602040,0.602140
1700463720,0.602150,0.602220,0.602130,0.602150
1700463780,0.602140,0.602410,0.602120,0.602400
1700463840,0.602420,0.602460,0.602220,0.602220
1700463900,0.602220,0.602300,0.602200,0.602300
1700463960,0.602320,0.602410,0.602260,0.602400
1700464020,0.602360,0.602400,0.602350,0.602360
1700464080,0.602350,0.602450,0.602340,0.602450
1700464140,0.602480,0.602510,0.602310,0.602310
1700464200,0.602330,0.602630,0.602310,0.602590
1700464260,0.602610,0.602640,0.602560,0.602600
1700464320,0.602590,0.602670,0.602550,0.602670
1700464380,0.602660,0.602810,0.602620,0.602710
1700464440,0.602700,0.602780,0.602650,0.602720
1700464500,0.602730,0.602840,0.602730,0.602730
1700464560,0.602710,0.602710,0.602570,0.602630
1700464620,0.602670,0.602790,0.602670,0.602750
1700464680,0.602760,0.602810,0.602680,0.602680
1700464740,0.602680,0.602840,0.602680,0.602830
1700464800,0.602840,0.602890,0.602710,0.602710
1700464860,0.602700,0.602700,0.602620,0.602650
1700464920,0.602630,0.602630,0.602550,0.602550
1700464980,0.602540,0.602540,0.602400,0.602440
1700465040,0.602460,0.602490,0.602430,0.602440
1700465100,0.602430,0.602470,0.602340,0.602350
1700465160,0.602350,0.602570,0.602350,0.602500
1700465220,0.602500,0.602550,0.602440,0.602510
1700465280,0.602520,0.602550,0.602450,0.602450
1700465340,0.602480,0.602500,0.602350,0.602450
1700465400,0.602430,0.602520,0.602390,0.602430
1700465460,0.602420,0.602460,0.602380,0.602460
1700465520,0.602470,0.602570,0.602450,0.602570
1700465580,0.602590,0.602780,0.602590,0.602740
1700465640,0.602720,0.602730,0.602470,0.602500
1700465700,0.602490,0.602600,0.602410,0.602600
1700465760,0.602610,0.602680,0.602490,0.602490
1700465820,0.602500,0.602670,0.602460,0.602660
1700465880,0.602680,0.602730,0.602650,0.602650
1700465940,0.602630,0.602720,0.602630,0.602720
1700466000,0.602710,0.602850,0.602690,0.602790
1700466060,0.602780,0.602810,0.602710,0.602780
1700466120,0.602780,0.602880,0.602660,0.602880
1700466180,0.602880,0.602920,0.602780,0.602870
1700466240,0.602870,0.603170,0.602870,0.603080
1700466300,0.603100,0.603220,0.603020,0.603220
1700466360,0.603230,0.603470,0.603230,0.603460
1700466420,0.603460,0.603600,0.603400,0.603420
1700466480,0.603420,0.603420,0.603280,0.603320
1700466540,0.603340,0.603400,0.603340,0.603390
1700466600,0.603390,0.603390,0.603230,0.603230
1700466660,0.603240,0.603320,0.603220,0.603230
1700466720,0.603240,0.603320,0.603200,0.603320
1700466780,0.603300,0.603330,0.603240,0.603280
1700466840,0.603290,0.603330,0.603140,0.603230
1700466900,0.603220,0.603340,0.603220,0.603340
1700466960,0.603340,0.603400,0.603130,0.603130
1700467020,0.603130,0.603130,0.602970,0.603010
1700467080,0.603010,0.603010,0.602900,0.602910
1700467140,0.602910,0.603040,0.602890,0.603010
1700467200,0.603040,0.603120,0.602940,0.603090
1700467260,0.603100,0.603300,0.603080,0.603100
1700467320,0.603110,0.603230,0.603090,0.603210
1700467380,0.603220,0.603350,0.603130,0.603350
1700467440,0.603340,0.603430,0.603280,0.603430
1700467500,0.603420,0.603500,0.603280,0.603280
1700467560,0.603270,0.603370,0.603180,0.603320
1700467620,0.603300,0.603670,0.603290,0.603610
1700467680,0.603590,0.603590,0.603390,0.603430
1700467740,0.603420,0.603570,0.603400,0.603480
1700467800,0.603460,0.603610,0.603430,0.603430
1700467860,0.603420,0.603560,0.603340,0.603510
1700467920,0.603510,0.603560,0.603490,0.603520
1700467980,0.603530,0.603630,0.603480,0.603620
1700468040,0.603620,0.603620,0.603540,0.603610
1700468100,0.603590,0.603600,0.603360,0.603360
1700468160,0.603370,0.603370,0.603010,0.603040
1700468220,0.603030,0.603210,0.602910,0.603190
1700468280,0.603190,0.603210,0.602980,0.603060
1700468340,0.603070,0.603070,0.602830,0.602830
1700468400,0.602840,0.602840,0.602670,0.602760
1700468460,0.602750,0.602750,0.602690,0.602700
1700468520,0.602710,0.602980,0.602710,0.602930
1700468580,0.602910,0.603030,0.602890,0.603030
1700468640,0.603020,0.603260,0.603000,0.603250
1700468700,0.603240,0.603420,0.603200,0.603290
1700468760,0.603270,0.603380,0.603210,0.603380
1700468820,0.603380,0.603490,0.603330,0.603370
1700468880,0.603360,0.603510,0.603330,0.603510
1700468940,0.603520,0.603540,0.603360,0.603440
1700469000,0.603450,0.603610,0.603450,0.603490
1700469060,0.603470,0.603670,0.603460,0.603600
1700469120,0.603580,0.603590,0.603460,0.603530
1700469180,0.603530,0.603530,0.603340,0.603390
1700469240,0.603340,0.603400,0.603320,0.603360
1700469300,0.603340,0.603420,0.603270,0.603420
1700469360,0.603410,0.603420,0.603290,0.603330
1700469420,0.603330,0.603730,0.603330,0.603700
1700469480,0.603690,0.603790,0.603490,0.603510
1700469540,0.603520,0.603680,0.603520,0.603610
1700469600,0.603620,0.603790,0.603610,0.603740
1700469660,0.603750,0.603810,0.603710,0.603780
1700469720,0.603770,0.603770,0.603600,0.603650
1700469780,0.603640,0.603650,0.603500,0.603540
1700469840,0.603550,0.603550,0.603350,0.603410
1700469900,0.603390,0.603460,0.603220,0.603270
1700469960,0.603260,0.603270,0.603100,0.603100
1700470020,0.603100,0.603160,0.603050,0.603100
1700470080,0.603100,0.603120,0.602860,0.602860
1700470140,0.602860,0.602860,0.602770,0.602840
1700470200,0.602840,0.602870,0.602770,0.602820
1700470260,0.602830,0.602850,0.602710,0.602720
1700470320,0.602710,0.602730,0.602640,0.602700
1700470380,0.602700,0.602730,0.602660,0.602670
1700470440,0.602650,0.602750,0.602600,0.602620
1700470500,0.602610,0.602910,0.602610,0.602910
1700470560,0.602920,0.603000,0.602870,0.602980
1700470620,0.602960,0.603020,0.602900,0.602970
1700470680,0.602970,0.603000,0.602760,0.602860
1700470740,0.602850,0.602890,0.602820,0.602830
1700470800,0.602810,0.603030,0.602810,0.603030
1700470860,0.603050,0.603110,0.602980,0.603040
1700470920,0.603040,0.603200,0.603040,0.603190
1700470980,0.603210,0.603290,0.603100,0.603240
1700471040,0.603230,0.603290,0.603150,0.603170
1700471100,0.603200,0.603210,0.603100,0.603150
1700471160,0.603150,0.603250,0.603040,0.603100
1700471220,0.603090,0.603360,0.603060,0.603330
1700471280,0.603330,0.603410,0.603290,0.603410
1700471340,0.603410,0.603410,0.603250,0.603290
1700471400,0.603290,0.603330,0.603130,0.603140
1700471460,0.603150,0.603280,0.603140,0.603220
1700471520,0.603240,0.603400,0.603210,0.603330
1700471580,0.603300,0.603330,0.603140,0.603260
1700471640,0.603250,0.603380,0.603200,0.603320
1700471700,0.603300,0.603480,0.603280,0.603470
1700471760,0.603470,0.603690,0.603460,0.603690
1700471820,0.603690,0.603700,0.603570,0.603660
1700471880,0.603690,0.603810,0.603630,0.603800
1700471940,0.603780,0.603810,0.603700,0.603760
1700472000,0.603760,0.603790,0.603610,0.603640
1700472060,0.603660,0.603710,0.603550,0.603560
1700472120,0.603550,0.603740,0.603530,0.603730
1700472180,0.603750,0.603750,0.603580,0.603660
1700472240,0.603670,0.603740,0.603640,0.603720
1700472300,0.603700,0.603700,0.603420,0.603420
1700472360,0.603410,0.603420,0.603300,0.603310
1700472420,0.603330,0.603430,0.603300,0.603430
1700472480,0.603430,0.603620,0.603430,0.603570
1700472540,0.603580,0.603690,0.603580,0.603690
1700472600,0.603660,0.603820,0.603660,0.603740
1700472660,0.603720,0.603790,0.603640,0.603790
1700472720,0.603790,0.603980,0.603750,0.603980
1700472780,0.604000,0.604290,0.603990,0.604270
1700472840,0.604270,0.604270,0.604070,0.604120
1700472900,0.604110,0.604120,0.603930,0.603930
1700472960,0.603930,0.603930,0.603730,0.603800
1700473020,0.603830,0.603900,0.603790,0.603810
1700473080,0.603810,0.603880,0.603790,0.603830
1700473140,0.603830,0.603830,0.603700,0.603700
1700473200,0.603710,0.603810,0.603620,0.603650
1700473260,0.603680,0.603690,0.603530,0.603530
1700473320,0.603500,0.603590,0.603430,0.603520
1700473380,0.603510,0.603570,0.603430,0.603470
1700473440,0.603470,0.603590,0.603440,0.603570
1700473500,0.603560,0.603630,0.603540,0.603560
1700473560,0.603550,0.603630,0.603550,0.603610
1700473620,0.603630,0.603750,0.603540,0.603750
1700473680,0.603770,0.603800,0.603670,0.603740
1700473740,0.603750,0.603770,0.603660,0.603680
1700473800,0.603680,0.603770,0.603680,0.603710
1700473860,0.603700,0.603710,0.603640,0.603690
1700473920,0.603700,0.603740,0.603660,0.603710
1700473980,0.603710,0.603790,0.603700,0.603700
1700474040,0.603690,0.603710,0.603520,0.603710
1700474100,0.603730,0.603800,0.603700,0.603740
1700474160,0.603740,0.603860,0.603590,0.603620
1700474220,0.603640,0.603930,0.603560,0.603930
1700474280,0.603930,0.604080,0.603900,0.604030
1700474340,0.604020,0.604090,0.604020,0.604060
1700474400,0.604070,0.604090,0.603760,0.603760
1700474460,0.603800,0.603840,0.603720,0.603810
1700474520,0.603810,0.603960,0.603810,0.603910
1700474580,0.603910,0.603910,0.603780,0.603790
1700474640,0.603790,0.603790,0.603690,0.603720
1700474700,0.603720,0.603860,0.603650,0.603760
1700474760,0.603790,0.603810,0.603660,0.603680
1700474820,0.603680,0.603700,0.603640,0.603650
1700474880,0.603650,0.603650,0.603550,0.603580
1700474940,0.603580,0.603590,0.603470,0.603510
1700475000,0.603530,0.603570,0.603450,0.603450
1700475060,0.603450,0.603480,0.603400,0.603400
1700475120,0.603400,0.603430,0.603360,0.603410
1700475180,0.603450,0.603450,0.603330,0.603370
1700475240,0.603370,0.603370,0.603310,0.603340
1700475300,0.603350,0.603390,0.603320,0.603360
1700475360,0.603370,0.603400,0.603340,0.603360
1700475420,0.603360,0.603410,0.603350,0.603410
1700475480,0.603410,0.603450,0.603350,0.603390
1700475540,0.603410,0.603410,0.603300,0.603300
1700475600,0.603330,0.603500,0.603330,0.603480
1700475660,0.603510,0.603510,0.603380,0.603380
1700475720,0.603370,0.603440,0.603370,0.603380
1700475780,0.603370,0.603380,0.603230,0.603230
1700475840,0.603210,0.603270,0.603030,0.603090
1700475900,0.603100,0.603150,0.603060,0.603060
1700475960,0.603050,0.603050,0.602960,0.602960
1700476020,0.602980,0.603070,0.602970,0.603070
1700476080,0.603050,0.603110,0.602980,0.603080
1700476140,0.603060,0.603130,0.603060,0.603100
1700476200,0.603110,0.603210,0.603100,0.603180
1700476260,0.603200,0.603300,0.603160,0.603160
1700476320,0.603180,0.603540,0.603180,0.603510
1700476380,0.603480,0.603480,0.603360,0.603390
1700476440,0.603370,0.603500,0.603370,0.603430
1700476500,0.603430,0.603430,0.603270,0.603290
1700476560,0.603300,0.603330,0.603130,0.603180
1700476620,0.603200,0.603430,0.603130,0.603340
1700476680,0.603340,0.603540,0.603340,0.603540
1700476740,0.603560,0.603560,0.603390,0.603400
1700476800,0.603420,0.603470,0.603350,0.603350
1700476860,0.603310,0.603330,0.603130,0.603130
1700476920,0.603130,0.603130,0.603030,0.603070
1700476980,0.603060,0.603080,0.602920,0.602930
1700477040,0.602940,0.602990,0.602920,0.602930
1700477100,0.602950,0.603010,0.602870,0.602870
1700477160,0.602890,0.602980,0.602890,0.602960
1700477220,0.602940,0.603050,0.602920,0.602960
1700477280,0.602970,0.602990,0.602860,0.602900
1700477340,0.602890,0.602910,0.602850,0.602850
1700477400,0.602880,0.603000,0.602880,0.602950
1700477460,0.602980,0.603050,0.602970,0.603030
1700477520,0.603020,0.603040,0.603000,0.603030
1700477580,0.603040,0.603080,0.602900,0.602900
1700477640,0.602920,0.602950,0.602880,0.602880
1700477700,0.602890,0.603030,0.602890,0.603020
1700477760,0.603000,0.603000,0.602820,0.602840
1700477820,0.602860,0.602970,0.602830,0.602840
1700477880,0.602820,0.602850,0.602730,0.602740
1700477940,0.602730,0.602840,0.602730,0.602820
1700478000,0.602830,0.602850,0.602780,0.602830
1700478060,0.602870,0.602900,0.602780,0.602780
1700478120,0.602800,0.602990,0.602760,0.602980
1700478180,0.602980,0.603060,0.602960,0.602980
1700478240,0.603010,0.603010,0.602760,0.602770
1700478300,0.602780,0.602800,0.602740,0.602790
1700478360,0.602800,0.602910,0.602790,0.602870
1700478420,0.602860,0.602940,0.602780,0.602850
1700478480,0.602850,0.602890,0.602760,0.602760
1700478540,0.602750,0.602860,0.602730,0.602830
1700478600,0.602850,0.602860,0.602780,0.602820
1700478660,0.602810,0.602920,0.602810,0.602830
1700478720,0.602820,0.602820,0.602770,0.602770
1700478780,0.602780,0.602840,0.602680,0.602740
1700478840,0.602750,0.602910,0.602750,0.602830
1700478900,0.602840,0.602950,0.602820,0.602830
1700478960,0.602840,0.602870,0.602700,0.602720
1700479020,0.602750,0.602790,0.602660,0.602660
1700479080,0.602670,0.602690,0.602650,0.602660
1700479140,0.602670,0.602710,0.602590,0.602610
1700479200,0.602620,0.602640,0.602500,0.602500
1700479260,0.602520,0.602650,0.602520,0.602570
1700479320,0.602550,0.602570,0.602510,0.602560
1700479380,0.602570,0.602570,0.602470,0.602560
1700479440,0.602570,0.602630,0.602550,0.602630
1700479500,0.602620,0.602620,0.602510,0.602560
1700479560,0.602580,0.602680,0.602530,0.602650
1700479620,0.602670,0.602880,0.602670,0.602880
1700479680,0.602840,0.602860,0.602780,0.602780
1700479740,0.602800,0.602810,0.602620,0.602660
1700479800,0.602670,0.602670,0.602560,0.602640
1700479860,0.602640,0.602660,0.602400,0.602400
1700479920,0.602420,0.602500,0.602310,0.602480
1700479980,0.602500,0.602520,0.602410,0.602410
1700480040,0.602440,0.602640,0.602440,0.602590
1700480100,0.602600,0.602600,0.602500,0.602520
1700480160,0.602520,0.602650,0.602510,0.602600
1700480220,0.602620,0.602800,0.602590,0.602760
1700480280,0.602750,0.602790,0.602540,0.602560
1700480340,0.602550,0.602610,0.602510,0.602560
1700480400,0.602540,0.602540,0.602370,0.602370
1700480460,0.602380,0.602400,0.602360,0.602380
1700480520,0.602360,0.602480,0.602360,0.602400
1700480580,0.602400,0.602410,0.602340,0.602340
1700480640,0.602350,0.602390,0.602310,0.602390
1700480700,0.602410,0.602540,0.602380,0.602400
1700480760,0.602450,0.602450,0.602380,0.602390
1700480820,0.602420,0.602430,0.602390,0.602400
1700480880,0.602390,0.602440,0.602320,0.602440
1700480940,0.602450,0.602480,0.602380,0.602450
1700481000,0.602450,0.602550,0.602440,0.602520
1700481060,0.602520,0.602540,0.602390,0.602500
1700481120,0.602520,0.602520,0.602470,0.602480
1700481180,0.602450,0.602450,0.602310,0.602330
1700481240,0.602300,0.602390,0.602260,0.602370
1700481300,0.602400,0.602410,0.602300,0.602340
1700481360,0.602380,0.602470,0.602380,0.602420
1700481420,0.602440,0.602440,0.602410,0.602440
1700481480,0.602450,0.602520,0.602430,0.602500
1700481540,0.602530,0.602540,0.602490,0.602490
1700481600,0.602470,0.602550,0.602410,0.602530
1700481660,0.602540,0.602570,0.602500,0.602550
1700481720,0.602560,0.602580,0.602370,0.602420
1700481780,0.602430,0.602470,0.602270,0.602360
1700481840,0.602370,0.602410,0.602300,0.602300
1700481900,0.602300,0.602320,0.602000,0.602160
1700481960,0.602150,0.602200,0.602050,0.602060
1700482020,0.602060,0.602100,0.601980,0.602040
1700482080,0.602050,0.602120,0.602020,0.602090
1700482140,0.602110,0.602250,0.602110,0.602240
1700482200,0.602230,0.602250,0.602120,0.602210
1700482260,0.602210,0.602240,0.602080,0.602080
1700482320,0.602090,0.602140,0.602060,0.602070
1700482380,0.602080,0.602090,0.602010,0.602010
1700482440,0.601990,0.602040,0.601940,0.602000
1700482500,0.602020,0.602050,0.601930,0.601930
1700482560,0.601940,0.601960,0.601880,0.601930
1700482620,0.601940,0.602050,0.601930,0.602040
1700482680,0.602040,0.602080,0.602040,0.602040
1700482740,0.602080,0.602140,0.602040,0.602090
1700482800,0.602070,0.602070,0.601970,0.602000
1700482860,0.602010,0.602050,0.602000,0.602050
1700482920,0.602040,0.602070,0.602000,0.602010
1700482980,0.602040,0.602100,0.601940,0.602010
1700483040,0.602000,0.602040,0.601940,0.601940
1700483100,0.601970,0.602010,0.601940,0.601940
1700483160,0.601930,0.601940,0.601880,0.601940
1700483220,0.601940,0.601950,0.601890,0.601890
1700483280,0.601910,0.601910,0.601880,0.601890
1700483340,0.601900,0.601900,0.601840,0.601840
1700483400,0.601880,0.601980,0.601850,0.601950
1700483460,0.601980,0.602050,0.601980,0.602050
1700483520,0.602080,0.602120,0.602060,0.602080
1700483580,0.602100,0.602300,0.602070,0.602290
1700483640,0.602290,0.602420,0.602280,0.602300
1700483700,0.602290,0.602390,0.602220,0.602390
1700483760,0.602400,0.602420,0.602350,0.602350
1700483820,0.602330,0.602390,0.602240,0.602380
1700483880,0.602380,0.602460,0.602320,0.602420
1700483940,0.602440,0.602470,0.602390,0.602440
1700484000,0.602430,0.602430,0.602350,0.602350
1700484060,0.602350,0.602520,0.602350,0.602490
1700484120,0.602480,0.602510,0.602450,0.602480
1700484180,0.602490,0.602500,0.602210,0.602210
1700484240,0.602210,0.602370,0.602210,0.602280
1700484300,0.602290,0.602320,0.602260,0.602290
1700484360,0.602290,0.602300,0.602160,0.602170
1700484420,0.602180,0.602180,0.602110,0.602140
1700484480,0.602170,0.602240,0.602140,0.602240
1700484540,0.602270,0.602290,0.602200,0.602200
1700484600,0.602220,0.602220,0.602080,0.602080
1700484660,0.602070,0.602170,0.602070,0.602130
1700484720,0.602130,0.602280,0.602130,0.602180
1700484780,0.602190,0.602270,0.602170,0.602230
1700484840,0.602220,0.602370,0.602200,0.602310
1700484900,0.602330,0.602420,0.602310,0.602310
1700484960,0.602300,0.602310,0.602240,0.602250
1700485020,0.602240,0.602300,0.602200,0.602290
1700485080,0.602280,0.602330,0.602250,0.602330
1700485140,0.602310,0.602340,0.602300,0.602340
1700485200,0.602370,0.602590,0.602370,0.602500
1700485260,0.602500,0.602560,0.602470,0.602510
1700485320,0.602510,0.602700,0.602510,0.602680
1700485380,0.602700,0.602770,0.602660,0.602750
1700485440,0.602740,0.602860,0.602660,0.602840
1700485500,0.602850,0.602850,0.602610,0.602660
1700485560,0.602640,0.602690,0.602600,0.602690
1700485620,0.602680,0.602680,0.602490,0.602520
1700485680,0.602510,0.602610,0.602500,0.602590
1700485740,0.602580,0.602640,0.602520,0.602610
1700485800,0.602620,0.602620,0.602600,0.602600
1700485860,0.602580,0.602580,0.602290,0.602300
1700485920,0.602280,0.602350,0.602160,0.602160
1700485980,0.602140,0.602200,0.602120,0.602180
1700486040,0.602200,0.602410,0.602190,0.602410
1700486100,0.602420,0.602600,0.602420,0.602580
1700486160,0.602600,0.602760,0.602590,0.602620
1700486220,0.602620,0.602620,0.602440,0.602470
1700486280,0.602500,0.602560,0.602340,0.602430
1700486340,0.602440,0.602440,0.602360,0.602370
1700486400,0.602360,0.602400,0.602210,0.602210
1700486460,0.602190,0.602430,0.602160,0.602390
1700486520,0.602400,0.602430,0.602190,0.602360
1700486580,0.602340,0.602460,0.602290,0.602300
1700486640,0.602310,0.602310,0.602160,0.602240
1700486700,0.602230,0.602350,0.602210,0.602350
1700486760,0.602350,0.602350,0.602220,0.602240
1700486820,0.602240,0.602290,0.602070,0.602200
1700486880,0.602230,0.602370,0.602210,0.602300
1700486940,0.602310,0.602360,0.602120,0.602150
1700487000,0.602170,0.602210,0.601970,0.602000
1700487060,0.602010,0.602150,0.602010,0.602140
1700487120,0.602130,0.602190,0.602040,0.602040
1700487180,0.602050,0.602150,0.602040,0.602110
1700487240,0.602120,0.602120,0.601940,0.601980
1700487300,0.601970,0.602130,0.601950,0.602030
1700487360,0.602050,0.602100,0.601990,0.602050
1700487420,0.602070,0.602110,0.601990,0.602080
1700487480,0.602070,0.602080,0.601920,0.601930
1700487540,0.601920,0.601990,0.601830,0.601910
1700487600,0.601930,0.602090,0.601920,0.601970
1700487660,0.601990,0.602180,0.601960,0.602020
1700487720,0.602010,0.602030,0.601950,0.602030
1700487780,0.602010,0.602200,0.601970,0.602170
1700487840,0.602180,0.602260,0.602140,0.602190
1700487900,0.602190,0.602260,0.602090,0.602130
1700487960,0.602120,0.602230,0.602070,0.602230
1700488020,0.602220,0.602250,0.602130,0.602210
1700488080,0.602190,0.602480,0.602180,0.602370
1700488140,0.602370,0.602540,0.602350,0.602350
1700488200,0.602360,0.602440,0.602270,0.602300
1700488260,0.602280,0.602360,0.602280,0.602350
1700488320,0.602340,0.602340,0.602140,0.602140
1700488380,0.602160,0.602240,0.602140,0.602220
1700488440,0.602200,0.602390,0.602190,0.602380
1700488500,0.602370,0.602380,0.602230,0.602230
1700488560,0.602230,0.602230,0.602090,0.602130
1700488620,0.602130,0.602130,0.601950,0.601970
1700488680,0.601970,0.602010,0.601830,0.601880
1700488740,0.601870,0.601970,0.601870,0.601970
1700488800,0.601980,0.602190,0.601960,0.602180
1700488860,0.602180,0.602350,0.602180,0.602350
1700488920,0.602360,0.602390,0.602230,0.602260
1700488980,0.602260,0.602410,0.602230,0.602350
1700489040,0.602350,0.602390,0.602240,0.602250
1700489100,0.602240,0.602330,0.602090,0.602290
1700489160,0.602300,0.602340,0.602240,0.602310
1700489220,0.602310,0.602310,0.602100,0.602110
1700489280,0.602120,0.602130,0.601960,0.601960
1700489340,0.601940,0.602150,0.601910,0.602070
1700489400,0.602080,0.602080,0.601940,0.601950
1700489460,0.601960,0.601990,0.601900,0.601990
1700489520,0.602000,0.602040,0.601810,0.601840
1700489580,0.601830,0.601830,0.601550,0.601550
1700489640,0.601550,0.601650,0.601550,0.601580
1700489700,0.601620,0.601630,0.601520,0.601630
1700489760,0.601620,0.601640,0.601510,0.601520
1700489820,0.601510,0.601740,0.601510,0.601690
1700489880,0.601710,0.601720,0.601540,0.601540
1700489940,0.601540,0.601570,0.601390,0.601400
1700490000,0.601380,0.601380,0.601000,0.601010
1700490060,0.601030,0.601050,0.600750,0.600750
1700490120,0.600780,0.600850,0.600750,0.600820
1700490180,0.600830,0.600870,0.600740,0.600840
1700490240,0.600840,0.600960,0.600810,0.600850
1700490300,0.600850,0.600850,0.600660,0.600820
1700490360,0.600840,0.600890,0.600780,0.600870
1700490420,0.600900,0.600970,0.600820,0.600820
1700490480,0.600830,0.600860,0.600730,0.600740
1700490540,0.600740,0.600890,0.600740,0.600820
1700490600,0.600810,0.600970,0.600810,0.600860
1700490660,0.600850,0.601030,0.600780,0.601000
1700490720,0.600990,0.600990,0.600800,0.600870
1700490780,0.600890,0.601050,0.600830,0.600940
1700490840,0.600950,0.601080,0.600810,0.600830
1700490900,0.600810,0.600930,0.600400,0.600490
1700490960,0.600480,0.600690,0.600420,0.600560
1700491020,0.600560,0.600960,0.600430,0.600880
1700491080,0.600920,0.601030,0.600890,0.601010
1700491140,0.601010,0.601190,0.600940,0.600940
1700491200,0.600930,0.601270,0.600930,0.601050
1700491260,0.601070,0.601350,0.601070,0.601250
1700491320,0.601260,0.601510,0.601200,0.601440
1700491380,0.601440,0.601460,0.601310,0.601440
1700491440,0.601470,0.601520,0.601400,0.601500
1700491500,0.601520,0.601700,0.601490,0.601680
1700491560,0.601640,0.601840,0.601540,0.601560
1700491620,0.601570,0.601580,0.601390,0.601440
1700491680,0.601420,0.601650,0.601400,0.601610
1700491740,0.601630,0.601700,0.601590,0.601590
1700491800,0.601600,0.601690,0.601570,0.601660
1700491860,0.601680,0.601680,0.601400,0.601440
1700491920,0.601420,0.601560,0.601310,0.601310
1700491980,0.601290,0.601320,0.601150,0.601270
1700492040,0.601250,0.601280,0.601160,0.601260
1700492100,0.601240,0.601270,0.601140,0.601140
1700492160,0.601140,0.601270,0.600970,0.601120
1700492220,0.601100,0.601100,0.600920,0.600950
1700492280,0.600940,0.601120,0.600910,0.601060
1700492340,0.601070,0.601150,0.601040,0.601080
1700492400,0.601080,0.601290,0.601070,0.601180
1700492460,0.601180,0.601180,0.601050,0.601070
1700492520,0.601050,0.601120,0.600940,0.601020
1700492580,0.601010,0.601030,0.600940,0.601030
1700492640,0.601030,0.601210,0.601030,0.601140
1700492700,0.601120,0.601240,0.601040,0.601200
1700492760,0.601190,0.601210,0.601070,0.601150
1700492820,0.601110,0.601120,0.600840,0.600880
1700492880,0.600860,0.600880,0.600690,0.600770
1700492940,0.600750,0.600840,0.600680,0.600740
1700493000,0.600740,0.600850,0.600700,0.600790
1700493060,0.600790,0.600790,0.600680,0.600740
1700493120,0.600750,0.600840,0.600750,0.600810
1700493180,0.600800,0.600840,0.600770,0.600830
1700493240,0.600820,0.600970,0.600770,0.600970
1700493300,0.600980,0.600980,0.600850,0.600890
1700493360,0.600890,0.601120,0.600850,0.601120
1700493420,0.601120,0.601120,0.601000,0.601050
1700493480,0.601070,0.601070,0.600900,0.600940
1700493540,0.600940,0.600940,0.600800,0.600930
1700493600,0.600930,0.601060,0.600900,0.601050
1700493660,0.601060,0.601210,0.601040,0.601080
1700493720,0.601060,0.601060,0.600890,0.600890
1700493780,0.600890,0.600890,0.600620,0.600630
1700493840,0.600630,0.600770,0.600600,0.600720
1700493900,0.600720,0.600720,0.600640,0.600690
1700493960,0.600700,0.600790,0.600640,0.600760
1700494020,0.600750,0.600960,0.600750,0.600950
1700494080,0.600950,0.601100,0.600900,0.601060
1700494140,0.601060,0.601060,0.600960,0.601010
1700494200,0.601020,0.601130,0.601010,0.601040
1700494260,0.601070,0.601110,0.600950,0.600980
1700494320,0.600990,0.601090,0.600980,0.601040
1700494380,0.601060,0.601320,0.601060,0.601300
1700494440,0.601310,0.601410,0.601300,0.601360
1700494500,0.601370,0.601450,0.601320,0.601400
1700494560,0.601360,0.601370,0.601200,0.601250
1700494620,0.601210,0.601240,0.601100,0.601130
1700494680,0.601140,0.601370,0.601140,0.601340
1700494740,0.601340,0.601420,0.601320,0.601420
1700494800,0.601410,0.601460,0.601360,0.601440
1700494860,0.601440,0.601510,0.601410,0.601470
1700494920,0.601470,0.601630,0.601470,0.601600
1700494980,0.601570,0.601600,0.601450,0.601560
1700495040,0.601560,0.601570,0.601460,0.601490
1700495100,0.601510,0.601660,0.601490,0.601620
1700495160,0.601610,0.601810,0.601610,0.601800
1700495220,0.601810,0.601860,0.601770,0.601790
1700495280,0.601810,0.601970,0.601790,0.601970
1700495340,0.601980,0.601990,0.601920,0.601940
1700495400,0.601930,0.601970,0.601890,0.601950
1700495460,0.601960,0.602050,0.601960,0.601990
1700495520,0.601950,0.601990,0.601800,0.601860
1700495580,0.601860,0.601900,0.601790,0.601800
1700495640,0.601790,0.601790,0.601550,0.601550
1700495700,0.601530,0.601700,0.601460,0.601700
1700495760,0.601680,0.601740,0.601640,0.601640
1700495820,0.601630,0.601820,0.601630,0.601790
1700495880,0.601780,0.601850,0.601750,0.601770
1700495940,0.601760,0.601810,0.601690,0.601790
1700496000,0.601800,0.601900,0.601750,0.601840
1700496060,0.601850,0.601910,0.601820,0.601860
1700496120,0.601850,0.601870,0.601740,0.601740
1700496180,0.601750,0.601760,0.601570,0.601680
1700496240,0.601690,0.601790,0.601640,0.601760
1700496300,0.601770,0.601790,0.601630,0.601660
1700496360,0.601650,0.601710,0.601550,0.601570
1700496420,0.601580,0.601710,0.601550,0.601640
1700496480,0.601630,0.601800,0.601630,0.601780
1700496540,0.601770,0.601780,0.601610,0.601650
1700496600,0.601670,0.601690,0.601600,0.601600
1700496660,0.601600,0.601710,0.601580,0.601700
1700496720,0.601700,0.601730,0.601670,0.601700
1700496780,0.601700,0.601950,0.601680,0.601890
1700496840,0.601920,0.602010,0.601850,0.601920
1700496900,0.601920,0.601950,0.601840,0.601930
1700496960,0.601940,0.602020,0.601820,0.601920
1700497020,0.601910,0.602070,0.601910,0.601980
1700497080,0.601990,0.602010,0.601900,0.601970
1700497140,0.601980,0.602160,0.601980,0.602060
1700497200,0.602060,0.602090,0.602020,0.602090
1700497260,0.602090,0.602150,0.601930,0.601950
1700497320,0.601930,0.602140,0.601920,0.602110
1700497380,0.602130,0.602200,0.602110,0.602180
1700497440,0.602190,0.602190,0.602050,0.602050
1700497500,0.602040,0.602100,0.601950,0.601950
1700497560,0.601940,0.601970,0.601740,0.601740
1700497620,0.601750,0.601850,0.601700,0.601840
1700497680,0.601820,0.601900,0.601800,0.601880
1700497740,0.601880,0.601890,0.601800,0.601840
1700497800,0.601860,0.601950,0.601860,0.601940
1700497860,0.601960,0.602000,0.601950,0.602000
1700497920,0.601990,0.602050,0.601980,0.602030
1700497980,0.602020,0.602060,0.601980,0.601980
1700498040,0.601990,0.602200,0.601990,0.602080
1700498100,0.602090,0.602090,0.602010,0.602010
1700498160,0.602030,0.602090,0.602020,0.602070
1700498220,0.602060,0.602060,0.601940,0.601990
1700498280,0.601990,0.602000,0.601900,0.601940
1700498340,0.601950,0.602020,0.601940,0.602020
1700498400,0.601990,0.602200,0.601990,0.602190
1700498460,0.602180,0.602190,0.602120,0.602120
1700498520,0.602100,0.602120,0.601990,0.602120
1700498580,0.602110,0.602310,0.602100,0.602300
1700498640,0.602310,0.602470,0.602300,0.602410
1700498700,0.602410,0.602430,0.602380,0.602400
1700498760,0.602400,0.602420,0.602370,0.602410
1700498820,0.602420,0.602490,0.602420,0.602450
1700498880,0.602440,0.602530,0.602420,0.602520
1700498940,0.602560,0.602620,0.602470,0.602580
1700499000,0.602580,0.602690,0.602580,0.602690
1700499060,0.602690,0.602720,0.602640,0.602670
1700499120,0.602660,0.602820,0.602650,0.602790
1700499180,0.602770,0.602810,0.602720,0.602770
1700499240,0.602780,0.602820,0.602770,0.602820
1700499300,0.602820,0.602860,0.602700,0.602710
1700499360,0.602700,0.602750,0.602680,0.602700
1700499420,0.602720,0.602730,0.602650,0.602680
1700499480,0.602660,0.602710,0.602660,0.602690
1700499540,0.602700,0.602740,0.602680,0.602740
1700499600,0.602720,0.602730,0.602600,0.602690
1700499660,0.602700,0.602770,0.602700,0.602770
1700499720,0.602790,0.602840,0.602790,0.602830
1700499780,0.602850,0.603030,0.602850,0.603000
1700499840,0.603010,0.603110,0.603000,0.603110
1700499900,0.603100,0.603270,0.603100,0.603230
1700499960,0.603230,0.603330,0.603180,0.603310
1700500020,0.603330,0.603380,0.603220,0.603220
1700500080,0.603240,0.603430,0.603220,0.603350
1700500140,0.603340,0.603350,0.603070,0.603080
1700500200,0.603090,0.603090,0.603000,0.603000
1700500260,0.603010,0.603110,0.603010,0.603070
1700500320,0.603060,0.603110,0.603000,0.603110
1700500380,0.603110,0.603200,0.603100,0.603110
1700500440,0.603110,0.603170,0.603060,0.603120
1700500500,0.603110,0.603140,0.603080,0.603110
1700500560,0.603110,0.603110,0.602970,0.602990
1700500620,0.602960,0.603040,0.602960,0.603040
1700500680,0.603010,0.603100,0.603010,0.603090
1700500740,0.603100,0.603120,0.603050,0.603120
1700500800,0.603120,0.603140,0.603050,0.603080
1700500860,0.603080,0.603110,0.603050,0.603100
1700500920,0.603090,0.603190,0.603040,0.603150
1700500980,0.603140,0.603150,0.603030,0.603100
1700501040,0.603120,0.603160,0.603110,0.603150
1700501100,0.603150,0.603210,0.603130,0.603160
1700501160,0.603180,0.603190,0.603110,0.603140
1700501220,0.603150,0.603200,0.603110,0.603120
1700501280,0.603130,0.603180,0.603100,0.603100
1700501340,0.603110,0.603200,0.603110,0.603130
1700501400,0.603130,0.603150,0.602990,0.603030
1700501460,0.603010,0.603030,0.602960,0.603000
1700501520,0.602990,0.603010,0.602950,0.602960
1700501580,0.602950,0.602960,0.602900,0.602940
1700501640,0.602980,0.603100,0.602980,0.603090
1700501700,0.603090,0.603090,0.603020,0.603020
1700501760,0.603050,0.603050,0.602960,0.602990
1700501820,0.602990,0.602990,0.602940,0.602970
1700501880,0.602960,0.602960,0.602870,0.602890
1700501940,0.602890,0.602900,0.602860,0.602880
1700502000,0.602860,0.602870,0.602640,0.602650
1700502060,0.602670,0.602670,0.602560,0.602580
1700502120,0.602580,0.602610,0.602510,0.602580
1700502180,0.602590,0.602610,0.602540,0.602610
1700502240,0.602590,0.602610,0.602500,0.602600
1700502300,0.602590,0.602590,0.602380,0.602380
1700502360,0.602390,0.602430,0.602360,0.602390
1700502420,0.602390,0.602400,0.602310,0.602310
1700502480,0.602350,0.602350,0.602260,0.602270
1700502540,0.602260,0.602260,0.602210,0.602220
1700502600,0.602200,0.602250,0.602160,0.602190
1700502660,0.602200,0.602210,0.602190,0.602190
1700502720,0.602170,0.602230,0.602110,0.602110
1700502780,0.602120,0.602180,0.602120,0.602180
1700502840,0.602200,0.602200,0.602150,0.602160
1700502900,0.602160,0.602210,0.602140,0.602200
1700502960,0.602190,0.602340,0.602180,0.602310
1700503020,0.602300,0.602430,0.602280,0.602400
1700503080,0.602390,0.602390,0.602340,0.602390
1700503140,0.602370,0.602410,0.602300,0.602300
1700503200,0.602310,0.602320,0.602230,0.602260
1700503260,0.602240,0.602880,0.602180,0.602730
1700503320,0.602740,0.603260,0.602720,0.603120
1700503380,0.603100,0.603720,0.603090,0.603590
1700503440,0.603570,0.603630,0.603330,0.603480
1700503500,0.603470,0.603550,0.603290,0.603470
1700503560,0.603480,0.603540,0.603260,0.603310
1700503620,0.603310,0.603430,0.603250,0.603430
1700503680,0.603420,0.603430,0.603210,0.603320
1700503740,0.603310,0.603350,0.603180,0.603230
1700503800,0.603230,0.603300,0.603180,0.603200
1700503860,0.603200,0.603520,0.603200,0.603490
1700503920,0.603500,0.603580,0.603460,0.603580
1700503980,0.603580,0.603720,0.603420,0.603440
1700504040,0.603470,0.603520,0.603390,0.603450
1700504100,0.603470,0.603510,0.603320,0.603510
1700504160,0.603490,0.603570,0.603450,0.603550
1700504220,0.603580,0.603590,0.603400,0.603410
1700504280,0.603390,0.603390,0.603320,0.603350
1700504340,0.603340,0.603450,0.603300,0.603440
1700504400,0.603440,0.603500,0.603400,0.603440
1700504460,0.603450,0.603540,0.603420,0.603530
1700504520,0.603510,0.603530,0.603420,0.603480
1700504580,0.603470,0.603480,0.603380,0.603400
1700504640,0.603410,0.603490,0.603360,0.603490
1700504700,0.603500,0.603500,0.603340,0.603380
1700504760,0.603380,0.603500,0.603360,0.603380
1700504820,0.603390,0.603400,0.603240,0.603250
1700504880,0.603280,0.603340,0.603250,0.603330
1700504940,0.603330,0.603340,0.603290,0.603290
1700505000,0.603300,0.603410,0.603290,0.603410
1700505060,0.603390,0.603460,0.603330,0.603430
1700505120,0.603440,0.603480,0.603320,0.603480
1700505180,0.603470,0.603490,0.603380,0.603390
1700505240,0.603390,0.603390,0.603180,0.603190
1700505300,0.603180,0.603180,0.602970,0.603040
1700505360,0.603040,0.603090,0.602990,0.602990
1700505420,0.603000,0.603100,0.603000,0.603020
1700505480,0.603040,0.603080,0.602970,0.602970
1700505540,0.602980,0.603020,0.602830,0.602840
1700505600,0.602830,0.602840,0.602770,0.602780
1700505660,0.602780,0.602930,0.602770,0.602920
1700505720,0.602930,0.602980,0.602930,0.602980
1700505780,0.603020,0.603020,0.602940,0.602940
1700505840,0.602940,0.602940,0.602880,0.602910
1700505900,0.602900,0.602960,0.602890,0.602930
1700505960,0.602910,0.602910,0.602840,0.602840
1700506020,0.602840,0.602900,0.602840,0.602890
1700506080,0.602900,0.602940,0.602880,0.602920
1700506140,0.602920,0.602980,0.602900,0.602900
1700506200,0.602900,0.602940,0.602900,0.602930
1700506260,0.602950,0.603050,0.602930,0.602940
1700506320,0.602930,0.602950,0.602890,0.602900
1700506380,0.602930,0.603010,0.602920,0.603010
1700506440,0.603000,0.603000,0.602960,0.603000
1700506500,0.603030,0.603100,0.603030,0.603050
1700506560,0.603060,0.603090,0.603050,0.603070
1700506620,0.603060,0.603150,0.603050,0.603120
1700506680,0.603110,0.603110,0.603040,0.603040
1700506740,0.603050,0.603110,0.603010,0.603040
1700506800,0.603030,0.603180,0.603030,0.603130
1700506860,0.603120,0.603170,0.603080,0.603170
1700506920,0.603140,0.603140,0.603030,0.603060
1700506980,0.603060,0.603070,0.603020,0.603070
1700507040,0.603060,0.603060,0.602980,0.603000
1700507100,0.602980,0.603060,0.602960,0.603050
1700507160,0.603060,0.603120,0.603060,0.603120
1700507220,0.603120,0.603120,0.603050,0.603050
1700507280,0.603040,0.603060,0.603010,0.603020
1700507340,0.603010,0.603100,0.603010,0.603100
1700507400,0.603100,0.603100,0.603030,0.603030
1700507460,0.603020,0.603040,0.602950,0.602950
1700507520,0.602960,0.602990,0.602890,0.602920
1700507580,0.602920,0.602930,0.602900,0.602930
1700507640,0.602940,0.602950,0.602940,0.602950
1700507700,0.602970,0.603000,0.602950,0.602950
1700507760,0.602960,0.602990,0.602850,0.602890
1700507820,0.602910,0.602910,0.602790,0.602800
1700507880,0.602810,0.602870,0.602800,0.602870
1700507940,0.602840,0.602870,0.602800,0.602850
1700508000,0.602820,0.602840,0.602800,0.602840
1700508060,0.602850,0.602850,0.602800,0.602840
1700508120,0.602860,0.602900,0.602860,0.602900
1700508180,0.602920,0.602970,0.602900,0.602970
1700508240,0.602960,0.602960,0.602940,0.602940
1700508300,0.602950,0.603040,0.602940,0.603040
1700508360,0.603030,0.603030,0.602960,0.602970
1700508420,0.602960,0.602970,0.602950,0.602950
1700508480,0.602960,0.603210,0.602960,0.603210
1700508540,0.603200,0.603230,0.603130,0.603230
1700508600,0.603260,0.603330,0.603240,0.603240
1700508660,0.603220,0.603220,0.603140,0.603140
1700508720,0.603110,0.603110,0.603020,0.603040
1700508780,0.603040,0.603060,0.603000,0.603000
1700508840,0.602990,0.602990,0.602940,0.602990
1700508900,0.602970,0.603040,0.602960,0.603040
1700508960,0.603050,0.603250,0.603050,0.603220
1700509020,0.603190,0.603210,0.603030,0.603030
1700509080,0.603040,0.603040,0.603000,0.603000
1700509140,0.603020,0.603090,0.603010,0.603080
1700509200,0.603100,0.603110,0.603070,0.603090
1700509260,0.603090,0.603110,0.603070,0.603100
1700509320,0.603100,0.603140,0.603090,0.603130
1700509380,0.603130,0.603220,0.603110,0.603220
1700509440,0.603250,0.603260,0.603230,0.603230
1700509500,0.603220,0.603250,0.603220,0.603220
1700509560,0.603210,0.603210,0.603100,0.603100
1700509620,0.603120,0.603220,0.603110,0.603220
1700509680,0.603200,0.603210,0.603170,0.603170
1700509740,0.603140,0.603230,0.603130,0.603170
1700509800,0.603200,0.603210,0.603060,0.603060
1700509860,0.603050,0.603100,0.603050,0.603100
1700509920,0.603110,0.603160,0.603080,0.603080
1700509980,0.603100,0.603110,0.603090,0.603100
1700510040,0.603120,0.603120,0.603050,0.603060
1700510100,0.603060,0.603150,0.603040,0.603150
1700510160,0.603180,0.603220,0.603170,0.603220
1700510220,0.603230,0.603230,0.603180,0.603180
1700510280,0.603180,0.603270,0.603180,0.603210
1700510340,0.603220,0.603260,0.603200,0.603230
1700510400,0.603230,0.603240,0.603200,0.603210
1700510460,0.603210,0.603240,0.603190,0.603200
1700510520,0.603200,0.603280,0.603200,0.603220
1700510580,0.603240,0.603280,0.603220,0.603220
1700510640,0.603200,0.603220,0.603190,0.603210
1700510700,0.603210,0.603220,0.603180,0.603180
1700510760,0.603160,0.603180,0.603120,0.603180
1700510820,0.603180,0.603200,0.603170,0.603190
1700510880,0.603200,0.603280,0.603190,0.603270
1700510940,0.603290,0.603330,0.603270,0.603320
1700511000,0.603310,0.603380,0.603290,0.603350
1700511060,0.603380,0.603390,0.603380,0.603390
1700511120,0.603390,0.603390,0.603350,0.603360
1700511180,0.603360,0.603380,0.603340,0.603350
1700511240,0.603350,0.603370,0.603350,0.603370
1700511300,0.603360,0.603360,0.603310,0.603350
1700511360,0.603340,0.603370,0.603280,0.603370
1700511420,0.603360,0.603360,0.603340,0.603360
1700511480,0.603370,0.603480,0.603370,0.603470
1700511540,0.603510,0.603530,0.603510,0.603520
1700511600,0.603500,0.603500,0.603440,0.603440
1700511660,0.603420,0.603420,0.603360,0.603380
1700511720,0.603380,0.603570,0.603370,0.603570
1700511780,0.603580,0.603610,0.603450,0.603560
1700511840,0.603520,0.603540,0.603500,0.603510
1700511900,0.603490,0.603530,0.603460,0.603510
1700511960,0.603510,0.603610,0.603510,0.603610
1700512020,0.603610,0.603610,0.603580,0.603580
1700512080,0.603580,0.603580,0.603560,0.603560
1700512140,0.603560,0.603570,0.603520,0.603570
1700512200,0.603550,0.603630,0.603550,0.603630
1700512260,0.603630,0.603630,0.603610,0.603620
1700512320,0.603630,0.603640,0.603620,0.603640
1700512380,0.603630,0.603720,0.603620,0.603710
1700512440,0.603700,0.603790,0.603700,0.603720
1700512500,0.603720,0.603720,0.603600,0.603710
1700512560,0.603690,0.603730,0.603690,0.603710
1700512620,0.603720,0.603780,0.603710,0.603770
1700512680,0.603820,0.603820,0.603730,0.603730
1700512740,0.603720,0.603780,0.603720,0.603730
1700512800,0.603770,0.603780,0.603720,0.603720
1700512860,0.603730,0.603810,0.603730,0.603800
1700512920,0.603810,0.603840,0.603810,0.603820
1700512980,0.603830,0.603830,0.603820,0.603820
1700513040,0.603820,0.603850,0.603820,0.603850
1700513100,0.603830,0.603880,0.603830,0.603840
1700513160,0.603860,0.603860,0.603790,0.603800
1700513220,0.603820,0.603820,0.603740,0.603740
1700513280,0.603760,0.603770,0.603740,0.603750
1700513340,0.603750,0.603750,0.603710,0.603750
1700513400,0.603730,0.603760,0.603710,0.603720
1700513460,0.603710,0.603720,0.603670,0.603690
1700513520,0.603690,0.603780,0.603650,0.603730
1700513580,0.603720,0.603730,0.603620,0.603640
1700513640,0.603650,0.603660,0.603610,0.603610
1700513700,0.603620,0.603650,0.603580,0.603640
1700513760,0.603670,0.603780,0.603670,0.603730
1700513820,0.603740,0.603850,0.603740,0.603840
1700513880,0.603850,0.603850,0.603760,0.603790
1700513940,0.603780,0.603930,0.603780,0.603920
1700514000,0.603920,0.603920,0.603880,0.603880
1700514060,0.603890,0.603900,0.603820,0.603850
1700514120,0.603840,0.603840,0.603790,0.603790
1700514180,0.603800,0.603810,0.603780,0.603790
1700514240,0.603800,0.603840,0.603790,0.603830
1700514300,0.603830,0.603860,0.603820,0.603840
1700514360,0.603840,0.603860,0.603820,0.603830
1700514420,0.603850,0.603850,0.603850,0.603850
1700514480,0.603890,0.603890,0.603850,0.603880
1700514540,0.603890,0.603890,0.603860,0.603870
1700514600,0.603860,0.603860,0.603760,0.603850
1700514660,0.603820,0.603840,0.603790,0.603840
1700514720,0.603860,0.603860,0.603780,0.603830
1700514780,0.603850,0.603850,0.603780,0.603780
1700514840,0.603770,0.603790,0.603720,0.603780
1700514900,0.603760,0.603780,0.603700,0.603720
1700514960,0.603740,0.603790,0.603740,0.603790
1700515020,0.603780,0.603780,0.603780,0.603780
1700515080,0.603770,0.603790,0.603770,0.603790
1700515140,0.603790,0.603820,0.603790,0.603800
1700515200,0.603780,0.603780,0.603720,0.603750
1700515320,0.603770,0.603780,0.603770,0.603770
1700515380,0.603780,0.603830,0.603780,0.603820
1700515440,0.603840,0.603840,0.603820,0.603830
1700515500,0.603850,0.603860,0.603850,0.603860
1700515560,0.603880,0.603940,0.603880,0.603910
1700515680,0.603890,0.603890,0.603870,0.603870
1700515740,0.603830,0.603830,0.603750,0.603750
1700515800,0.603760,0.603790,0.603760,0.603790
1700515860,0.603790,0.603790,0.603690,0.603690
1700515920,0.603690,0.603710,0.603690,0.603710
1700515980,0.603650,0.603650,0.603610,0.603610
1700516040,0.603650,0.603650,0.603570,0.603570
1700516100,0.603560,0.603560,0.603550,0.603560
1700516160,0.603580,0.603580,0.603560,0.603570
1700516220,0.603560,0.603560,0.603560,0.603560
1700516280,0.603530,0.603530,0.603520,0.603520
1700516340,0.603520,0.603520,0.603500,0.603510
1700516400,0.603520,0.603600,0.603520,0.603590
1700516460,0.603600,0.603650,0.603600,0.603610
1700516520,0.603640,0.603640,0.603610,0.603610
1700516580,0.603620,0.603620,0.603560,0.603560
1700516640,0.603580,0.603590,0.603530,0.603550
1700516700,0.603540,0.603580,0.603530,0.603550
1700516760,0.603550,0.603560,0.603500,0.603560
1700516820,0.603570,0.603590,0.603550,0.603560
1700516880,0.603560,0.603600,0.603550,0.603570
1700516940,0.603580,0.603600,0.603560,0.603580
1700517000,0.603560,0.603580,0.603560,0.603570
1700517060,0.603580,0.603580,0.603570,0.603570
1700517120,0.603590,0.603590,0.603560,0.603560
1700517180,0.603570,0.603590,0.603560,0.603560
1700517240,0.603570,0.603590,0.603560,0.603590
1700517300,0.603580,0.603590,0.603550,0.603590
1700517360,0.603590,0.603620,0.603590,0.603600
1700517420,0.603610,0.603630,0.603580,0.603590
1700517480,0.603580,0.603590,0.603570,0.603580
1700517540,0.603580,0.603600,0.603540,0.603550
1700517600,0.603550,0.603550,0.603240,0.603240
1700517660,0.602990,0.603010,0.602990,0.603010
1700517720,0.602750,0.602750,0.602750,0.602750
1700517780,0.603040,0.603040,0.603030,0.603030
1700517840,0.601860,0.603030,0.601860,0.603030
1700517900,0.603050,0.603420,0.602820,0.603420
1700517960,0.603240,0.603240,0.603030,0.603090
1700518020,0.603170,0.603480,0.603160,0.603480
1700518080,0.603430,0.603430,0.603430,0.603430
1700518140,0.603430,0.603640,0.603430,0.603630
1700518200,0.603640,0.603640,0.603240,0.603240
1700518260,0.603140,0.603320,0.603130,0.603160
1700518320,0.603150,0.603590,0.603130,0.603550
1700518380,0.603580,0.603580,0.603550,0.603570
1700518440,0.603640,0.603640,0.603610,0.603620
1700518500,0.603630,0.603630,0.603500,0.603550
1700518560,0.603570,0.603570,0.603570,0.603570
1700518620,0.603500,0.603530,0.603490,0.603530
1700518680,0.603540,0.603570,0.603350,0.603350
1700518740,0.603360,0.603360,0.603300,0.603300
1700518800,0.603350,0.603470,0.603350,0.603360
1700518860,0.603330,0.603620,0.603320,0.603610
1700518920,0.603640,0.603750,0.603520,0.603540
1700518980,0.603600,0.603600,0.603480,0.603540
1700519040,0.603590,0.603600,0.603020,0.603430
1700519100,0.603430,0.603520,0.603430,0.603480
1700519160,0.603500,0.603600,0.603380,0.603600
1700519220,0.603610,0.603620,0.603420,0.603430
1700519280,0.603430,0.603450,0.603430,0.603450
1700519340,0.603440,0.603450,0.603440,0.603440
1700519400,0.603430,0.603450,0.603430,0.603440
1700519460,0.603440,0.603450,0.603430,0.603430
1700519520,0.603440,0.603590,0.603440,0.603590
1700519580,0.603600,0.603600,0.603500,0.603510
1700519640,0.603500,0.603510,0.603480,0.603490
1700519700,0.603510,0.603530,0.603500,0.603530
1700519760,0.603510,0.603610,0.603500,0.603570
1700519820,0.603570,0.603610,0.603520,0.603610
1700519880,0.603590,0.603600,0.603590,0.603590
1700519940,0.603500,0.603500,0.603490,0.603500
1700520000,0.603490,0.603600,0.603490,0.603600
1700520060,0.603500,0.603610,0.603500,0.603570
1700520120,0.603590,0.603600,0.603500,0.603540
1700520180,0.603490,0.603540,0.603470,0.603480
1700520240,0.603460,0.603470,0.603450,0.603450
1700520300,0.603460,0.603460,0.603420,0.603430
1700520360,0.603500,0.603500,0.603430,0.603430
1700520420,0.603430,0.603450,0.603400,0.603410
1700520480,0.603430,0.603610,0.603430,0.603600
1700520540,0.603570,0.603610,0.603540,0.603610
1700520600,0.603590,0.603640,0.603570,0.603620
1700520660,0.603600,0.603650,0.603580,0.603600
1700520720,0.603640,0.603650,0.603600,0.603640
1700520780,0.603640,0.603650,0.603380,0.603570
1700520840,0.603560,0.603590,0.603510,0.603550
1700520900,0.603550,0.603610,0.603520,0.603560
1700520960,0.603540,0.603710,0.603530,0.603600
1700521020,0.603590,0.603680,0.603550,0.603580
1700521080,0.603580,0.603700,0.603520,0.603600
1700521140,0.603600,0.603600,0.603210,0.603270
1700521200,0.603260,0.603780,0.603230,0.603780
1700521260,0.603830,0.603830,0.603670,0.603730
1700521320,0.603730,0.603970,0.603730,0.603860
1700521380,0.603860,0.603920,0.603840,0.603890
1700521440,0.603920,0.603940,0.603920,0.603940
1700521500,0.603940,0.604080,0.603940,0.604070
1700521560,0.604080,0.604120,0.604070,0.604100
1700521620,0.604100,0.604100,0.604080,0.604090
1700521680,0.604100,0.604100,0.604090,0.604100
1700521740,0.604120,0.604130,0.604090,0.604130
1700521800,0.604120,0.604120,0.604040,0.604040
1700521860,0.604060,0.604060,0.603970,0.603980
1700521920,0.603970,0.604000,0.603870,0.603880
1700521980,0.603870,0.603920,0.603870,0.603870
1700522040,0.603900,0.603920,0.603890,0.603920
1700522100,0.603920,0.603950,0.603920,0.603940
1700522160,0.603960,0.603970,0.603930,0.603960
1700522220,0.603940,0.603960,0.603900,0.603960
1700522280,0.603960,0.603970,0.603940,0.603960
1700522340,0.603950,0.603950,0.603950,0.603950
1700522400,0.603940,0.603980,0.603940,0.603980
1700522460,0.604010,0.604020,0.603990,0.603990
1700522520,0.604000,0.604000,0.603990,0.604000
1700522580,0.604020,0.604020,0.603980,0.603980
1700522640,0.603980,0.604020,0.603970,0.603990
1700522700,0.604010,0.604010,0.604000,0.604000
1700522760,0.604010,0.604010,0.604010,0.604010
1700522820,0.604010,0.604020,0.603950,0.603960
1700522880,0.603960,0.603970,0.603930,0.603940
1700522940,0.603930,0.603930,0.603900,0.603930
1700523000,0.603930,0.603930,0.603900,0.603900
1700523060,0.603880,0.603880,0.603880,0.603880
1700523120,0.603930,0.603970,0.603930,0.603960
1700523180,0.603950,0.604000,0.603940,0.603990
1700523240,0.604000,0.604010,0.603990,0.604000
1700523300,0.603980,0.603980,0.603890,0.603910
1700523360,0.603900,0.603910,0.603870,0.603880
1700523480,0.603880,0.603890,0.603870,0.603880
1700523540,0.603880,0.603880,0.603880,0.603880
1700523600,0.603870,0.603870,0.603830,0.603830
1700523660,0.603830,0.603830,0.603800,0.603820
1700523720,0.603830,0.603850,0.603830,0.603850
1700523780,0.603850,0.603910,0.603850,0.603900
1700523840,0.603890,0.603890,0.603890,0.603890
1700523900,0.603860,0.603860,0.603810,0.603810
1700523960,0.603790,0.603790,0.603750,0.603750
1700524020,0.603760,0.603770,0.603730,0.603730
1700524080,0.603730,0.603770,0.603730,0.603740
1700524140,0.603750,0.603750,0.603720,0.603720
1700524200,0.603760,0.603800,0.603760,0.603770
1700524260,0.603780,0.603890,0.603780,0.603830
1700524320,0.603840,0.603860,0.603820,0.603820
1700524380,0.603840,0.603850,0.603840,0.603850
1700524440,0.603850,0.603850,0.603830,0.603830
1700524500,0.603830,0.603830,0.603780,0.603800
1700524560,0.603810,0.603870,0.603810,0.603850
1700524620,0.603850,0.603870,0.603840,0.603870
1700524680,0.603850,0.603940,0.603850,0.603930
1700524740,0.603930,0.603950,0.603910,0.603920
1700524800,0.603900,0.604010,0.603890,0.604010
1700524860,0.603990,0.604000,0.603910,0.603930
1700524920,0.603910,0.603930,0.603850,0.603850
1700524980,0.603860,0.603860,0.603820,0.603860
1700525040,0.603850,0.603870,0.603790,0.603790
1700525100,0.603810,0.603820,0.603660,0.603710
1700525160,0.603720,0.603850,0.603720,0.603850
1700525220,0.603840,0.603870,0.603790,0.603840
1700525280,0.603870,0.603870,0.603630,0.603650
1700525340,0.603640,0.603660,0.603610,0.603640
1700525400,0.603650,0.603720,0.603620,0.603700
1700525460,0.603710,0.603800,0.603710,0.603770
1700525520,0.603760,0.603860,0.603760,0.603860
1700525580,0.603840,0.603860,0.603820,0.603840
1700525640,0.603860,0.603860,0.603810,0.603850
1700525700,0.603840,0.603910,0.603800,0.603900
1700525760,0.603890,0.603950,0.603730,0.603730
1700525820,0.603700,0.603760,0.603700,0.603700
1700525880,0.603680,0.603880,0.603650,0.603650
1700525940,0.603630,0.603650,0.603600,0.603650
1700526000,0.603640,0.603740,0.603620,0.603740
1700526060,0.603730,0.603750,0.603720,0.603720
1700526120,0.603730,0.603730,0.603670,0.603720
1700526180,0.603730,0.603860,0.603680,0.603840
1700526240,0.603860,0.603880,0.603820,0.603820
1700526300,0.603830,0.603880,0.603830,0.603860
1700526360,0.603870,0.603940,0.603800,0.603800
1700526420,0.603800,0.603800,0.603740,0.603740
1700526480,0.603740,0.603820,0.603710,0.603820
1700526540,0.603830,0.603880,0.603820,0.603860
1700526600,0.603870,0.604030,0.603850,0.604030
1700526660,0.604030,0.604140,0.603990,0.604140
1700526720,0.604150,0.604230,0.604100,0.604220
1700526780,0.604210,0.604370,0.604180,0.604340
1700526840,0.604320,0.604420,0.604310,0.604330
1700526900,0.604330,0.604340,0.604270,0.604270
1700526960,0.604290,0.604360,0.604280,0.604300
1700527020,0.604320,0.604340,0.604210,0.604250
1700527080,0.604250,0.604360,0.604230,0.604360
1700527140,0.604380,0.604380,0.604280,0.604310
1700527200,0.604320,0.604420,0.604270,0.604420
1700527260,0.604420,0.604420,0.604330,0.604350
1700527320,0.604300,0.604310,0.604250,0.604260
1700527380,0.604270,0.604270,0.604200,0.604240
1700527440,0.604250,0.604270,0.604180,0.604240
1700527500,0.604230,0.604380,0.604220,0.604380
1700527560,0.604390,0.604430,0.604370,0.604420
1700527620,0.604420,0.604460,0.604380,0.604410
1700527680,0.604440,0.604560,0.604420,0.604490
1700527740,0.604490,0.604560,0.604480,0.604560
1700527800,0.604570,0.604620,0.604430,0.604610
1700527860,0.604620,0.604620,0.604560,0.604600
1700527920,0.604640,0.604800,0.604620,0.604740
1700527980,0.604740,0.604770,0.604680,0.604690
1700528040,0.604700,0.604740,0.604590,0.604660
1700528100,0.604640,0.604660,0.604510,0.604520
1700528160,0.604510,0.604520,0.604400,0.604420
1700528220,0.604440,0.604440,0.604340,0.604400
1700528280,0.604420,0.604420,0.604230,0.604320
1700528340,0.604310,0.604400,0.604310,0.604370
1700528400,0.604380,0.604480,0.604290,0.604480
1700528460,0.604490,0.604530,0.604440,0.604500
1700528520,0.604490,0.604490,0.604370,0.604370
1700528580,0.604390,0.604450,0.604320,0.604330
1700528640,0.604310,0.604350,0.604250,0.604290
1700528700,0.604270,0.604310,0.604220,0.604260
1700528760,0.604240,0.604260,0.604000,0.604040
1700528820,0.604040,0.604160,0.604020,0.604070
1700528880,0.604080,0.604330,0.604020,0.604310
1700528940,0.604310,0.604510,0.604280,0.604510
1700529000,0.604510,0.604530,0.604120,0.604120
1700529060,0.604120,0.604140,0.604000,0.604140
1700529120,0.604110,0.604120,0.604030,0.604030
1700529180,0.604040,0.604350,0.604030,0.604320
1700529240,0.604340,0.604400,0.604310,0.604390
1700529300,0.604380,0.604820,0.604280,0.604720
1700529360,0.604710,0.604940,0.604680,0.604740
1700529420,0.604730,0.604870,0.604700,0.604700
1700529480,0.604680,0.604730,0.604650,0.604660
1700529540,0.604650,0.604870,0.604540,0.604860
1700529600,0.604860,0.605120,0.604830,0.604980
1700529660,0.604980,0.604980,0.604840,0.604950
1700529720,0.604940,0.605080,0.604890,0.605080
1700529780,0.605090,0.605190,0.605070,0.605070
1700529840,0.605090,0.605160,0.605040,0.605110
1700529900,0.605090,0.605160,0.604980,0.605150
1700529960,0.605190,0.605260,0.605080,0.605230
1700530020,0.605230,0.605440,0.605190,0.605380
1700530080,0.605400,0.605540,0.605390,0.605490
1700530140,0.605510,0.605670,0.605460,0.605660
1700530200,0.605650,0.605750,0.605590,0.605590
1700530260,0.605610,0.605640,0.605390,0.605420
1700530320,0.605410,0.605410,0.605070,0.605070
1700530380,0.605080,0.605210,0.605070,0.605160
1700530440,0.605180,0.605420,0.605160,0.605400
1700530500,0.605420,0.605430,0.605110,0.605110
1700530560,0.605100,0.605350,0.605100,0.605260
1700530620,0.605280,0.605290,0.605170,0.605240
1700530680,0.605230,0.605320,0.605170,0.605230
1700530740,0.605220,0.605360,0.605210,0.605330
1700530800,0.605340,0.605380,0.605180,0.605190
1700530860,0.605200,0.605220,0.604960,0.605120
1700530920,0.605110,0.605170,0.604970,0.605080
1700530980,0.605080,0.605090,0.604920,0.605070
1700531040,0.605090,0.605140,0.604970,0.604970
1700531100,0.604980,0.605110,0.604970,0.605050
1700531160,0.605060,0.605380,0.605060,0.605240
1700531220,0.605220,0.605450,0.605200,0.605420
1700531280,0.605410,0.605410,0.605280,0.605310
1700531340,0.605300,0.605360,0.605270,0.605270
1700531400,0.605270,0.605340,0.605190,0.605340
1700531460,0.605350,0.605520,0.605320,0.605380
1700531520,0.605370,0.605370,0.605050,0.605130
1700531580,0.605150,0.605240,0.605120,0.605120
1700531640,0.605130,0.605320,0.605110,0.605310
1700531700,0.605300,0.605370,0.605230,0.605330
1700531760,0.605350,0.605390,0.605280,0.605350
1700531820,0.605310,0.605400,0.605280,0.605370
1700531880,0.605360,0.605370,0.605280,0.605340
1700531940,0.605350,0.605470,0.605350,0.605470
1700532000,0.605470,0.605540,0.605330,0.605490
1700532060,0.605520,0.605520,0.605250,0.605330
1700532120,0.605330,0.605380,0.605230,0.605380
1700532180,0.605380,0.605410,0.605260,0.605260
1700532240,0.605240,0.605240,0.605110,0.605130
1700532300,0.605150,0.605190,0.605010,0.605010
1700532360,0.605030,0.605140,0.605000,0.605080
1700532420,0.605080,0.605200,0.605060,0.605200
1700532480,0.605190,0.605210,0.605060,0.605070
1700532540,0.605070,0.605260,0.604980,0.605170
1700532600,0.605190,0.605510,0.605190,0.605510
1700532660,0.605540,0.605580,0.605450,0.605570
1700532720,0.605560,0.605610,0.605450,0.605490
1700532780,0.605480,0.606040,0.605470,0.606000
1700532840,0.606020,0.606130,0.605970,0.606080
1700532900,0.606070,0.606310,0.606010,0.606170
1700532960,0.606180,0.606180,0.605970,0.606000
1700533020,0.606000,0.606040,0.605910,0.605950
1700533080,0.605960,0.605960,0.605790,0.605860
1700533140,0.605850,0.605920,0.605750,0.605750
1700533200,0.605740,0.605780,0.605640,0.605710
1700533260,0.605720,0.605890,0.605710,0.605860
1700533320,0.605880,0.605990,0.605820,0.605910
1700533380,0.605930,0.605930,0.605770,0.605820
1700533440,0.605840,0.605990,0.605830,0.605990
1700533500,0.605970,0.606020,0.605870,0.605880
1700533560,0.605880,0.605920,0.605810,0.605870
1700533620,0.605880,0.605880,0.605690,0.605690
1700533680,0.605730,0.605730,0.605490,0.605520
1700533740,0.605530,0.605600,0.605420,0.605420
1700533800,0.605460,0.605920,0.605420,0.605920
1700533860,0.605890,0.605940,0.605700,0.605760
1700533920,0.605770,0.605800,0.605750,0.605790
1700533980,0.605770,0.605840,0.605760,0.605820
1700534040,0.605840,0.605940,0.605830,0.605910
1700534100,0.605910,0.606060,0.605910,0.606020
1700534160,0.606040,0.606100,0.606020,0.606060
1700534220,0.606060,0.606100,0.606010,0.606050
1700534280,0.606040,0.606080,0.605880,0.605880
1700534340,0.605890,0.606040,0.605890,0.606030
1700534400,0.606040,0.606080,0.606000,0.606080
1700534460,0.606090,0.606260,0.606080,0.606170
1700534520,0.606190,0.606260,0.606150,0.606250
1700534580,0.606280,0.606580,0.606280,0.606560
1700534640,0.606520,0.606670,0.606520,0.606620
1700534700,0.606600,0.606600,0.606440,0.606550
1700534760,0.606550,0.606560,0.606470,0.606530
1700534820,0.606510,0.606600,0.606510,0.606580
1700534880,0.606580,0.606770,0.606500,0.606530
1700534940,0.606530,0.606620,0.606450,0.606600
1700535000,0.606600,0.606630,0.606450,0.606620
1700535060,0.606610,0.606730,0.606600,0.606700
1700535120,0.606710,0.606830,0.606670,0.606830
1700535180,0.606820,0.606870,0.606580,0.606670
1700535240,0.606690,0.606790,0.606620,0.606750
1700535300,0.606770,0.607000,0.606740,0.606940
1700535360,0.606930,0.606980,0.606840,0.606920
1700535420,0.606900,0.606950,0.606860,0.606930
1700535480,0.606930,0.606930,0.606760,0.606770
1700535540,0.606770,0.606780,0.606700,0.606700
1700535600,0.606680,0.606710,0.606610,0.606610
1700535660,0.606590,0.606590,0.606470,0.606480
1700535720,0.606490,0.606500,0.606420,0.606470
1700535780,0.606490,0.606610,0.606470,0.606600
1700535840,0.606590,0.606680,0.606570,0.606650
1700535900,0.606640,0.606740,0.606620,0.606630
1700535960,0.606620,0.606750,0.606610,0.606680
1700536020,0.606690,0.606800,0.606600,0.606710
1700536080,0.606710,0.606730,0.606620,0.606640
1700536140,0.606670,0.606730,0.606620,0.606630
1700536200,0.606650,0.606660,0.606520,0.606560
1700536260,0.606550,0.606570,0.606400,0.606560
1700536320,0.606580,0.606640,0.606400,0.606400
1700536380,0.606420,0.606450,0.606380,0.606410
1700536440,0.606400,0.606480,0.606360,0.606400
1700536500,0.606390,0.606480,0.606390,0.606480
1700536560,0.606490,0.606520,0.606450,0.606450
1700536620,0.606450,0.606520,0.606440,0.606500
1700536680,0.606490,0.606570,0.606440,0.606540
1700536740,0.606570,0.606590,0.606480,0.606520
1700536800,0.606580,0.606700,0.606580,0.606670
1700536860,0.606650,0.606850,0.606590,0.606850
1700536920,0.606830,0.606860,0.606700,0.606770
1700536980,0.606780,0.606810,0.606730,0.606810
1700537040,0.606810,0.606910,0.606720,0.606850
1700537100,0.606840,0.606980,0.606770,0.606960
1700537160,0.606950,0.606970,0.606900,0.606950
1700537220,0.606930,0.606930,0.606790,0.606800
1700537280,0.606810,0.606850,0.606810,0.606830
1700537340,0.606850,0.606960,0.606850,0.606910
1700537400,0.606910,0.606910,0.606840,0.606870
1700537460,0.606890,0.606910,0.606850,0.606900
1700537520,0.606890,0.607020,0.606890,0.606950
1700537580,0.606940,0.606950,0.606880,0.606900
1700537640,0.606900,0.606970,0.606900,0.606920
1700537700,0.606920,0.606960,0.606850,0.606950
1700537760,0.606960,0.607030,0.606930,0.607000
1700537820,0.607010,0.607060,0.606980,0.607000
1700537880,0.607030,0.607200,0.607020,0.607170
1700537940,0.607190,0.607210,0.607170,0.607180
1700538000,0.607190,0.607220,0.607170,0.607210
1700538060,0.607190,0.607220,0.607020,0.607020
1700538120,0.607040,0.607090,0.607020,0.607080
1700538180,0.607070,0.607210,0.607060,0.607190
1700538240,0.607190,0.607210,0.607110,0.607170
1700538300,0.607170,0.607310,0.607170,0.607240
1700538360,0.607230,0.607230,0.607160,0.607170
1700538420,0.607190,0.607210,0.607010,0.607020
1700538480,0.606990,0.607080,0.606970,0.607040
1700538540,0.607040,0.607110,0.607000,0.607110
1700538600,0.607120,0.607120,0.607020,0.607030
1700538660,0.607050,0.607210,0.607050,0.607180
1700538720,0.607210,0.607310,0.607190,0.607220
1700538780,0.607220,0.607260,0.607220,0.607230
1700538840,0.607260,0.607260,0.607180,0.607230
1700538900,0.607210,0.607270,0.607160,0.607170
1700538960,0.607180,0.607220,0.607150,0.607150
1700539020,0.607150,0.607200,0.607050,0.607170
1700539080,0.607180,0.607380,0.607180,0.607370
1700539140,0.607350,0.607350,0.607260,0.607270
1700539200,0.607240,0.607240,0.607080,0.607210
1700539260,0.607210,0.607290,0.607200,0.607230
1700539320,0.607220,0.607230,0.607200,0.607230
1700539380,0.607210,0.607210,0.607160,0.607200
1700539440,0.607220,0.607360,0.607220,0.607340
1700539500,0.607330,0.607330,0.607220,0.607280
1700539560,0.607290,0.607320,0.607240,0.607240
1700539620,0.607250,0.607310,0.607250,0.607270
1700539680,0.607280,0.607360,0.607260,0.607320
1700539740,0.607330,0.607400,0.607330,0.607390
1700539800,0.607390,0.607440,0.607380,0.607380
1700539860,0.607400,0.607400,0.607300,0.607330
1700539920,0.607330,0.607400,0.607310,0.607390
1700539980,0.607390,0.607400,0.607270,0.607270
1700540040,0.607270,0.607310,0.607260,0.607270
1700540100,0.607260,0.607290,0.607210,0.607220
1700540160,0.607200,0.607270,0.607170,0.607250
1700540220,0.607250,0.607290,0.607160,0.607200
1700540280,0.607170,0.607200,0.607130,0.607160
1700540340,0.607170,0.607170,0.607060,0.607070
1700540400,0.607030,0.607160,0.607010,0.607080
1700540460,0.607070,0.607070,0.606910,0.606920
1700540520,0.606980,0.607000,0.606950,0.606960
1700540580,0.606950,0.606990,0.606940,0.606970
1700540640,0.606970,0.606970,0.606870,0.606910
1700540700,0.606890,0.606900,0.606860,0.606860
1700540760,0.606870,0.606890,0.606800,0.606820
1700540820,0.606830,0.606840,0.606820,0.606830
1700540880,0.606850,0.606900,0.606850,0.606890
1700540940,0.606880,0.606900,0.606870,0.606870
1700541000,0.606850,0.606870,0.606780,0.606860
1700541060,0.606870,0.607100,0.606870,0.607000
1700541120,0.606980,0.607050,0.606920,0.607050
1700541180,0.607040,0.607040,0.606940,0.606940
1700541240,0.606950,0.606990,0.606920,0.606970
1700541300,0.606970,0.606990,0.606940,0.606990
1700541360,0.607000,0.607000,0.606830,0.606850
1700541420,0.606860,0.606860,0.606780,0.606840
1700541480,0.606830,0.606830,0.606740,0.606750
1700541540,0.606760,0.606780,0.606690,0.606700
1700541600,0.606710,0.606730,0.606660,0.606670
1700541660,0.606680,0.606730,0.606640,0.606660
1700541720,0.606660,0.606700,0.606660,0.606670
1700541780,0.606660,0.606730,0.606650,0.606720
1700541840,0.606700,0.606720,0.606650,0.606650
1700541900,0.606660,0.606710,0.606650,0.606660
1700541960,0.606670,0.606680,0.606540,0.606590
1700542020,0.606570,0.606670,0.606560,0.606670
1700542080,0.606650,0.606660,0.606520,0.606520
1700542140,0.606510,0.606540,0.606330,0.606350
1700542200,0.606360,0.606380,0.606250,0.606330
1700542260,0.606350,0.606420,0.606350,0.606410
1700542320,0.606410,0.606510,0.606390,0.606410
1700542380,0.606410,0.606470,0.606310,0.606320
1700542440,0.606310,0.606430,0.606270,0.606430
1700542500,0.606450,0.606580,0.606430,0.606470
1700542560,0.606480,0.606480,0.606420,0.606420
1700542620,0.606430,0.606460,0.606420,0.606450
1700542680,0.606450,0.606450,0.606410,0.606450
1700542740,0.606450,0.606490,0.606450,0.606470
