time,open,high,low,close
1705986000,1.272750,1.272840,1.272750,1.272800
1705986060,1.272800,1.272830,1.272710,1.272710
1705986120,1.272730,1.272790,1.272700,1.272710
1705986180,1.272740,1.272790,1.272660,1.272780
1705986240,1.272770,1.272830,1.272690,1.272810
1705986300,1.272800,1.272810,1.272730,1.272770
1705986360,1.272760,1.272810,1.272740,1.272810
1705986420,1.272820,1.272910,1.272820,1.272890
1705986480,1.272890,1.272900,1.272850,1.272850
1705986540,1.272870,1.272900,1.272870,1.272900
1705986600,1.272900,1.272900,1.272790,1.272810
1705986660,1.272810,1.272810,1.272760,1.272780
1705986720,1.272790,1.272800,1.272740,1.272760
1705986780,1.272750,1.272750,1.272690,1.272690
1705986840,1.272700,1.272720,1.272660,1.272670
1705986900,1.272660,1.272710,1.272650,1.272690
1705986960,1.272700,1.272710,1.272570,1.272590
1705987020,1.272590,1.272620,1.272570,1.272610
1705987080,1.272620,1.272650,1.272570,1.272590
1705987140,1.272590,1.272690,1.272580,1.272680
1705987200,1.272700,1.272740,1.272690,1.272700
1705987260,1.272710,1.272810,1.272710,1.272810
1705987320,1.272810,1.272810,1.272770,1.272780
1705987380,1.272770,1.272900,1.272770,1.272900
1705987440,1.272880,1.272910,1.272810,1.272820
1705987500,1.272830,1.272890,1.272770,1.272880
1705987560,1.272870,1.272890,1.272830,1.272870
1705987620,1.272880,1.272890,1.272860,1.272890
1705987680,1.272890,1.272950,1.272890,1.272920
1705987740,1.272930,1.273010,1.272930,1.273010
1705987800,1.273070,1.273190,1.273030,1.273190
1705987860,1.273180,1.273330,1.273180,1.273190
1705987920,1.273220,1.273280,1.273190,1.273270
1705987980,1.273290,1.273290,1.273190,1.273200
1705988040,1.273200,1.273220,1.273130,1.273210
1705988100,1.273210,1.273400,1.273200,1.273390
1705988160,1.273400,1.273510,1.273400,1.273490
1705988220,1.273500,1.273500,1.273330,1.273340
1705988280,1.273330,1.273380,1.273330,1.273370
1705988340,1.273390,1.273420,1.273380,1.273390
1705988400,1.273370,1.273440,1.273370,1.273380
1705988460,1.273390,1.273430,1.273370,1.273420
1705988520,1.273410,1.273440,1.273380,1.273410
1705988580,1.273400,1.273420,1.273350,1.273400
1705988640,1.273390,1.273450,1.273370,1.273440
1705988700,1.273440,1.273590,1.273440,1.273510
1705988760,1.273520,1.273590,1.273510,1.273540
1705988820,1.273570,1.273620,1.273530,1.273590
1705988880,1.273630,1.273650,1.273560,1.273580
1705988940,1.273570,1.273580,1.273510,1.273510
1705989000,1.273530,1.273560,1.273510,1.273560
1705989060,1.273540,1.273540,1.273390,1.273390
1705989120,1.273400,1.273510,1.273360,1.273500
1705989180,1.273470,1.273510,1.273460,1.273490
1705989240,1.273500,1.273560,1.273490,1.273540
1705989300,1.273550,1.273640,1.273550,1.273620
1705989360,1.273630,1.273680,1.273610,1.273680
1705989420,1.273670,1.273810,1.273660,1.273800
1705989480,1.273820,1.273840,1.273780,1.273810
1705989540,1.273800,1.273810,1.273670,1.273690
1705989600,1.273700,1.273750,1.273580,1.273710
1705989660,1.273730,1.273740,1.273580,1.273660
1705989720,1.273670,1.273750,1.273660,1.273670
1705989780,1.273680,1.273810,1.273660,1.273770
1705989840,1.273790,1.273820,1.273760,1.273800
1705989900,1.273820,1.273840,1.273610,1.273670
1705989960,1.273660,1.273680,1.273500,1.273550
1705990020,1.273570,1.273630,1.273360,1.273440
1705990080,1.273450,1.273520,1.273380,1.273490
1705990140,1.273540,1.273610,1.273470,1.273570
1705990200,1.273580,1.273630,1.273440,1.273590
1705990260,1.273640,1.273670,1.273560,1.273650
1705990320,1.273660,1.273670,1.273520,1.273610
1705990380,1.273600,1.273650,1.273460,1.273590
1705990440,1.273600,1.273630,1.273440,1.273550
1705990500,1.273560,1.273580,1.273490,1.273540
1705990560,1.273560,1.273650,1.273520,1.273650
1705990620,1.273640,1.273650,1.273450,1.273460
1705990680,1.273460,1.273570,1.273440,1.273570
1705990740,1.273570,1.273590,1.273530,1.273560
1705990800,1.273560,1.273620,1.273540,1.273560
1705990860,1.273590,1.273780,1.273570,1.273760
1705990920,1.273780,1.273850,1.273750,1.273840
1705990980,1.273850,1.273860,1.273790,1.273800
1705991040,1.273820,1.273860,1.273800,1.273830
1705991100,1.273840,1.273860,1.273780,1.273840
1705991160,1.273850,1.273950,1.273830,1.273940
1705991220,1.273950,1.274270,1.273940,1.274250
1705991280,1.274250,1.274350,1.274250,1.274310
1705991340,1.274310,1.274390,1.274310,1.274370
1705991400,1.274370,1.274380,1.274170,1.274190
1705991460,1.274200,1.274320,1.274140,1.274230
1705991520,1.274230,1.274260,1.274160,1.274260
1705991580,1.274240,1.274320,1.274220,1.274260
1705991640,1.274300,1.274340,1.274230,1.274250
1705991700,1.274250,1.274340,1.274240,1.274290
1705991760,1.274310,1.274330,1.274190,1.274250
1705991820,1.274240,1.274340,1.274190,1.274250
1705991880,1.274260,1.274290,1.274020,1.274050
1705991940,1.274040,1.274320,1.274020,1.274270
1705992000,1.274270,1.274480,1.274250,1.274270
1705992060,1.274270,1.274320,1.274170,1.274270
1705992120,1.274260,1.274370,1.274200,1.274360
1705992180,1.274350,1.274490,1.274330,1.274470
1705992240,1.274470,1.274540,1.274350,1.274350
1705992300,1.274370,1.274400,1.274320,1.274390
1705992360,1.274420,1.274450,1.274360,1.274430
1705992420,1.274440,1.274550,1.274370,1.274450
1705992480,1.274460,1.274580,1.274430,1.274550
1705992540,1.274570,1.274580,1.274430,1.274450
1705992600,1.274440,1.274560,1.274440,1.274460
1705992660,1.274470,1.274520,1.274420,1.274440
1705992720,1.274460,1.274530,1.274400,1.274460
1705992780,1.274470,1.274500,1.274400,1.274430
1705992840,1.274430,1.274520,1.274380,1.274510
1705992900,1.274540,1.274580,1.274470,1.274570
1705992960,1.274580,1.274600,1.274470,1.274540
1705993020,1.274530,1.274630,1.274450,1.274580
1705993080,1.274570,1.274610,1.274530,1.274580
1705993140,1.274580,1.274590,1.274480,1.274540
1705993200,1.274550,1.274550,1.274120,1.274140
1705993260,1.274150,1.274320,1.274140,1.274320
1705993320,1.274330,1.274550,1.274330,1.274370
1705993380,1.274410,1.274610,1.274350,1.274350
1705993440,1.274360,1.274630,1.274360,1.274600
1705993500,1.274600,1.274620,1.274500,1.274520
1705993560,1.274540,1.274670,1.274540,1.274570
1705993620,1.274580,1.274660,1.274550,1.274550
1705993680,1.274570,1.274610,1.274460,1.274480
1705993740,1.274490,1.274610,1.274480,1.274530
1705993800,1.274530,1.274600,1.274430,1.274430
1705993860,1.274430,1.274450,1.274300,1.274430
1705993920,1.274440,1.274560,1.274420,1.274450
1705993980,1.274440,1.274460,1.274340,1.274440
1705994040,1.274440,1.274590,1.274440,1.274560
1705994100,1.274540,1.274610,1.274430,1.274560
1705994160,1.274580,1.274580,1.274370,1.274400
1705994220,1.274420,1.274550,1.274380,1.274460
1705994280,1.274470,1.274510,1.274370,1.274380
1705994340,1.274370,1.274430,1.274270,1.274270
1705994400,1.274300,1.274310,1.274110,1.274160
1705994460,1.274170,1.274180,1.273960,1.273960
1705994520,1.273970,1.273980,1.273840,1.273880
1705994580,1.273870,1.273870,1.273690,1.273820
1705994640,1.273830,1.273950,1.273680,1.273680
1705994700,1.273710,1.273760,1.273610,1.273660
1705994760,1.273640,1.273680,1.273560,1.273560
1705994820,1.273570,1.273620,1.273500,1.273560
1705994880,1.273540,1.273860,1.273500,1.273860
1705994940,1.273850,1.273990,1.273850,1.273950
1705995000,1.273960,1.274040,1.273670,1.273900
1705995060,1.273900,1.273970,1.273770,1.273970
1705995120,1.274000,1.274150,1.273960,1.274070
1705995180,1.274070,1.274070,1.273960,1.274010
1705995240,1.274000,1.274050,1.273910,1.273950
1705995300,1.273960,1.273960,1.273750,1.273750
1705995360,1.273750,1.273860,1.273740,1.273770
1705995420,1.273770,1.273800,1.273700,1.273750
1705995480,1.273710,1.273870,1.273560,1.273860
1705995540,1.273850,1.273910,1.273820,1.273890
1705995600,1.273890,1.273890,1.273660,1.273750
1705995660,1.273760,1.274120,1.273760,1.274090
1705995720,1.274130,1.274230,1.274080,1.274200
1705995780,1.274230,1.274280,1.274180,1.274250
1705995840,1.274260,1.274280,1.274030,1.274050
1705995900,1.274070,1.274160,1.274060,1.274160
1705995960,1.274150,1.274150,1.273970,1.274020
1705996020,1.274050,1.274070,1.273900,1.273920
1705996080,1.273940,1.273950,1.273760,1.273850
1705996140,1.273860,1.274000,1.273850,1.273930
1705996200,1.273930,1.274030,1.273870,1.273950
1705996260,1.273960,1.274020,1.273940,1.273980
1705996320,1.274040,1.274070,1.274030,1.274060
1705996380,1.274070,1.274320,1.274070,1.274250
1705996440,1.274260,1.274290,1.274210,1.274230
1705996500,1.274220,1.274230,1.274100,1.274140
1705996560,1.274150,1.274220,1.274020,1.274060
1705996620,1.274060,1.274070,1.273920,1.273960
1705996680,1.273950,1.274240,1.273930,1.274210
1705996740,1.274210,1.274270,1.274130,1.274210
1705996800,1.274190,1.274300,1.274030,1.274160
1705996860,1.274170,1.274230,1.273920,1.273990
1705996920,1.273970,1.274090,1.273680,1.273710
1705996980,1.273710,1.273900,1.273630,1.273900
1705997040,1.273900,1.273950,1.273820,1.273840
1705997100,1.273840,1.273970,1.273780,1.273970
1705997160,1.274030,1.274280,1.274020,1.274050
1705997220,1.274040,1.274180,1.274040,1.274180
1705997280,1.274180,1.274390,1.274180,1.274220
1705997340,1.274240,1.274360,1.274030,1.274040
1705997400,1.274050,1.274090,1.273840,1.273940
1705997460,1.273950,1.274000,1.273670,1.273690
1705997520,1.273680,1.273810,1.273550,1.273660
1705997580,1.273650,1.273770,1.273650,1.273720
1705997640,1.273720,1.273750,1.273640,1.273690
1705997700,1.273710,1.273750,1.273450,1.273480
1705997760,1.273490,1.273590,1.273360,1.273370
1705997820,1.273420,1.273460,1.273280,1.273330
1705997880,1.273340,1.273400,1.273210,1.273240
1705997940,1.273230,1.273410,1.273200,1.273340
1705998000,1.273350,1.273550,1.273320,1.273450
1705998060,1.273470,1.273540,1.273340,1.273360
1705998120,1.273380,1.273380,1.273180,1.273380
1705998180,1.273350,1.273490,1.273320,1.273430
1705998240,1.273450,1.273460,1.273370,1.273400
1705998300,1.273410,1.273510,1.273410,1.273450
1705998360,1.273470,1.273470,1.273320,1.273330
1705998420,1.273350,1.273460,1.273330,1.273460
1705998480,1.273480,1.273650,1.273440,1.273550
1705998540,1.273550,1.273690,1.273550,1.273690
1705998600,1.273720,1.273850,1.273690,1.273700
1705998660,1.273740,1.273970,1.273730,1.273970
1705998720,1.273960,1.274080,1.273930,1.274070
1705998780,1.274070,1.274110,1.273960,1.274050
1705998840,1.274060,1.274120,1.274020,1.274050
1705998900,1.274040,1.274110,1.273960,1.273970
1705998960,1.273970,1.273970,1.273770,1.273850
1705999020,1.273850,1.273850,1.273630,1.273690
1705999080,1.273700,1.273760,1.273700,1.273730
1705999140,1.273730,1.273730,1.273430,1.273430
1705999200,1.273430,1.273430,1.272930,1.272970
1705999260,1.272960,1.272980,1.272890,1.272970
1705999320,1.272970,1.273320,1.272880,1.273240
1705999380,1.273250,1.273380,1.273090,1.273200
1705999440,1.273220,1.273290,1.273120,1.273140
1705999500,1.273160,1.273170,1.273070,1.273130
1705999560,1.273130,1.273260,1.273040,1.273040
1705999620,1.273020,1.273130,1.272860,1.272890
1705999680,1.272910,1.273070,1.272910,1.273070
1705999740,1.273060,1.273170,1.272940,1.272970
1705999800,1.272960,1.272980,1.272860,1.272900
1705999860,1.272910,1.273070,1.272880,1.273050
1705999920,1.273090,1.273130,1.273040,1.273070
1705999980,1.273060,1.273060,1.272800,1.272810
1706000040,1.272800,1.272850,1.272730,1.272780
1706000100,1.272820,1.272820,1.272680,1.272770
1706000160,1.272770,1.272920,1.272740,1.272900
1706000220,1.272900,1.273100,1.272880,1.273080
1706000280,1.273040,1.273170,1.273040,1.273130
1706000340,1.273100,1.273120,1.273090,1.273110
1706000400,1.273100,1.273100,1.272690,1.272710
1706000460,1.272710,1.272900,1.272710,1.272870
1706000520,1.272860,1.273080,1.272780,1.272840
1706000580,1.272840,1.272920,1.272770,1.272790
1706000640,1.272770,1.272770,1.272460,1.272470
1706000700,1.272470,1.272480,1.272300,1.272370
1706000760,1.272340,1.272390,1.272280,1.272330
1706000820,1.272360,1.272360,1.272160,1.272180
1706000880,1.272170,1.272340,1.272170,1.272230
1706000940,1.272230,1.272380,1.272190,1.272380
1706001000,1.272410,1.272500,1.272390,1.272460
1706001060,1.272480,1.272630,1.272330,1.272390
1706001120,1.272390,1.272560,1.272390,1.272520
1706001180,1.272540,1.272680,1.272520,1.272680
1706001240,1.272670,1.272750,1.272590,1.272640
1706001300,1.272650,1.272660,1.272470,1.272550
1706001360,1.272530,1.272780,1.272490,1.272720
1706001420,1.272740,1.272850,1.272670,1.272670
1706001480,1.272690,1.272730,1.272590,1.272660
1706001540,1.272650,1.272830,1.272650,1.272780
1706001600,1.272750,1.272900,1.272730,1.272860
1706001660,1.272860,1.273010,1.272830,1.272980
1706001720,1.272960,1.273150,1.272860,1.272860
1706001780,1.272840,1.272900,1.272790,1.272870
1706001840,1.272880,1.273050,1.272860,1.273030
1706001900,1.273040,1.273170,1.273010,1.273080
1706001960,1.273060,1.273110,1.272930,1.272960
1706002020,1.272950,1.273000,1.272850,1.272880
1706002080,1.272890,1.272950,1.272860,1.272880
1706002140,1.272880,1.273000,1.272850,1.273000
1706002200,1.272980,1.273150,1.272950,1.273130
1706002260,1.273100,1.273100,1.272880,1.272920
1706002320,1.272930,1.272930,1.272750,1.272900
1706002380,1.272880,1.272940,1.272790,1.272830
1706002440,1.272840,1.272850,1.272730,1.272740
1706002500,1.272710,1.272750,1.272600,1.272640
1706002560,1.272650,1.272770,1.272630,1.272740
1706002620,1.272740,1.272860,1.272740,1.272760
1706002680,1.272750,1.272760,1.272650,1.272680
1706002740,1.272690,1.272740,1.272640,1.272700
1706002800,1.272680,1.272730,1.272540,1.272550
1706002860,1.272560,1.272570,1.272450,1.272540
1706002920,1.272530,1.272560,1.272340,1.272340
1706002980,1.272350,1.272380,1.272260,1.272270
1706003040,1.272260,1.272270,1.272210,1.272270
1706003100,1.272250,1.272250,1.272010,1.272040
1706003160,1.272040,1.272200,1.272000,1.272180
1706003220,1.272180,1.272210,1.272080,1.272080
1706003280,1.272070,1.272270,1.271990,1.272180
1706003340,1.272160,1.272270,1.272160,1.272270
1706003400,1.272250,1.272380,1.272190,1.272370
1706003460,1.272390,1.272490,1.272360,1.272470
1706003520,1.272460,1.272590,1.272420,1.272570
1706003580,1.272570,1.272680,1.272510,1.272650
1706003640,1.272660,1.272810,1.272660,1.272810
1706003700,1.272790,1.272900,1.272750,1.272810
1706003760,1.272810,1.273000,1.272800,1.272900
1706003820,1.272890,1.273160,1.272890,1.273090
1706003880,1.273100,1.273130,1.272960,1.272970
1706003940,1.272970,1.273020,1.272760,1.272800
1706004000,1.272800,1.272850,1.272680,1.272690
1706004060,1.272670,1.272780,1.272650,1.272690
1706004120,1.272670,1.272800,1.272610,1.272780
1706004180,1.272760,1.272790,1.272680,1.272720
1706004240,1.272720,1.272720,1.272490,1.272490
1706004300,1.272490,1.272670,1.272490,1.272570
1706004360,1.272550,1.272630,1.272550,1.272560
1706004420,1.272560,1.272580,1.272550,1.272550
1706004480,1.272570,1.272680,1.272560,1.272660
1706004540,1.272700,1.272700,1.272380,1.272380
1706004600,1.272360,1.272450,1.272120,1.272170
1706004660,1.272190,1.272190,1.271980,1.271980
1706004720,1.272010,1.272190,1.271970,1.272080
1706004780,1.272080,1.272200,1.272070,1.272200
1706004840,1.272190,1.272340,1.272180,1.272290
1706004900,1.272310,1.272330,1.272260,1.272270
1706004960,1.272270,1.272270,1.272040,1.272230
1706005020,1.272220,1.272450,1.272210,1.272350
1706005080,1.272360,1.272490,1.272330,1.272470
1706005140,1.272440,1.272490,1.272390,1.272460
1706005200,1.272460,1.272590,1.272400,1.272590
1706005260,1.272570,1.272740,1.272570,1.272680
1706005320,1.272670,1.272720,1.272640,1.272690
1706005380,1.272720,1.272790,1.272710,1.272760
1706005440,1.272760,1.272760,1.272470,1.272490
1706005500,1.272490,1.272560,1.272470,1.272500
1706005560,1.272510,1.272530,1.272370,1.272390
1706005620,1.272380,1.272540,1.272280,1.272500
1706005680,1.272510,1.272650,1.272480,1.272480
1706005740,1.272480,1.272580,1.272450,1.272470
1706005800,1.272440,1.272550,1.272400,1.272520
1706005860,1.272520,1.272590,1.272470,1.272590
1706005920,1.272570,1.272690,1.272490,1.272680
1706005980,1.272680,1.272680,1.272470,1.272490
1706006040,1.272470,1.272490,1.272350,1.272390
1706006100,1.272400,1.272450,1.272350,1.272390
1706006160,1.272400,1.272420,1.272360,1.272370
1706006220,1.272380,1.272440,1.272360,1.272390
1706006280,1.272360,1.272390,1.272350,1.272360
1706006340,1.272380,1.272430,1.272320,1.272380
1706006400,1.272390,1.272430,1.272360,1.272410
1706006460,1.272400,1.272460,1.272350,1.272370
1706006520,1.272390,1.272410,1.272200,1.272200
1706006580,1.272180,1.272250,1.272110,1.272170
1706006640,1.272170,1.272190,1.272000,1.272000
1706006700,1.272010,1.272050,1.271920,1.272030
1706006760,1.272020,1.272060,1.271970,1.271990
1706006820,1.271990,1.271990,1.271770,1.271880
1706006880,1.271890,1.271890,1.271760,1.271780
1706006940,1.271770,1.271800,1.271500,1.271500
1706007000,1.271490,1.271490,1.271290,1.271370
1706007060,1.271360,1.271480,1.271350,1.271450
1706007120,1.271450,1.271500,1.271370,1.271380
1706007180,1.271370,1.271400,1.271290,1.271340
1706007240,1.271340,1.271340,1.271190,1.271230
1706007300,1.271260,1.271410,1.271040,1.271390
1706007360,1.271410,1.271440,1.271090,1.271120
1706007420,1.271130,1.271400,1.271120,1.271370
1706007480,1.271380,1.271480,1.271340,1.271340
1706007540,1.271340,1.271340,1.271200,1.271210
1706007600,1.271230,1.271390,1.271210,1.271330
1706007660,1.271340,1.271460,1.271260,1.271280
1706007720,1.271240,1.271320,1.271190,1.271230
1706007780,1.271230,1.271230,1.271090,1.271110
1706007840,1.271110,1.271150,1.271040,1.271100
1706007900,1.271110,1.271290,1.271060,1.271090
1706007960,1.271070,1.271180,1.271000,1.271180
1706008020,1.271160,1.271240,1.271110,1.271130
1706008080,1.271140,1.271240,1.271130,1.271210
1706008140,1.271210,1.271320,1.271080,1.271210
1706008200,1.271180,1.271200,1.271110,1.271140
1706008260,1.271130,1.271190,1.271040,1.271040
1706008320,1.271040,1.271230,1.271030,1.271230
1706008380,1.271230,1.271330,1.271210,1.271270
1706008440,1.271290,1.271440,1.271290,1.271410
1706008500,1.271400,1.271420,1.271190,1.271210
1706008560,1.271200,1.271200,1.271080,1.271120
1706008620,1.271110,1.271110,1.271010,1.271030
1706008680,1.271020,1.271100,1.270950,1.271000
1706008740,1.271020,1.271020,1.270970,1.271010
1706008800,1.271010,1.271050,1.270840,1.270970
1706008860,1.270970,1.271010,1.270800,1.270800
1706008920,1.270800,1.270800,1.270550,1.270560
1706008980,1.270560,1.270560,1.270480,1.270500
1706009040,1.270510,1.270710,1.270430,1.270650
1706009100,1.270680,1.270700,1.270420,1.270620
1706009160,1.270610,1.270680,1.270430,1.270430
1706009220,1.270430,1.270430,1.270130,1.270200
1706009280,1.270220,1.270220,1.269970,1.270130
1706009340,1.270140,1.270330,1.270140,1.270320
1706009400,1.270290,1.270340,1.270260,1.270320
1706009460,1.270300,1.270460,1.270280,1.270430
1706009520,1.270420,1.270590,1.270350,1.270430
1706009580,1.270430,1.270500,1.270390,1.270480
1706009640,1.270470,1.270510,1.270260,1.270290
1706009700,1.270260,1.270440,1.270260,1.270300
1706009760,1.270300,1.270350,1.270230,1.270320
1706009820,1.270330,1.270520,1.270220,1.270490
1706009880,1.270480,1.270480,1.270410,1.270440
1706009940,1.270440,1.270450,1.270340,1.270410
1706010000,1.270380,1.270510,1.270230,1.270440
1706010060,1.270460,1.270530,1.270250,1.270280
1706010120,1.270270,1.270330,1.270190,1.270240
1706010180,1.270230,1.270400,1.270230,1.270330
1706010240,1.270330,1.270390,1.270170,1.270380
1706010300,1.270390,1.270400,1.270250,1.270310
1706010360,1.270310,1.270320,1.270170,1.270250
1706010420,1.270250,1.270350,1.270170,1.270210
1706010480,1.270190,1.270300,1.270150,1.270270
1706010540,1.270300,1.270380,1.270300,1.270350
1706010600,1.270330,1.270380,1.270310,1.270340
1706010660,1.270340,1.270360,1.270270,1.270310
1706010720,1.270280,1.270310,1.270170,1.270300
1706010780,1.270310,1.270320,1.270240,1.270270
1706010840,1.270240,1.270530,1.270240,1.270520
1706010900,1.270520,1.270600,1.270420,1.270430
1706010960,1.270430,1.270440,1.270380,1.270390
1706011020,1.270390,1.270440,1.270270,1.270440
1706011080,1.270430,1.270610,1.270430,1.270550
1706011140,1.270550,1.270620,1.270540,1.270610
1706011200,1.270600,1.270640,1.270440,1.270450
1706011260,1.270450,1.270700,1.270350,1.270700
1706011320,1.270680,1.270690,1.270360,1.270390
1706011380,1.270360,1.270420,1.270310,1.270330
1706011440,1.270320,1.270390,1.270230,1.270330
1706011500,1.270340,1.270660,1.270330,1.270650
1706011560,1.270640,1.270740,1.270590,1.270610
1706011620,1.270610,1.270700,1.270560,1.270610
1706011680,1.270610,1.270830,1.270570,1.270800
1706011740,1.270800,1.270930,1.270780,1.270810
1706011800,1.270790,1.270870,1.270710,1.270830
1706011860,1.270830,1.270900,1.270710,1.270900
1706011920,1.270890,1.271000,1.270880,1.271000
1706011980,1.271020,1.271150,1.271000,1.271130
1706012040,1.271140,1.271160,1.271040,1.271150
1706012100,1.271150,1.271210,1.271050,1.271090
1706012160,1.271060,1.271120,1.270990,1.271100
1706012220,1.271070,1.271100,1.270970,1.271100
1706012280,1.271100,1.271120,1.271000,1.271030
1706012340,1.271030,1.271030,1.270810,1.270970
1706012400,1.270960,1.271120,1.270880,1.271020
1706012460,1.271000,1.271010,1.270940,1.270950
1706012520,1.270940,1.271050,1.270920,1.270940
1706012580,1.270870,1.270930,1.270800,1.270820
1706012640,1.270800,1.270820,1.270690,1.270720
1706012700,1.270700,1.270730,1.270540,1.270540
1706012760,1.270510,1.270760,1.270490,1.270700
1706012820,1.270680,1.270780,1.270520,1.270520
1706012880,1.270500,1.270500,1.270380,1.270440
1706012940,1.270450,1.270510,1.270300,1.270350
1706013000,1.270340,1.270490,1.270300,1.270420
1706013060,1.270390,1.270450,1.270320,1.270320
1706013120,1.270290,1.270340,1.270140,1.270330
1706013180,1.270320,1.270320,1.270290,1.270300
1706013240,1.270320,1.270370,1.270290,1.270330
1706013300,1.270340,1.270340,1.270210,1.270220
1706013360,1.270200,1.270300,1.270150,1.270280
1706013420,1.270280,1.270390,1.270240,1.270290
1706013480,1.270310,1.270380,1.270210,1.270350
1706013540,1.270330,1.270390,1.270210,1.270210
1706013600,1.270230,1.270340,1.270190,1.270330
1706013660,1.270300,1.270430,1.270220,1.270390
1706013720,1.270400,1.270410,1.270300,1.270340
1706013780,1.270320,1.270410,1.270320,1.270370
1706013840,1.270380,1.270520,1.270370,1.270510
1706013900,1.270490,1.270600,1.270280,1.270330
1706013960,1.270320,1.270450,1.270290,1.270330
1706014020,1.270350,1.270540,1.270340,1.270520
1706014080,1.270500,1.270750,1.270500,1.270580
1706014140,1.270570,1.270710,1.270540,1.270640
1706014200,1.270640,1.270780,1.270610,1.270760
1706014260,1.270770,1.271110,1.270770,1.271080
1706014320,1.271060,1.271210,1.271060,1.271160
1706014380,1.271130,1.271280,1.271130,1.271280
1706014440,1.271280,1.271300,1.271130,1.271290
1706014500,1.271280,1.271350,1.271110,1.271110
1706014560,1.271100,1.271130,1.270770,1.270840
1706014620,1.270840,1.270930,1.270810,1.270910
1706014680,1.270900,1.270900,1.270790,1.270900
1706014740,1.270890,1.271030,1.270830,1.271020
1706014800,1.271030,1.271360,1.271030,1.271250
1706014860,1.271230,1.271320,1.271160,1.271280
1706014920,1.271280,1.271280,1.271140,1.271210
1706014980,1.271210,1.271340,1.271100,1.271340
1706015040,1.271330,1.271360,1.271250,1.271340
1706015100,1.271350,1.271430,1.271070,1.271100
1706015160,1.271100,1.271200,1.271100,1.271200
1706015220,1.271170,1.271360,1.271170,1.271310
1706015280,1.271320,1.271460,1.271280,1.271410
1706015340,1.271410,1.271630,1.271410,1.271630
1706015400,1.271630,1.271630,1.271310,1.271310
1706015460,1.271310,1.271490,1.271310,1.271490
1706015520,1.271470,1.271650,1.271460,1.271530
1706015580,1.271530,1.271530,1.271320,1.271380
1706015640,1.271380,1.271480,1.271210,1.271420
1706015700,1.271430,1.271510,1.271360,1.271360
1706015760,1.271340,1.271400,1.271270,1.271330
1706015820,1.271340,1.271570,1.271320,1.271500
1706015880,1.271510,1.271640,1.271440,1.271600
1706015940,1.271580,1.271600,1.271360,1.271360
1706016000,1.271370,1.271590,1.271320,1.271590
1706016060,1.271610,1.271700,1.271490,1.271630
1706016120,1.271640,1.271810,1.271640,1.271710
1706016180,1.271710,1.271800,1.271660,1.271690
1706016240,1.271700,1.271800,1.271520,1.271540
1706016300,1.271520,1.271600,1.271360,1.271360
1706016360,1.271370,1.271390,1.271270,1.271270
1706016420,1.271280,1.271340,1.271110,1.271170
1706016480,1.271180,1.271500,1.271150,1.271450
1706016540,1.271420,1.271620,1.271390,1.271590
1706016600,1.271630,1.271630,1.271390,1.271470
1706016660,1.271470,1.271470,1.271270,1.271420
1706016720,1.271410,1.271420,1.270970,1.271000
1706016780,1.271010,1.271200,1.271000,1.271090
1706016840,1.271090,1.271120,1.270900,1.270970
1706016900,1.270980,1.271210,1.270980,1.271190
1706016960,1.271190,1.271470,1.271190,1.271420
1706017020,1.271410,1.271430,1.271190,1.271390
1706017080,1.271390,1.271510,1.271280,1.271480
1706017140,1.271480,1.271480,1.271160,1.271250
1706017200,1.271260,1.271350,1.271180,1.271340
1706017260,1.271370,1.271500,1.271370,1.271390
1706017320,1.271380,1.271380,1.271260,1.271290
1706017380,1.271290,1.271340,1.271290,1.271300
1706017440,1.271300,1.271370,1.271230,1.271350
1706017500,1.271350,1.271410,1.271340,1.271370
1706017560,1.271390,1.271680,1.271380,1.271680
1706017620,1.271670,1.271690,1.271480,1.271490
1706017680,1.271490,1.271490,1.271190,1.271190
1706017740,1.271170,1.271270,1.271040,1.271210
1706017800,1.271190,1.271280,1.271160,1.271260
1706017860,1.271290,1.271290,1.270880,1.270890
1706017920,1.270870,1.270890,1.270520,1.270570
1706017980,1.270580,1.270680,1.270540,1.270630
1706018040,1.270620,1.270790,1.270490,1.270780
1706018100,1.270760,1.270800,1.270680,1.270680
1706018160,1.270690,1.270690,1.270510,1.270590
1706018220,1.270560,1.270800,1.270560,1.270800
1706018280,1.270810,1.271040,1.270800,1.270920
1706018340,1.270880,1.270990,1.270720,1.270770
1706018400,1.270770,1.270770,1.270510,1.270550
1706018460,1.270560,1.270560,1.270340,1.270340
1706018520,1.270340,1.270450,1.270260,1.270290
1706018580,1.270280,1.270290,1.270060,1.270210
1706018640,1.270190,1.270290,1.269760,1.269840
1706018700,1.269840,1.269900,1.269500,1.269560
1706018760,1.269560,1.269660,1.269470,1.269480
1706018820,1.269470,1.269570,1.269290,1.269290
1706018880,1.269280,1.269360,1.269150,1.269190
1706018940,1.269180,1.269370,1.269110,1.269270
1706019000,1.269270,1.269380,1.269110,1.269320
1706019060,1.269310,1.269310,1.269090,1.269090
1706019120,1.269100,1.269380,1.269070,1.269380
1706019180,1.269370,1.269610,1.269340,1.269530
1706019240,1.269510,1.269670,1.269450,1.269640
1706019300,1.269630,1.269720,1.269390,1.269430
1706019360,1.269440,1.269550,1.269380,1.269430
1706019420,1.269420,1.269500,1.269380,1.269420
1706019480,1.269420,1.269470,1.269250,1.269380
1706019540,1.269370,1.269450,1.269360,1.269440
1706019600,1.269450,1.269450,1.269340,1.269370
1706019660,1.269350,1.269410,1.269150,1.269190
1706019720,1.269170,1.269200,1.269080,1.269150
1706019780,1.269150,1.269310,1.269150,1.269180
1706019840,1.269160,1.269250,1.269110,1.269210
1706019900,1.269210,1.269240,1.269160,1.269220
1706019960,1.269220,1.269390,1.269190,1.269320
1706020020,1.269310,1.269400,1.269210,1.269270
1706020080,1.269260,1.269370,1.269130,1.269130
1706020140,1.269120,1.269120,1.268860,1.268860
1706020200,1.268860,1.268860,1.268510,1.268570
1706020260,1.268580,1.268710,1.268490,1.268510
1706020320,1.268520,1.268580,1.268270,1.268270
1706020380,1.268290,1.268320,1.268010,1.268170
1706020440,1.268160,1.268330,1.268120,1.268230
1706020500,1.268210,1.268270,1.268030,1.268200
1706020560,1.268190,1.268400,1.268190,1.268340
1706020620,1.268340,1.268530,1.268330,1.268500
1706020680,1.268530,1.268780,1.268520,1.268720
1706020740,1.268740,1.268810,1.268350,1.268350
1706020800,1.268330,1.268580,1.268160,1.268320
1706020860,1.268330,1.268340,1.267980,1.268000
1706020920,1.268020,1.268520,1.268020,1.268520
1706020980,1.268520,1.268730,1.268450,1.268710
1706021040,1.268720,1.268780,1.268570,1.268680
1706021100,1.268680,1.268830,1.268510,1.268510
1706021160,1.268520,1.268670,1.268480,1.268670
1706021220,1.268650,1.268700,1.268310,1.268310
1706021280,1.268330,1.268400,1.268140,1.268200
1706021340,1.268190,1.268230,1.268090,1.268110
1706021400,1.268090,1.268280,1.268010,1.268270
1706021460,1.268280,1.268410,1.268150,1.268350
1706021520,1.268360,1.268400,1.267990,1.268000
1706021580,1.268000,1.268110,1.267920,1.268080
1706021640,1.268130,1.268380,1.268130,1.268230
1706021700,1.268240,1.268380,1.267970,1.268090
1706021760,1.268090,1.268160,1.267980,1.267980
1706021820,1.267990,1.268060,1.267930,1.267980
1706021880,1.267980,1.268200,1.267960,1.268100
1706021940,1.268090,1.268110,1.267990,1.268070
1706022000,1.268060,1.268680,1.268050,1.268490
1706022060,1.268500,1.268500,1.268350,1.268380
1706022120,1.268370,1.268370,1.268180,1.268290
1706022180,1.268310,1.268540,1.268250,1.268480
1706022240,1.268470,1.268530,1.268410,1.268460
1706022300,1.268450,1.268580,1.268260,1.268560
1706022360,1.268570,1.268890,1.268540,1.268890
1706022420,1.268880,1.269140,1.268850,1.269030
1706022480,1.269030,1.269150,1.268860,1.268900
1706022540,1.268890,1.268900,1.268610,1.268710
1706022600,1.268700,1.268700,1.268420,1.268450
1706022660,1.268430,1.268450,1.268060,1.268280
1706022720,1.268270,1.268420,1.268190,1.268390
1706022780,1.268410,1.268530,1.267930,1.267930
1706022840,1.267920,1.268330,1.267850,1.268330
1706022900,1.268320,1.268400,1.268090,1.268200
1706022960,1.268190,1.268200,1.267670,1.267780
1706023020,1.267770,1.267910,1.267690,1.267910
1706023080,1.267930,1.267990,1.267720,1.267820
1706023140,1.267800,1.267990,1.267620,1.267990
1706023200,1.268000,1.268450,1.267970,1.268170
1706023260,1.268160,1.268220,1.268000,1.268080
1706023320,1.268080,1.268120,1.267790,1.267790
1706023380,1.267780,1.267800,1.267320,1.267390
1706023440,1.267390,1.267400,1.267000,1.267180
1706023500,1.267180,1.267200,1.266820,1.266960
1706023560,1.266960,1.267020,1.266880,1.266980
1706023620,1.266980,1.266980,1.266810,1.266920
1706023680,1.266900,1.267310,1.266890,1.267200
1706023740,1.267210,1.267240,1.267100,1.267120
1706023800,1.267100,1.267100,1.266730,1.266760
1706023860,1.266760,1.266850,1.266620,1.266700
1706023920,1.266670,1.266770,1.266610,1.266630
1706023980,1.266620,1.266700,1.266380,1.266500
1706024040,1.266510,1.266510,1.266250,1.266380
1706024100,1.266380,1.266430,1.266200,1.266230
1706024160,1.266210,1.266450,1.266190,1.266400
1706024220,1.266390,1.266530,1.266330,1.266510
1706024280,1.266510,1.266540,1.266440,1.266460
1706024340,1.266460,1.266850,1.266450,1.266760
1706024400,1.266800,1.266830,1.266450,1.266460
1706024460,1.266450,1.266480,1.266210,1.266310
1706024520,1.266290,1.266370,1.265990,1.266330
1706024580,1.266290,1.266370,1.266090,1.266140
1706024640,1.266140,1.266200,1.265820,1.265990
1706024700,1.265980,1.266230,1.265980,1.266130
1706024760,1.266190,1.266370,1.266130,1.266160
1706024820,1.266200,1.266230,1.266010,1.266140
1706024880,1.266160,1.266360,1.266130,1.266250
1706024940,1.266260,1.266450,1.266210,1.266430
1706025000,1.266450,1.266450,1.266110,1.266110
1706025060,1.266120,1.266160,1.265990,1.266120
1706025120,1.266120,1.266550,1.266040,1.266550
1706025180,1.266600,1.266850,1.266600,1.266710
1706025240,1.266680,1.266780,1.266490,1.266780
1706025300,1.266770,1.266770,1.266650,1.266660
1706025360,1.266670,1.266820,1.266460,1.266550
1706025420,1.266560,1.266660,1.266530,1.266550
1706025480,1.266530,1.266530,1.266380,1.266490
1706025540,1.266490,1.266610,1.266440,1.266530
1706025600,1.266520,1.266660,1.266490,1.266600
1706025660,1.266600,1.266730,1.266530,1.266710
1706025720,1.266740,1.267120,1.266700,1.267080
1706025780,1.267080,1.267360,1.267040,1.267310
1706025840,1.267280,1.267410,1.267220,1.267270
1706025900,1.267260,1.267350,1.267210,1.267310
1706025960,1.267320,1.267360,1.267230,1.267310
1706026020,1.267300,1.267430,1.267280,1.267370
1706026080,1.267350,1.267420,1.266920,1.266920
1706026140,1.266930,1.267010,1.266690,1.266700
1706026200,1.266710,1.266900,1.266680,1.266830
1706026260,1.266880,1.267210,1.266880,1.267180
1706026320,1.267170,1.267230,1.266610,1.266690
1706026380,1.266690,1.266710,1.266440,1.266440
1706026440,1.266440,1.266520,1.266140,1.266190
1706026500,1.266200,1.266350,1.266200,1.266270
1706026560,1.266260,1.266260,1.265950,1.265950
1706026620,1.265970,1.266000,1.265620,1.265700
1706026680,1.265690,1.265690,1.265370,1.265430
1706026740,1.265420,1.265730,1.265310,1.265720
1706026800,1.265730,1.266000,1.265730,1.266000
1706026860,1.265990,1.266040,1.265900,1.265950
1706026920,1.265950,1.266010,1.265880,1.266000
1706026980,1.266010,1.266310,1.266010,1.266270
1706027040,1.266250,1.266310,1.266040,1.266080
1706027100,1.266100,1.266260,1.266040,1.266130
1706027160,1.266110,1.266350,1.266110,1.266310
1706027220,1.266320,1.266320,1.266150,1.266230
1706027280,1.266260,1.266420,1.266210,1.266410
1706027340,1.266380,1.266610,1.266380,1.266550
1706027400,1.266550,1.266570,1.266170,1.266220
1706027460,1.266150,1.266190,1.265940,1.266090
1706027520,1.266090,1.266150,1.266000,1.266110
1706027580,1.266090,1.266100,1.265970,1.266100
1706027640,1.266070,1.266070,1.265900,1.265930
1706027700,1.265980,1.266200,1.265980,1.266200
1706027760,1.266210,1.266410,1.266210,1.266280
1706027820,1.266270,1.266270,1.266100,1.266100
1706027880,1.266100,1.266290,1.266050,1.266260
1706027940,1.266260,1.266450,1.266210,1.266240
1706028000,1.266220,1.266220,1.266040,1.266090
1706028060,1.266090,1.266140,1.266000,1.266040
1706028120,1.266070,1.266130,1.265720,1.265780
1706028180,1.265800,1.265850,1.265680,1.265790
1706028240,1.265780,1.265810,1.265650,1.265690
1706028300,1.265690,1.265810,1.265560,1.265810
1706028360,1.265810,1.265810,1.265580,1.265580
1706028420,1.265570,1.265710,1.265570,1.265590
1706028480,1.265600,1.265680,1.265510,1.265520
1706028540,1.265530,1.265710,1.265330,1.265510
1706028600,1.265480,1.265980,1.265480,1.265930
1706028660,1.265890,1.265960,1.265770,1.265770
1706028720,1.265790,1.265830,1.265660,1.265670
1706028780,1.265680,1.265810,1.265630,1.265660
1706028840,1.265670,1.265710,1.265590,1.265670
1706028900,1.265660,1.265660,1.265530,1.265600
1706028960,1.265620,1.265620,1.265590,1.265620
1706029020,1.265620,1.265840,1.265620,1.265750
1706029080,1.265750,1.265820,1.265710,1.265710
1706029140,1.265730,1.265790,1.265700,1.265710
1706029200,1.265720,1.265990,1.265710,1.265910
1706029260,1.265890,1.265890,1.265650,1.265710
1706029320,1.265700,1.265700,1.265380,1.265570
1706029380,1.265590,1.265620,1.265200,1.265200
1706029440,1.265200,1.265350,1.265100,1.265310
1706029500,1.265330,1.265440,1.265290,1.265370
1706029560,1.265360,1.265410,1.265260,1.265300
1706029620,1.265330,1.265420,1.265300,1.265390
1706029680,1.265390,1.265400,1.265200,1.265290
1706029740,1.265300,1.265400,1.265270,1.265300
1706029800,1.265290,1.265520,1.265290,1.265400
1706029860,1.265410,1.265590,1.265410,1.265500
1706029920,1.265490,1.265500,1.265400,1.265410
1706029980,1.265400,1.265400,1.265270,1.265390
1706030040,1.265410,1.265610,1.265390,1.265510
1706030100,1.265500,1.265500,1.265290,1.265310
1706030160,1.265290,1.265290,1.265130,1.265190
1706030220,1.265170,1.265210,1.265170,1.265190
1706030280,1.265170,1.265210,1.264990,1.265090
1706030340,1.265080,1.265080,1.264960,1.265040
1706030400,1.265030,1.265120,1.264900,1.265120
1706030460,1.265110,1.265110,1.265090,1.265090
1706030520,1.265090,1.265130,1.265000,1.265000
1706030580,1.265010,1.265090,1.264980,1.264990
1706030640,1.265000,1.265030,1.264970,1.264990
1706030700,1.265000,1.265220,1.265000,1.265220
1706030760,1.265280,1.265420,1.265280,1.265420
1706030820,1.265430,1.265440,1.265390,1.265400
1706030880,1.265410,1.265410,1.265340,1.265390
1706030940,1.265360,1.265440,1.265340,1.265380
1706031000,1.265360,1.265620,1.265360,1.265500
1706031060,1.265500,1.265540,1.265430,1.265490
1706031120,1.265460,1.265750,1.265440,1.265740
1706031180,1.265740,1.265740,1.265700,1.265720
1706031240,1.265700,1.265720,1.265690,1.265700
1706031300,1.265690,1.265700,1.265340,1.265340
1706031360,1.265340,1.265410,1.265320,1.265320
1706031420,1.265310,1.265310,1.265190,1.265210
1706031480,1.265190,1.265240,1.265140,1.265210
1706031540,1.265230,1.265230,1.265030,1.265030
1706031600,1.265030,1.265040,1.264880,1.264900
1706031660,1.264890,1.265120,1.264890,1.265120
1706031720,1.265110,1.265200,1.265070,1.265120
1706031780,1.265100,1.265120,1.264950,1.265020
1706031840,1.265020,1.265130,1.265000,1.265100
1706031900,1.265080,1.265230,1.265080,1.265200
1706031960,1.265210,1.265220,1.265190,1.265220
1706032020,1.265210,1.265210,1.264910,1.264930
1706032080,1.264920,1.265070,1.264920,1.265020
1706032140,1.265080,1.265130,1.265070,1.265120
1706032200,1.265090,1.265230,1.265000,1.265220
1706032260,1.265180,1.265200,1.265020,1.265130
1706032320,1.265160,1.265330,1.265160,1.265260
1706032380,1.265270,1.265420,1.265270,1.265400
1706032440,1.265410,1.265540,1.265390,1.265490
1706032500,1.265500,1.265500,1.265380,1.265480
1706032560,1.265450,1.265730,1.265450,1.265720
1706032620,1.265740,1.265930,1.265690,1.265820
1706032680,1.265820,1.265820,1.265770,1.265780
1706032740,1.265790,1.265800,1.265690,1.265740
1706032800,1.265740,1.265800,1.265650,1.265690
1706032860,1.265700,1.265830,1.265690,1.265750
1706032920,1.265730,1.266050,1.265730,1.266010
1706032980,1.266020,1.266200,1.266010,1.266040
1706033040,1.266010,1.266060,1.265950,1.266050
1706033100,1.266020,1.266020,1.265840,1.265910
1706033160,1.265900,1.266120,1.265900,1.266120
1706033220,1.266120,1.266190,1.266100,1.266190
1706033280,1.266190,1.266210,1.266090,1.266150
1706033340,1.266140,1.266230,1.266120,1.266230
1706033400,1.266220,1.266280,1.266020,1.266020
1706033460,1.266030,1.266030,1.265880,1.265940
1706033520,1.265940,1.266130,1.265940,1.266120
1706033580,1.266130,1.266250,1.266110,1.266240
1706033640,1.266250,1.266310,1.266190,1.266250
1706033700,1.266240,1.266330,1.266220,1.266320
1706033760,1.266320,1.266320,1.266220,1.266320
1706033820,1.266330,1.266440,1.266300,1.266410
1706033880,1.266420,1.266450,1.266400,1.266430
1706033940,1.266430,1.266430,1.266300,1.266410
1706034000,1.266410,1.266470,1.266400,1.266430
1706034060,1.266420,1.266560,1.266390,1.266530
1706034120,1.266530,1.266640,1.266520,1.266560
1706034180,1.266570,1.266640,1.266510,1.266510
1706034240,1.266510,1.266540,1.266440,1.266500
1706034300,1.266510,1.266620,1.266510,1.266610
1706034360,1.266600,1.266660,1.266550,1.266630
1706034420,1.266640,1.266670,1.266600,1.266640
1706034480,1.266640,1.266740,1.266540,1.266540
1706034540,1.266550,1.266620,1.266530,1.266610
1706034600,1.266650,1.266750,1.266630,1.266700
1706034660,1.266730,1.266740,1.266430,1.266460
1706034720,1.266490,1.266580,1.266490,1.266510
1706034780,1.266530,1.266600,1.266510,1.266590
1706034840,1.266600,1.266690,1.266570,1.266690
1706034900,1.266680,1.266690,1.266600,1.266690
1706034960,1.266690,1.266710,1.266500,1.266500
1706035020,1.266510,1.266590,1.266500,1.266510
1706035080,1.266520,1.266620,1.266500,1.266520
1706035140,1.266540,1.266610,1.266500,1.266530
1706035200,1.266520,1.266660,1.266520,1.266570
1706035260,1.266590,1.266710,1.266590,1.266710
1706035320,1.266730,1.266730,1.266580,1.266650
1706035380,1.266660,1.266740,1.266630,1.266670
1706035440,1.266690,1.266750,1.266660,1.266680
1706035500,1.266670,1.266670,1.266490,1.266490
1706035560,1.266560,1.266690,1.266520,1.266580
1706035620,1.266600,1.266600,1.266300,1.266300
1706035680,1.266280,1.266510,1.266280,1.266510
1706035740,1.266550,1.266580,1.266490,1.266500
1706035800,1.266510,1.266530,1.266430,1.266520
1706035860,1.266510,1.266560,1.266480,1.266560
1706035920,1.266570,1.266770,1.266550,1.266770
1706035980,1.266800,1.266800,1.266700,1.266700
1706036040,1.266680,1.266790,1.266610,1.266770
1706036100,1.266770,1.266880,1.266770,1.266790
1706036160,1.266770,1.266820,1.266710,1.266800
1706036220,1.266820,1.266880,1.266580,1.266580
1706036280,1.266590,1.266610,1.266500,1.266500
1706036340,1.266550,1.266700,1.266520,1.266560
1706036400,1.266580,1.266640,1.266520,1.266630
1706036460,1.266630,1.266680,1.266540,1.266540
1706036520,1.266560,1.266620,1.266530,1.266570
1706036580,1.266580,1.266710,1.266580,1.266690
1706036640,1.266720,1.266790,1.266690,1.266740
1706036700,1.266760,1.266780,1.266670,1.266740
1706036760,1.266740,1.266810,1.266730,1.266800
1706036820,1.266800,1.266800,1.266700,1.266730
1706036880,1.266730,1.266900,1.266730,1.266890
1706036940,1.266890,1.266890,1.266810,1.266830
1706037000,1.266830,1.267040,1.266830,1.267040
1706037060,1.267040,1.267110,1.267020,1.267050
1706037120,1.267030,1.267090,1.267020,1.267040
1706037180,1.267040,1.267140,1.267040,1.267100
1706037240,1.267100,1.267110,1.267010,1.267050
1706037300,1.267030,1.267050,1.266920,1.267010
1706037360,1.267000,1.267100,1.266930,1.267000
1706037420,1.267010,1.267020,1.266990,1.266990
1706037480,1.267000,1.267200,1.267000,1.267180
1706037540,1.267190,1.267250,1.267100,1.267110
1706037600,1.267110,1.267110,1.267090,1.267100
1706037660,1.267100,1.267130,1.267020,1.267130
1706037720,1.267100,1.267130,1.267030,1.267090
1706037780,1.267110,1.267120,1.267100,1.267100
1706037840,1.267090,1.267120,1.267020,1.267110
1706037900,1.267110,1.267130,1.267100,1.267110
1706037960,1.267120,1.267130,1.267070,1.267110
1706038020,1.267120,1.267220,1.267110,1.267210
1706038080,1.267220,1.267230,1.267120,1.267230
1706038140,1.267230,1.267420,1.267210,1.267410
1706038200,1.267420,1.267450,1.267310,1.267350
1706038260,1.267370,1.267520,1.267320,1.267520
1706038320,1.267510,1.267530,1.267500,1.267510
1706038380,1.267530,1.267650,1.267520,1.267630
1706038440,1.267630,1.267640,1.267520,1.267550
1706038500,1.267580,1.267600,1.267310,1.267310
1706038560,1.267320,1.267540,1.267320,1.267540
1706038620,1.267540,1.267630,1.267540,1.267630
1706038680,1.267640,1.268000,1.267620,1.267920
1706038740,1.267930,1.267950,1.267920,1.267920
1706038800,1.267920,1.267940,1.267920,1.267940
1706038860,1.267940,1.268040,1.267940,1.267950
1706038920,1.267970,1.268120,1.267940,1.268070
1706038980,1.268100,1.268230,1.268100,1.268130
1706039040,1.268140,1.268190,1.268110,1.268130
1706039100,1.268140,1.268140,1.267930,1.267990
1706039160,1.267990,1.267990,1.267910,1.267920
1706039220,1.267910,1.268010,1.267890,1.267920
1706039280,1.267940,1.268130,1.267940,1.268130
1706039340,1.268120,1.268130,1.268010,1.268020
1706039400,1.268020,1.268110,1.267990,1.268040
1706039460,1.268030,1.268050,1.267990,1.268020
1706039520,1.268020,1.268110,1.268020,1.268100
1706039580,1.268090,1.268090,1.267890,1.267920
1706039640,1.267900,1.267910,1.267870,1.267900
1706039700,1.267900,1.268090,1.267900,1.268070
1706039760,1.268090,1.268110,1.268020,1.268100
1706039820,1.268120,1.268120,1.268000,1.268030
1706039880,1.268080,1.268180,1.268060,1.268140
1706039940,1.268150,1.268150,1.268010,1.268010
1706040000,1.268010,1.268010,1.267960,1.267980
1706040060,1.267990,1.268030,1.267970,1.268020
1706040120,1.268020,1.268020,1.267840,1.267900
1706040180,1.267880,1.268010,1.267820,1.268010
1706040240,1.268000,1.268030,1.267930,1.268010
1706040300,1.268020,1.268110,1.268010,1.268040
1706040360,1.268050,1.268090,1.268020,1.268070
1706040420,1.268080,1.268210,1.268070,1.268210
1706040480,1.268200,1.268260,1.268190,1.268200
1706040540,1.268210,1.268250,1.268200,1.268200
1706040600,1.268220,1.268240,1.268190,1.268220
1706040660,1.268240,1.268430,1.268230,1.268400
1706040720,1.268430,1.268610,1.268430,1.268530
1706040780,1.268500,1.268510,1.268410,1.268420
1706040840,1.268430,1.268500,1.268410,1.268500
1706040900,1.268510,1.268550,1.268490,1.268510
1706040960,1.268520,1.268540,1.268490,1.268540
1706041020,1.268530,1.268620,1.268520,1.268610
1706041080,1.268620,1.268670,1.268600,1.268620
1706041140,1.268610,1.268640,1.268520,1.268630
1706041200,1.268640,1.268640,1.268530,1.268550
1706041260,1.268530,1.268540,1.268370,1.268370
1706041320,1.268370,1.268380,1.268320,1.268320
1706041380,1.268320,1.268320,1.268250,1.268260
1706041440,1.268270,1.268320,1.268260,1.268290
1706041500,1.268280,1.268300,1.268220,1.268220
1706041560,1.268250,1.268300,1.268240,1.268240
1706041620,1.268260,1.268290,1.268210,1.268210
1706041680,1.268200,1.268250,1.268190,1.268210
1706041740,1.268180,1.268180,1.268180,1.268180
1706041800,1.268190,1.268200,1.268090,1.268090
1706041860,1.268110,1.268260,1.268100,1.268230
1706041920,1.268270,1.268290,1.268160,1.268280
1706041980,1.268290,1.268290,1.268160,1.268170
1706042040,1.268190,1.268230,1.268130,1.268150
1706042100,1.268150,1.268170,1.268120,1.268130
1706042160,1.268110,1.268160,1.268100,1.268100
1706042220,1.268120,1.268160,1.268100,1.268130
1706042280,1.268120,1.268190,1.268100,1.268140
1706042340,1.268130,1.268160,1.268090,1.268090
1706042400,1.268110,1.268120,1.268060,1.268080
1706042460,1.268090,1.268140,1.268060,1.268140
1706042520,1.268160,1.268190,1.268140,1.268190
1706042580,1.268210,1.268330,1.268190,1.268300
1706042640,1.268300,1.268300,1.268270,1.268290
1706042700,1.268300,1.268370,1.268280,1.268280
1706042760,1.268280,1.268390,1.268280,1.268340
1706042820,1.268360,1.268400,1.268290,1.268290
1706042880,1.268290,1.268370,1.268290,1.268310
1706042940,1.268300,1.268300,1.268210,1.268280
1706043000,1.268300,1.268480,1.268300,1.268480
1706043060,1.268480,1.268530,1.268400,1.268420
1706043120,1.268400,1.268410,1.268310,1.268350
1706043180,1.268380,1.268400,1.268380,1.268380
1706043240,1.268400,1.268420,1.268390,1.268410
1706043300,1.268420,1.268520,1.268400,1.268500
1706043360,1.268510,1.268600,1.268500,1.268590
1706043420,1.268580,1.268750,1.268570,1.268680
1706043480,1.268680,1.268680,1.268540,1.268550
1706043540,1.268550,1.268610,1.268500,1.268540
1706043600,1.268590,1.268640,1.268490,1.268520
1706043660,1.268560,1.268690,1.268560,1.268650
1706043720,1.268690,1.268720,1.268690,1.268720
1706043780,1.268700,1.268730,1.268670,1.268690
1706043840,1.268710,1.268710,1.268660,1.268710
1706043900,1.268710,1.268730,1.268700,1.268720
1706043960,1.268710,1.268720,1.268690,1.268720
1706044020,1.268700,1.268710,1.268600,1.268610
1706044080,1.268610,1.268610,1.268540,1.268540
1706044140,1.268580,1.268600,1.268580,1.268600
1706044200,1.268610,1.269020,1.268610,1.269000
1706044260,1.269020,1.269020,1.269000,1.269010
1706044320,1.268990,1.268990,1.268880,1.268880
1706044380,1.268880,1.268900,1.268880,1.268880
1706044440,1.268880,1.268960,1.268870,1.268940
1706044500,1.268950,1.268950,1.268770,1.268830
1706044560,1.268850,1.268850,1.268780,1.268810
1706044620,1.268840,1.268850,1.268790,1.268820
1706044680,1.268850,1.268850,1.268770,1.268810
1706044740,1.268830,1.268850,1.268780,1.268780
1706044800,1.268800,1.268870,1.268780,1.268870
1706044860,1.268880,1.268880,1.268860,1.268860
1706044920,1.268860,1.268970,1.268860,1.268970
1706044980,1.268950,1.268970,1.268950,1.268970
1706045040,1.268970,1.268980,1.268960,1.268960
1706045100,1.268950,1.269020,1.268950,1.269020
1706045160,1.269010,1.269140,1.268990,1.269120
1706045220,1.269150,1.269150,1.269080,1.269100
1706045280,1.269110,1.269110,1.269070,1.269080
1706045340,1.269080,1.269110,1.269010,1.269070
1706045400,1.269060,1.269090,1.269060,1.269090
1706045460,1.269090,1.269090,1.268970,1.269000
1706045520,1.269000,1.269070,1.268990,1.269050
1706045580,1.269050,1.269070,1.269000,1.269060
1706045640,1.269060,1.269130,1.269040,1.269110
1706045700,1.269140,1.269140,1.269000,1.269000
1706045760,1.269040,1.269130,1.269020,1.269080
1706045820,1.269090,1.269100,1.269080,1.269100
1706045880,1.269110,1.269110,1.268860,1.268880
1706045940,1.268880,1.268890,1.268660,1.268660
1706046000,1.268660,1.268670,1.268550,1.268550
1706046060,1.268560,1.268580,1.268540,1.268580
1706046120,1.268570,1.268630,1.268570,1.268620
1706046180,1.268600,1.268680,1.268580,1.268670
1706046240,1.268660,1.268680,1.268640,1.268640
1706046300,1.268630,1.268780,1.268590,1.268780
1706046360,1.268790,1.268820,1.268700,1.268700
1706046420,1.268750,1.268780,1.268730,1.268760
1706046480,1.268770,1.268780,1.268770,1.268780
1706046540,1.268780,1.268790,1.268690,1.268720
1706046600,1.268730,1.268750,1.268640,1.268660
1706046660,1.268680,1.268710,1.268640,1.268660
1706046720,1.268690,1.268690,1.268640,1.268690
1706046780,1.268690,1.268790,1.268660,1.268790
1706046840,1.268770,1.268770,1.268690,1.268690
1706046900,1.268680,1.268720,1.268540,1.268660
1706046960,1.268670,1.268680,1.268620,1.268680
1706047020,1.268670,1.268700,1.268650,1.268650
1706047080,1.268640,1.268700,1.268580,1.268580
1706047140,1.268630,1.268710,1.268600,1.268600
1706047200,1.268440,1.268530,1.268330,1.268530
1706047260,1.268530,1.268530,1.268530,1.268530
1706047320,1.268530,1.268530,1.268530,1.268530
1706047380,1.268530,1.268530,1.268530,1.268530
1706047440,1.268530,1.268530,1.268530,1.268530
1706047500,1.268530,1.268530,1.268430,1.268430
1706047560,1.268430,1.268430,1.268280,1.268370
1706047620,1.268370,1.268370,1.268370,1.268370
1706047680,1.268370,1.268370,1.268370,1.268370
1706047740,1.268370,1.268370,1.268370,1.268370
1706047800,1.268370,1.268370,1.268370,1.268370
1706047860,1.268370,1.268370,1.268370,1.268370
1706048040,1.268370,1.268370,1.268370,1.268370
1706048100,1.268370,1.268370,1.268370,1.268370
1706048160,1.268370,1.268370,1.268370,1.268370
1706048220,1.268370,1.268370,1.268370,1.268370
1706048280,1.268370,1.268370,1.268370,1.268370
1706048400,1.268370,1.268370,1.268370,1.268370
1706048460,1.268370,1.268370,1.268370,1.268370
1706048520,1.268370,1.268370,1.268370,1.268370
1706048580,1.268370,1.268550,1.268370,1.268370
1706048640,1.268370,1.268610,1.268370,1.268610
1706048700,1.268560,1.268650,1.268560,1.268650
1706048760,1.268660,1.268700,1.268370,1.268410
1706048820,1.268440,1.268540,1.268430,1.268510
1706048880,1.268530,1.268750,1.268520,1.268730
1706048940,1.268740,1.268740,1.268560,1.268590
1706049000,1.268600,1.268740,1.268430,1.268530
1706049060,1.268530,1.268540,1.268530,1.268530
1706049120,1.268530,1.268560,1.268530,1.268540
1706049180,1.268530,1.268590,1.268530,1.268540
1706049240,1.268540,1.268570,1.268400,1.268440
1706049300,1.268500,1.268500,1.268400,1.268420
1706049360,1.268400,1.268450,1.268400,1.268400
1706049420,1.268400,1.268420,1.268400,1.268400
1706049480,1.268400,1.268400,1.268400,1.268400
1706049540,1.268400,1.268400,1.268400,1.268400
1706049600,1.268400,1.268400,1.268400,1.268400
1706049660,1.268400,1.268430,1.268370,1.268380
1706049720,1.268390,1.268460,1.268380,1.268430
1706049780,1.268420,1.268420,1.268300,1.268390
1706049840,1.268360,1.268720,1.268320,1.268540
1706049900,1.268560,1.268720,1.268500,1.268590
1706049960,1.268570,1.268700,1.268570,1.268690
1706050020,1.268680,1.268690,1.268510,1.268530
1706050080,1.268520,1.268520,1.268280,1.268430
1706050140,1.268450,1.268640,1.268270,1.268440
1706050200,1.268430,1.268540,1.268270,1.268360
1706050260,1.268370,1.268680,1.268340,1.268570
1706050320,1.268580,1.268680,1.268390,1.268580
1706050380,1.268530,1.268660,1.268350,1.268350
1706050440,1.268340,1.268640,1.268180,1.268460
1706050500,1.268470,1.268560,1.268090,1.268350
1706050560,1.268320,1.268570,1.268080,1.268390
1706050620,1.268480,1.268620,1.268220,1.268290
1706050680,1.268290,1.268560,1.268280,1.268480
1706050740,1.268510,1.268600,1.268130,1.268220
1706050800,1.268280,1.268680,1.268140,1.268670
1706050860,1.268760,1.269060,1.268760,1.269060
1706050920,1.269060,1.269070,1.268850,1.268860
1706050980,1.268860,1.268890,1.268860,1.268880
1706051040,1.268890,1.268910,1.268860,1.268880
1706051100,1.268980,1.269080,1.268980,1.269080
1706051160,1.269060,1.269070,1.269040,1.269060
1706051220,1.269050,1.269070,1.269020,1.269060
1706051280,1.269070,1.269170,1.269050,1.269170
1706051340,1.269160,1.269250,1.269150,1.269230
1706051400,1.269230,1.269270,1.269170,1.269180
1706051460,1.269180,1.269270,1.269180,1.269260
1706051520,1.269270,1.269360,1.269270,1.269350
1706051580,1.269330,1.269350,1.269250,1.269260
1706051640,1.269270,1.269270,1.269260,1.269260
1706051700,1.269280,1.269290,1.269250,1.269250
1706051760,1.269260,1.269260,1.269250,1.269260
1706051820,1.269260,1.269260,1.269260,1.269260
1706051880,1.269260,1.269270,1.269220,1.269240
1706051940,1.269250,1.269260,1.269220,1.269250
1706052000,1.269250,1.269260,1.269220,1.269260
1706052060,1.269260,1.269260,1.269220,1.269250
1706052120,1.269250,1.269260,1.269220,1.269240
1706052180,1.269230,1.269230,1.269180,1.269200
1706052240,1.269190,1.269200,1.269170,1.269180
1706052300,1.269190,1.269190,1.269150,1.269150
1706052360,1.269150,1.269170,1.269140,1.269140
1706052420,1.269150,1.269150,1.269060,1.269070
1706052480,1.269050,1.269060,1.269050,1.269060
1706052540,1.269110,1.269120,1.269080,1.269090
1706052600,1.269110,1.269130,1.269070,1.269080
1706052660,1.269140,1.269170,1.269090,1.269140
1706052720,1.269160,1.269160,1.269100,1.269100
1706052780,1.269090,1.269150,1.269070,1.269090
1706052840,1.269130,1.269230,1.269120,1.269170
1706052900,1.269170,1.269170,1.269170,1.269170
1706052960,1.269180,1.269180,1.269070,1.269170
1706053020,1.269180,1.269220,1.269170,1.269170
1706053080,1.269160,1.269180,1.269120,1.269160
1706053140,1.269170,1.269170,1.269130,1.269130
1706053200,1.269140,1.269140,1.269110,1.269130
1706053260,1.269100,1.269120,1.269090,1.269090
1706053320,1.269080,1.269080,1.269000,1.269000
1706053380,1.268990,1.269020,1.268990,1.269010
1706053440,1.269010,1.269020,1.269010,1.269010
1706053500,1.269050,1.269060,1.268940,1.268950
1706053560,1.268970,1.268980,1.268930,1.268940
1706053620,1.268960,1.268970,1.268930,1.268930
1706053680,1.268970,1.268980,1.268940,1.268960
1706053740,1.268980,1.268990,1.268940,1.268950
1706053800,1.268960,1.269000,1.268890,1.268890
1706053860,1.268910,1.269000,1.268910,1.269000
1706053920,1.268990,1.269010,1.268990,1.268990
1706053980,1.268990,1.269000,1.268990,1.269000
1706054040,1.269010,1.269010,1.269000,1.269010
1706054100,1.269000,1.269040,1.269000,1.269030
1706054160,1.269050,1.269050,1.269000,1.269000
1706054220,1.269000,1.269000,1.268980,1.268980
1706054280,1.268990,1.269080,1.268990,1.269070
1706054340,1.269070,1.269080,1.269060,1.269070
1706054400,1.269080,1.269330,1.269070,1.269300
1706054460,1.269310,1.269330,1.269220,1.269320
1706054520,1.269280,1.269290,1.269160,1.269210
1706054580,1.269220,1.269320,1.269210,1.269280
1706054640,1.269280,1.269390,1.269280,1.269360
1706054700,1.269360,1.269390,1.269320,1.269340
1706054760,1.269330,1.269440,1.269320,1.269390
1706054820,1.269410,1.269410,1.269380,1.269400
1706054880,1.269380,1.269410,1.269380,1.269390
1706054940,1.269390,1.269410,1.269360,1.269360
1706055000,1.269370,1.269440,1.269350,1.269400
1706055060,1.269400,1.269420,1.269380,1.269380
1706055120,1.269380,1.269400,1.269370,1.269380
1706055180,1.269390,1.269420,1.269380,1.269420
1706055240,1.269430,1.269430,1.269380,1.269400
1706055300,1.269390,1.269420,1.269390,1.269400
1706055360,1.269410,1.269430,1.269390,1.269420
1706055420,1.269410,1.269600,1.269410,1.269580
1706055480,1.269550,1.269610,1.269500,1.269510
1706055540,1.269510,1.269510,1.269490,1.269500
1706055600,1.269510,1.269560,1.269490,1.269510
1706055660,1.269510,1.269520,1.269480,1.269510
1706055720,1.269500,1.269500,1.269480,1.269490
1706055780,1.269480,1.269510,1.269470,1.269470
1706055840,1.269470,1.269470,1.269270,1.269300
1706055900,1.269280,1.269280,1.269170,1.269180
1706055960,1.269170,1.269170,1.269020,1.269030
1706056020,1.269050,1.269070,1.268980,1.268990
1706056080,1.269000,1.269020,1.268880,1.268890
1706056140,1.268910,1.268920,1.268870,1.268890
1706056200,1.268890,1.269090,1.268880,1.269070
1706056260,1.269080,1.269230,1.269020,1.269230
1706056320,1.269240,1.269280,1.269190,1.269200
1706056380,1.269190,1.269380,1.269190,1.269300
1706056440,1.269320,1.269320,1.269300,1.269310
1706056500,1.269300,1.269310,1.269220,1.269270
1706056560,1.269260,1.269330,1.269260,1.269300
1706056620,1.269300,1.269340,1.269290,1.269320
1706056680,1.269310,1.269430,1.269300,1.269420
1706056740,1.269420,1.269440,1.269390,1.269420
1706056800,1.269410,1.269430,1.269400,1.269430
1706056860,1.269430,1.269440,1.269390,1.269420
1706056920,1.269420,1.269440,1.269400,1.269440
1706056980,1.269420,1.269450,1.269390,1.269430
1706057040,1.269430,1.269430,1.269330,1.269340
1706057100,1.269340,1.269350,1.269310,1.269320
1706057160,1.269340,1.269340,1.269320,1.269330
1706057220,1.269320,1.269330,1.269300,1.269330
1706057280,1.269330,1.269340,1.269320,1.269340
1706057340,1.269390,1.269510,1.269390,1.269510
1706057400,1.269510,1.269530,1.269480,1.269520
1706057460,1.269530,1.269530,1.269490,1.269520
1706057520,1.269520,1.269650,1.269520,1.269630
1706057580,1.269630,1.269630,1.269550,1.269600
1706057640,1.269610,1.269810,1.269540,1.269590
1706057700,1.269610,1.269610,1.269500,1.269500
1706057760,1.269500,1.269510,1.269400,1.269400
1706057820,1.269410,1.269410,1.269390,1.269400
1706057880,1.269380,1.269520,1.269380,1.269430
1706057940,1.269430,1.269430,1.269370,1.269390
1706058000,1.269360,1.269470,1.269200,1.269430
1706058060,1.269450,1.269500,1.269260,1.269260
1706058120,1.269280,1.269280,1.269080,1.269180
1706058180,1.269160,1.269180,1.268870,1.268960
1706058240,1.268980,1.269000,1.268850,1.268870
1706058300,1.268880,1.268910,1.268790,1.268880
1706058360,1.268870,1.269000,1.268870,1.268980
1706058420,1.268990,1.269020,1.268980,1.268990
1706058480,1.269000,1.269030,1.268910,1.269010
1706058540,1.269020,1.269080,1.268980,1.269010
1706058600,1.269000,1.269230,1.269000,1.269220
1706058660,1.269210,1.269230,1.269180,1.269200
1706058720,1.269210,1.269270,1.269180,1.269240
1706058780,1.269250,1.269400,1.269240,1.269400
1706058840,1.269400,1.269520,1.269390,1.269470
1706058900,1.269470,1.269500,1.269380,1.269480
1706058960,1.269480,1.269520,1.269360,1.269380
1706059020,1.269320,1.269370,1.269160,1.269180
1706059080,1.269190,1.269200,1.269080,1.269080
1706059140,1.269090,1.269100,1.269000,1.269090
1706059200,1.269100,1.269190,1.268950,1.269000
1706059260,1.268990,1.269010,1.268890,1.268970
1706059320,1.268980,1.269120,1.268980,1.268990
1706059380,1.269010,1.269090,1.269000,1.269020
1706059440,1.269020,1.269080,1.268920,1.268920
1706059500,1.268940,1.269020,1.268910,1.268970
1706059560,1.268990,1.268990,1.268920,1.268990
1706059620,1.268990,1.269100,1.268990,1.269090
1706059680,1.269090,1.269090,1.268970,1.269010
1706059740,1.268990,1.269320,1.268990,1.269290
1706059800,1.269320,1.269490,1.269320,1.269400
1706059860,1.269420,1.269630,1.269420,1.269610
1706059920,1.269640,1.269690,1.269450,1.269530
1706059980,1.269540,1.269590,1.269440,1.269510
1706060040,1.269520,1.269580,1.269480,1.269510
1706060100,1.269540,1.269550,1.269460,1.269500
1706060160,1.269490,1.269510,1.269380,1.269390
1706060220,1.269400,1.269490,1.269380,1.269400
1706060280,1.269410,1.269430,1.269260,1.269270
1706060340,1.269280,1.269290,1.269170,1.269200
1706060400,1.269200,1.269230,1.269180,1.269190
1706060460,1.269190,1.269340,1.269140,1.269290
1706060520,1.269280,1.269390,1.269210,1.269390
1706060580,1.269380,1.269400,1.269280,1.269380
1706060640,1.269390,1.269390,1.269230,1.269300
1706060700,1.269300,1.269300,1.269110,1.269130
1706060760,1.269140,1.269150,1.269000,1.269020
1706060820,1.269020,1.269090,1.268980,1.269080
1706060880,1.269090,1.269280,1.269080,1.269200
1706060940,1.269210,1.269310,1.269210,1.269210
1706061000,1.269230,1.269240,1.269190,1.269220
1706061060,1.269220,1.269280,1.269180,1.269240
1706061120,1.269250,1.269300,1.269200,1.269270
1706061180,1.269260,1.269300,1.269200,1.269280
1706061240,1.269260,1.269290,1.269170,1.269190
1706061300,1.269210,1.269280,1.269210,1.269220
1706061360,1.269240,1.269310,1.269180,1.269210
1706061420,1.269200,1.269230,1.269180,1.269200
1706061480,1.269190,1.269320,1.269190,1.269240
1706061540,1.269230,1.269230,1.269180,1.269200
1706061600,1.269200,1.269240,1.269130,1.269160
1706061660,1.269120,1.269220,1.269120,1.269220
1706061720,1.269210,1.269230,1.269160,1.269200
1706061780,1.269180,1.269240,1.269100,1.269120
1706061840,1.269110,1.269180,1.269080,1.269110
1706061900,1.269130,1.269200,1.269120,1.269190
1706061960,1.269180,1.269210,1.269100,1.269110
1706062020,1.269110,1.269190,1.269100,1.269120
1706062080,1.269110,1.269130,1.269040,1.269090
1706062140,1.269100,1.269120,1.269060,1.269090
1706062200,1.269090,1.269090,1.268900,1.268900
1706062260,1.268910,1.268940,1.268820,1.268900
1706062320,1.268920,1.268930,1.268750,1.268750
1706062380,1.268760,1.268790,1.268600,1.268680
1706062440,1.268680,1.268680,1.268600,1.268600
1706062500,1.268630,1.268670,1.268520,1.268580
1706062560,1.268600,1.268670,1.268580,1.268650
1706062620,1.268670,1.268740,1.268670,1.268710
1706062680,1.268730,1.268750,1.268690,1.268710
1706062740,1.268710,1.268730,1.268670,1.268690
1706062800,1.268690,1.268740,1.268650,1.268690
1706062860,1.268710,1.268760,1.268700,1.268710
1706062920,1.268710,1.268710,1.268600,1.268700
1706062980,1.268710,1.268710,1.268680,1.268700
1706063040,1.268700,1.268700,1.268630,1.268630
1706063100,1.268670,1.268720,1.268670,1.268710
1706063160,1.268700,1.268720,1.268620,1.268660
1706063220,1.268660,1.268810,1.268660,1.268800
1706063280,1.268800,1.268820,1.268770,1.268800
1706063340,1.268770,1.268830,1.268760,1.268800
1706063400,1.268810,1.268890,1.268770,1.268830
1706063460,1.268850,1.268900,1.268810,1.268810
1706063520,1.268810,1.268820,1.268700,1.268710
1706063580,1.268700,1.268710,1.268600,1.268690
1706063640,1.268690,1.268740,1.268690,1.268700
1706063700,1.268710,1.268840,1.268710,1.268830
1706063760,1.268830,1.268840,1.268710,1.268790
1706063820,1.268790,1.268790,1.268710,1.268710
1706063880,1.268710,1.268720,1.268690,1.268710
1706063940,1.268700,1.268730,1.268640,1.268700
1706064000,1.268700,1.268710,1.268630,1.268640
1706064060,1.268630,1.268660,1.268600,1.268630
1706064120,1.268630,1.268720,1.268620,1.268640
1706064180,1.268650,1.268730,1.268640,1.268730
1706064240,1.268730,1.268730,1.268640,1.268720
1706064300,1.268720,1.268740,1.268700,1.268720
1706064360,1.268720,1.268730,1.268690,1.268720
1706064420,1.268730,1.268730,1.268710,1.268730
1706064480,1.268730,1.268850,1.268720,1.268840
1706064540,1.268840,1.268940,1.268840,1.268930
1706064600,1.268910,1.268950,1.268900,1.268930
1706064660,1.268940,1.269030,1.268930,1.269020
1706064720,1.269020,1.269030,1.268990,1.269030
1706064780,1.269030,1.269100,1.269010,1.269010
1706064840,1.269010,1.269010,1.268990,1.269010
1706064900,1.269020,1.269020,1.268980,1.268980
1706064960,1.268990,1.269040,1.268970,1.269000
1706065020,1.269020,1.269140,1.269010,1.269100
1706065080,1.269100,1.269110,1.268890,1.268930
1706065140,1.268900,1.269040,1.268900,1.269040
1706065200,1.269030,1.269090,1.269030,1.269070
1706065260,1.269070,1.269170,1.269070,1.269150
1706065320,1.269170,1.269180,1.269070,1.269070
1706065380,1.269080,1.269090,1.269000,1.269010
1706065440,1.269010,1.269080,1.268960,1.269080
1706065500,1.269060,1.269080,1.268980,1.268990
1706065560,1.268990,1.269080,1.268990,1.269070
1706065620,1.269070,1.269120,1.269020,1.269090
1706065680,1.269110,1.269140,1.269090,1.269110
1706065740,1.269120,1.269130,1.269090,1.269120
1706065800,1.269100,1.269190,1.269100,1.269180
1706065860,1.269160,1.269180,1.269070,1.269090
1706065920,1.269120,1.269140,1.269070,1.269070
1706065980,1.269090,1.269190,1.269080,1.269170
1706066040,1.269180,1.269300,1.269180,1.269270
1706066100,1.269260,1.269410,1.269260,1.269380
1706066160,1.269400,1.269510,1.269390,1.269490
1706066220,1.269500,1.269540,1.269450,1.269470
1706066280,1.269460,1.269480,1.269380,1.269390
1706066340,1.269390,1.269490,1.269380,1.269450
1706066400,1.269450,1.269460,1.269270,1.269310
1706066460,1.269330,1.269330,1.269160,1.269210
1706066520,1.269200,1.269240,1.269170,1.269190
1706066580,1.269190,1.269190,1.269080,1.269190
1706066640,1.269220,1.269290,1.269200,1.269210
1706066700,1.269220,1.269220,1.269190,1.269200
1706066760,1.269170,1.269210,1.269170,1.269200
1706066820,1.269210,1.269290,1.269210,1.269280
1706066880,1.269280,1.269290,1.269190,1.269200
1706066940,1.269190,1.269240,1.269190,1.269220
1706067000,1.269250,1.269420,1.269180,1.269420
1706067060,1.269430,1.269530,1.269400,1.269460
1706067120,1.269460,1.269500,1.269450,1.269480
1706067180,1.269480,1.269540,1.269460,1.269530
1706067240,1.269540,1.269540,1.269490,1.269500
1706067300,1.269500,1.269530,1.269500,1.269510
1706067360,1.269470,1.269530,1.269450,1.269520
1706067420,1.269530,1.269530,1.269510,1.269520
1706067480,1.269520,1.269530,1.269440,1.269450
1706067540,1.269450,1.269450,1.269400,1.269430
1706067600,1.269430,1.269520,1.269410,1.269510
1706067660,1.269500,1.269530,1.269480,1.269490
1706067720,1.269500,1.269510,1.269460,1.269510
1706067780,1.269510,1.269630,1.269510,1.269620
1706067840,1.269620,1.269630,1.269610,1.269610
1706067900,1.269640,1.269800,1.269640,1.269700
1706067960,1.269700,1.269910,1.269690,1.269900
1706068020,1.269920,1.269940,1.269820,1.269880
1706068080,1.269870,1.269870,1.269770,1.269830
1706068140,1.269810,1.269890,1.269790,1.269800
1706068200,1.269800,1.269900,1.269800,1.269850
1706068260,1.269840,1.270020,1.269830,1.269860
1706068320,1.269880,1.269900,1.269780,1.269790
1706068380,1.269800,1.269800,1.269700,1.269710
1706068440,1.269700,1.269710,1.269680,1.269700
1706068500,1.269710,1.269750,1.269680,1.269740
1706068560,1.269740,1.269750,1.269690,1.269690
1706068620,1.269700,1.269720,1.269640,1.269640
1706068680,1.269620,1.269630,1.269570,1.269580
1706068740,1.269590,1.269610,1.269570,1.269610
1706068800,1.269630,1.269700,1.269580,1.269690
1706068860,1.269730,1.269730,1.269560,1.269610
1706068920,1.269620,1.269640,1.269590,1.269630
1706068980,1.269630,1.269630,1.269570,1.269590
1706069040,1.269600,1.269670,1.269580,1.269670
1706069100,1.269670,1.269670,1.269580,1.269610
1706069160,1.269620,1.269700,1.269610,1.269620
1706069220,1.269620,1.269630,1.269600,1.269610
1706069280,1.269610,1.269630,1.269590,1.269630
1706069340,1.269630,1.269800,1.269630,1.269800
1706069400,1.269800,1.269820,1.269770,1.269770
1706069460,1.269760,1.269770,1.269660,1.269700
1706069520,1.269710,1.269720,1.269700,1.269720
1706069580,1.269720,1.269730,1.269690,1.269700
1706069640,1.269700,1.269710,1.269690,1.269700
1706069700,1.269710,1.269740,1.269690,1.269700
1706069760,1.269700,1.269730,1.269690,1.269730
1706069820,1.269740,1.269790,1.269720,1.269790
1706069880,1.269800,1.269800,1.269780,1.269800
1706069940,1.269800,1.269890,1.269800,1.269890
1706070000,1.269900,1.269900,1.269870,1.269870
1706070060,1.269900,1.269930,1.269810,1.269820
1706070120,1.269820,1.269820,1.269780,1.269790
1706070180,1.269780,1.269820,1.269760,1.269790
1706070240,1.269800,1.269880,1.269780,1.269870
1706070300,1.269850,1.269870,1.269770,1.269810
1706070360,1.269790,1.269820,1.269790,1.269810
1706070420,1.269810,1.269820,1.269760,1.269780
1706070480,1.269790,1.269860,1.269760,1.269830
1706070540,1.269840,1.269890,1.269820,1.269820
1706070600,1.269810,1.269870,1.269810,1.269810
1706070660,1.269830,1.269880,1.269830,1.269870
1706070720,1.269880,1.269900,1.269820,1.269880
1706070780,1.269880,1.269890,1.269860,1.269880
1706070840,1.269870,1.270010,1.269870,1.270000
1706070900,1.270010,1.270020,1.269990,1.270000
1706070960,1.270000,1.270020,1.269980,1.269980
1706071020,1.270000,1.270090,1.269980,1.270080
1706071080,1.270080,1.270090,1.270060,1.270090
1706071140,1.270100,1.270140,1.270090,1.270120
1706071200,1.270110,1.270130,1.270110,1.270120
1706071260,1.270120,1.270160,1.270090,1.270120
1706071320,1.270100,1.270110,1.270090,1.270110
1706071380,1.270180,1.270310,1.270160,1.270310
1706071440,1.270300,1.270330,1.270280,1.270330
1706071500,1.270320,1.270390,1.270270,1.270300
1706071560,1.270320,1.270390,1.270310,1.270310
1706071620,1.270300,1.270300,1.270180,1.270180
1706071680,1.270180,1.270340,1.270180,1.270310
1706071740,1.270320,1.270320,1.270270,1.270300
1706071800,1.270290,1.270340,1.270280,1.270310
1706071860,1.270300,1.270380,1.270290,1.270320
1706071920,1.270320,1.270330,1.270220,1.270280
1706071980,1.270270,1.270270,1.270190,1.270200
1706072040,1.270220,1.270260,1.270190,1.270220
1706072100,1.270220,1.270270,1.270200,1.270240
1706072160,1.270250,1.270260,1.270140,1.270190
1706072220,1.270190,1.270190,1.270160,1.270180
1706072280,1.270170,1.270210,1.270150,1.270210
1706072340,1.270210,1.270230,1.270210,1.270230
