time,open,high,low,close
1286769600,114.560000,114.570000,114.560000,114.570000
1286769660,114.590000,114.590000,114.550000,114.550000
1286769720,114.560000,114.560000,114.540000,114.550000
1286770080,114.540000,114.540000,114.540000,114.540000
1286770140,114.530000,114.560000,114.530000,114.560000
1286770200,114.570000,114.570000,114.550000,114.550000
1286770320,114.540000,114.550000,114.540000,114.540000
1286770380,114.550000,114.550000,114.550000,114.550000
1286770440,114.540000,114.550000,114.540000,114.540000
1286770500,114.550000,114.550000,114.540000,114.540000
1286770560,114.550000,114.550000,114.540000,114.550000
1286770620,114.560000,114.560000,114.550000,114.550000
1286770740,114.560000,114.560000,114.560000,114.560000
1286770800,114.550000,114.550000,114.540000,114.550000
1286770860,114.560000,114.580000,114.560000,114.570000
1286770920,114.560000,114.570000,114.560000,114.570000
1286770980,114.580000,114.620000,114.580000,114.610000
1286771040,114.600000,114.600000,114.590000,114.590000
1286771100,114.580000,114.590000,114.570000,114.570000
1286771160,114.580000,114.590000,114.560000,114.580000
1286771340,114.590000,114.590000,114.580000,114.580000
1286771460,114.590000,114.590000,114.580000,114.580000
1286771520,114.590000,114.590000,114.580000,114.580000
1286771580,114.590000,114.590000,114.590000,114.590000
1286771640,114.610000,114.610000,114.610000,114.610000
1286771700,114.600000,114.600000,114.600000,114.600000
1286771760,114.610000,114.610000,114.610000,114.610000
1286771820,114.620000,114.630000,114.610000,114.630000
1286771880,114.620000,114.620000,114.620000,114.620000
1286771940,114.610000,114.620000,114.610000,114.620000
1286772000,114.610000,114.620000,114.610000,114.620000
1286772180,114.610000,114.610000,114.610000,114.610000
1286772240,114.620000,114.620000,114.610000,114.620000
1286772300,114.610000,114.640000,114.610000,114.640000
1286772360,114.630000,114.640000,114.610000,114.640000
1286772420,114.630000,114.640000,114.620000,114.640000
1286772480,114.650000,114.670000,114.640000,114.660000
1286772540,114.650000,114.650000,114.650000,114.650000
1286772600,114.660000,114.680000,114.640000,114.650000
1286772660,114.660000,114.660000,114.620000,114.630000
1286772720,114.640000,114.640000,114.610000,114.620000
1286772780,114.610000,114.620000,114.610000,114.620000
1286772840,114.610000,114.610000,114.580000,114.600000
1286772900,114.590000,114.610000,114.590000,114.600000
1286772960,114.610000,114.610000,114.610000,114.610000
1286773020,114.620000,114.620000,114.590000,114.600000
1286773080,114.610000,114.620000,114.610000,114.610000
1286773140,114.600000,114.630000,114.600000,114.620000
1286773200,114.610000,114.610000,114.600000,114.600000
1286773260,114.590000,114.590000,114.580000,114.590000
1286773320,114.580000,114.590000,114.580000,114.590000
1286773380,114.600000,114.600000,114.590000,114.590000
1286773440,114.600000,114.600000,114.570000,114.590000
1286773500,114.600000,114.620000,114.590000,114.620000
1286773560,114.610000,114.620000,114.580000,114.580000
1286773620,114.590000,114.590000,114.590000,114.590000
1286773680,114.580000,114.580000,114.580000,114.580000
1286773740,114.570000,114.570000,114.540000,114.550000
1286773800,114.540000,114.560000,114.530000,114.560000
1286773860,114.570000,114.590000,114.560000,114.590000
1286773920,114.580000,114.580000,114.570000,114.570000
1286773980,114.580000,114.580000,114.570000,114.570000
1286774040,114.580000,114.580000,114.570000,114.580000
1286774100,114.570000,114.590000,114.570000,114.590000
1286774160,114.580000,114.600000,114.580000,114.600000
1286774220,114.590000,114.590000,114.580000,114.580000
1286774280,114.570000,114.580000,114.570000,114.580000
1286774340,114.570000,114.580000,114.560000,114.580000
1286774400,114.590000,114.590000,114.570000,114.570000
1286774460,114.580000,114.580000,114.580000,114.580000
1286774520,114.590000,114.590000,114.590000,114.590000
1286774580,114.580000,114.590000,114.580000,114.590000
1286774640,114.580000,114.580000,114.570000,114.570000
1286774700,114.580000,114.580000,114.540000,114.550000
1286774760,114.560000,114.560000,114.520000,114.520000
1286774820,114.530000,114.540000,114.530000,114.540000
1286774880,114.550000,114.560000,114.550000,114.560000
1286774940,114.570000,114.570000,114.570000,114.570000
1286775060,114.560000,114.560000,114.560000,114.560000
1286775120,114.570000,114.570000,114.570000,114.570000
1286775180,114.580000,114.590000,114.570000,114.580000
1286775240,114.570000,114.590000,114.570000,114.590000
1286775300,114.600000,114.620000,114.600000,114.620000
1286775360,114.630000,114.630000,114.610000,114.620000
1286775420,114.610000,114.620000,114.610000,114.610000
1286775480,114.620000,114.640000,114.600000,114.600000
1286775540,114.590000,114.600000,114.590000,114.590000
1286775600,114.580000,114.600000,114.570000,114.590000
1286775660,114.580000,114.590000,114.580000,114.580000
1286775720,114.590000,114.600000,114.580000,114.590000
1286775780,114.600000,114.600000,114.580000,114.590000
1286775840,114.600000,114.600000,114.600000,114.600000
1286775960,114.590000,114.600000,114.590000,114.600000
1286776020,114.590000,114.600000,114.580000,114.580000
1286776080,114.570000,114.580000,114.560000,114.580000
1286776140,114.570000,114.580000,114.560000,114.570000
1286776200,114.560000,114.570000,114.550000,114.570000
1286776260,114.560000,114.560000,114.540000,114.540000
1286776320,114.530000,114.530000,114.510000,114.520000
1286776380,114.510000,114.520000,114.500000,114.520000
1286776440,114.530000,114.530000,114.520000,114.530000
1286776500,114.520000,114.530000,114.520000,114.530000
1286776560,114.540000,114.550000,114.540000,114.550000
1286776620,114.540000,114.540000,114.530000,114.540000
1286776680,114.530000,114.550000,114.520000,114.540000
1286776740,114.550000,114.560000,114.540000,114.540000
1286776800,114.530000,114.580000,114.510000,114.560000
1286776860,114.570000,114.580000,114.570000,114.580000
1286776920,114.570000,114.580000,114.540000,114.550000
1286776980,114.560000,114.580000,114.560000,114.570000
1286777040,114.580000,114.590000,114.560000,114.580000
1286777100,114.570000,114.580000,114.560000,114.560000
1286777160,114.550000,114.560000,114.500000,114.500000
1286777220,114.490000,114.520000,114.480000,114.510000
1286777280,114.520000,114.540000,114.510000,114.540000
1286777340,114.530000,114.540000,114.490000,114.500000
1286777400,114.490000,114.540000,114.490000,114.500000
1286777460,114.490000,114.510000,114.490000,114.510000
1286777520,114.520000,114.540000,114.460000,114.530000
1286777580,114.520000,114.560000,114.520000,114.530000
1286777640,114.520000,114.520000,114.510000,114.510000
1286777700,114.520000,114.570000,114.520000,114.540000
1286777760,114.530000,114.560000,114.530000,114.560000
1286777820,114.550000,114.560000,114.520000,114.540000
1286777880,114.550000,114.570000,114.540000,114.560000
1286777940,114.550000,114.570000,114.540000,114.560000
1286778000,114.570000,114.610000,114.570000,114.600000
1286778060,114.610000,114.640000,114.600000,114.610000
1286778120,114.600000,114.640000,114.600000,114.620000
1286778180,114.610000,114.620000,114.590000,114.600000
1286778240,114.590000,114.630000,114.580000,114.590000
1286778300,114.600000,114.620000,114.570000,114.600000
1286778360,114.590000,114.610000,114.580000,114.590000
1286778420,114.600000,114.610000,114.590000,114.590000
1286778480,114.580000,114.630000,114.580000,114.630000
1286778540,114.620000,114.630000,114.610000,114.610000
1286778600,114.600000,114.620000,114.570000,114.570000
1286778660,114.560000,114.600000,114.550000,114.570000
1286778720,114.580000,114.580000,114.560000,114.560000
1286778780,114.550000,114.580000,114.550000,114.570000
1286778840,114.580000,114.590000,114.560000,114.560000
1286778900,114.550000,114.580000,114.550000,114.580000
1286778960,114.570000,114.570000,114.540000,114.560000
1286779020,114.550000,114.560000,114.500000,114.500000
1286779080,114.480000,114.500000,114.460000,114.470000
1286779140,114.480000,114.500000,114.470000,114.490000
1286779200,114.480000,114.480000,114.460000,114.460000
1286779260,114.470000,114.470000,114.430000,114.450000
1286779320,114.460000,114.470000,114.450000,114.460000
1286779380,114.450000,114.480000,114.430000,114.480000
1286779440,114.470000,114.490000,114.450000,114.460000
1286779500,114.470000,114.480000,114.450000,114.480000
1286779560,114.470000,114.470000,114.430000,114.450000
1286779620,114.460000,114.470000,114.450000,114.470000
1286779680,114.460000,114.470000,114.460000,114.470000
1286779740,114.460000,114.470000,114.460000,114.470000
1286779800,114.460000,114.460000,114.450000,114.460000
1286779860,114.470000,114.470000,114.460000,114.460000
1286779920,114.470000,114.500000,114.470000,114.500000
1286779980,114.490000,114.510000,114.490000,114.510000
1286780040,114.520000,114.520000,114.520000,114.520000
1286780100,114.530000,114.540000,114.520000,114.540000
1286780160,114.530000,114.540000,114.520000,114.530000
1286780220,114.520000,114.520000,114.460000,114.470000
1286780280,114.480000,114.480000,114.470000,114.480000
1286780340,114.470000,114.480000,114.440000,114.440000
1286780400,114.450000,114.540000,114.450000,114.530000
1286780460,114.540000,114.610000,114.520000,114.520000
1286780520,114.530000,114.590000,114.530000,114.580000
1286780580,114.590000,114.600000,114.530000,114.580000
1286780640,114.590000,114.620000,114.550000,114.560000
1286780700,114.550000,114.600000,114.550000,114.580000
1286780760,114.570000,114.580000,114.510000,114.510000
1286780820,114.520000,114.530000,114.510000,114.520000
1286780880,114.510000,114.520000,114.510000,114.510000
1286780940,114.500000,114.510000,114.490000,114.490000
1286781000,114.480000,114.490000,114.470000,114.480000
1286781060,114.470000,114.470000,114.430000,114.430000
1286781120,114.420000,114.440000,114.380000,114.380000
1286781180,114.390000,114.420000,114.350000,114.370000
1286781240,114.360000,114.380000,114.350000,114.370000
1286781300,114.380000,114.430000,114.380000,114.410000
1286781360,114.400000,114.410000,114.360000,114.380000
1286781420,114.370000,114.410000,114.360000,114.400000
1286781480,114.410000,114.410000,114.370000,114.390000
1286781540,114.380000,114.400000,114.370000,114.370000
1286781600,114.380000,114.420000,114.380000,114.420000
1286781660,114.410000,114.450000,114.400000,114.450000
1286781720,114.440000,114.460000,114.430000,114.450000
1286781780,114.440000,114.460000,114.430000,114.450000
1286781840,114.440000,114.450000,114.400000,114.400000
1286781900,114.390000,114.430000,114.380000,114.400000
1286781960,114.410000,114.410000,114.390000,114.400000
1286782020,114.390000,114.390000,114.340000,114.340000
1286782080,114.330000,114.370000,114.330000,114.340000
1286782140,114.330000,114.370000,114.300000,114.310000
1286782200,114.320000,114.390000,114.310000,114.360000
1286782260,114.350000,114.370000,114.350000,114.360000
1286782320,114.370000,114.380000,114.360000,114.380000
1286782380,114.390000,114.390000,114.360000,114.370000
1286782440,114.380000,114.380000,114.330000,114.330000
1286782500,114.340000,114.350000,114.310000,114.350000
1286782560,114.360000,114.400000,114.340000,114.400000
1286782620,114.390000,114.400000,114.360000,114.370000
1286782680,114.380000,114.380000,114.350000,114.360000
1286782740,114.350000,114.380000,114.350000,114.370000
1286782800,114.360000,114.380000,114.360000,114.370000
1286782860,114.380000,114.390000,114.370000,114.390000
1286782920,114.380000,114.400000,114.380000,114.400000
1286782980,114.390000,114.400000,114.380000,114.390000
1286783040,114.380000,114.390000,114.360000,114.370000
1286783100,114.360000,114.390000,114.360000,114.380000
1286783160,114.390000,114.400000,114.380000,114.380000
1286783220,114.370000,114.370000,114.290000,114.300000
1286783280,114.310000,114.330000,114.280000,114.300000
1286783340,114.290000,114.330000,114.290000,114.310000
1286783400,114.300000,114.350000,114.300000,114.350000
1286783460,114.340000,114.380000,114.330000,114.380000
1286783520,114.370000,114.380000,114.360000,114.370000
1286783580,114.380000,114.390000,114.350000,114.350000
1286783640,114.360000,114.360000,114.340000,114.350000
1286783700,114.340000,114.340000,114.300000,114.320000
1286783760,114.330000,114.340000,114.310000,114.330000
1286783820,114.320000,114.330000,114.250000,114.250000
1286783880,114.240000,114.270000,114.220000,114.270000
1286783940,114.280000,114.300000,114.230000,114.270000
1286784000,114.260000,114.270000,114.240000,114.260000
1286784060,114.250000,114.280000,114.250000,114.270000
1286784120,114.280000,114.280000,114.260000,114.280000
1286784180,114.290000,114.350000,114.280000,114.340000
1286784240,114.330000,114.370000,114.330000,114.370000
1286784300,114.360000,114.370000,114.330000,114.350000
1286784360,114.360000,114.360000,114.320000,114.320000
1286784420,114.330000,114.350000,114.320000,114.350000
1286784480,114.360000,114.370000,114.340000,114.370000
1286784540,114.360000,114.380000,114.350000,114.360000
1286784600,114.350000,114.380000,114.350000,114.380000
1286784660,114.370000,114.380000,114.340000,114.360000
1286784720,114.370000,114.370000,114.340000,114.350000
1286784780,114.340000,114.390000,114.340000,114.380000
1286784840,114.390000,114.390000,114.370000,114.380000
1286784900,114.370000,114.380000,114.360000,114.370000
1286784960,114.360000,114.370000,114.350000,114.370000
1286785020,114.360000,114.380000,114.340000,114.370000
1286785080,114.380000,114.380000,114.340000,114.340000
1286785140,114.330000,114.340000,114.310000,114.310000
1286785200,114.320000,114.320000,114.290000,114.300000
1286785260,114.310000,114.310000,114.290000,114.290000
1286785320,114.300000,114.320000,114.300000,114.320000
1286785380,114.310000,114.320000,114.290000,114.290000
1286785440,114.300000,114.320000,114.290000,114.310000
1286785500,114.300000,114.330000,114.280000,114.310000
1286785560,114.320000,114.330000,114.310000,114.330000
1286785620,114.340000,114.340000,114.310000,114.330000
1286785680,114.340000,114.340000,114.330000,114.340000
1286785740,114.330000,114.350000,114.320000,114.330000
1286785800,114.340000,114.390000,114.340000,114.380000
1286785860,114.370000,114.370000,114.340000,114.340000
1286785920,114.350000,114.390000,114.350000,114.390000
1286785980,114.400000,114.420000,114.390000,114.390000
1286786040,114.400000,114.420000,114.400000,114.410000
1286786100,114.420000,114.440000,114.400000,114.440000
1286786160,114.430000,114.460000,114.430000,114.430000
1286786220,114.440000,114.460000,114.430000,114.440000
1286786280,114.430000,114.440000,114.430000,114.440000
1286786340,114.450000,114.460000,114.430000,114.430000
1286786400,114.420000,114.470000,114.420000,114.470000
1286786460,114.460000,114.480000,114.450000,114.480000
1286786520,114.470000,114.500000,114.460000,114.490000
1286786580,114.480000,114.480000,114.460000,114.460000
1286786640,114.470000,114.480000,114.470000,114.480000
1286786700,114.490000,114.490000,114.460000,114.470000
1286786760,114.460000,114.460000,114.440000,114.440000
1286786820,114.450000,114.450000,114.440000,114.440000
1286786880,114.430000,114.440000,114.420000,114.430000
1286786940,114.420000,114.430000,114.420000,114.430000
1286787000,114.420000,114.430000,114.380000,114.380000
1286787060,114.390000,114.400000,114.370000,114.370000
1286787120,114.380000,114.380000,114.320000,114.320000
1286787180,114.330000,114.350000,114.300000,114.310000
1286787240,114.320000,114.330000,114.310000,114.320000
1286787300,114.310000,114.320000,114.290000,114.320000
1286787360,114.310000,114.330000,114.310000,114.320000
1286787420,114.330000,114.360000,114.320000,114.350000
1286787480,114.340000,114.370000,114.330000,114.370000
1286787540,114.380000,114.380000,114.360000,114.360000
1286787600,114.350000,114.370000,114.330000,114.340000
1286787660,114.330000,114.340000,114.290000,114.290000
1286787720,114.280000,114.310000,114.280000,114.290000
1286787780,114.300000,114.350000,114.300000,114.330000
1286787840,114.320000,114.340000,114.320000,114.340000
1286787900,114.330000,114.330000,114.310000,114.320000
1286787960,114.330000,114.330000,114.320000,114.330000
1286788020,114.340000,114.340000,114.320000,114.320000
1286788080,114.330000,114.360000,114.330000,114.350000
1286788140,114.360000,114.370000,114.340000,114.340000
1286788200,114.350000,114.360000,114.330000,114.360000
1286788260,114.370000,114.380000,114.350000,114.350000
1286788320,114.340000,114.370000,114.330000,114.360000
1286788380,114.370000,114.370000,114.330000,114.350000
1286788440,114.360000,114.360000,114.350000,114.350000
1286788500,114.360000,114.390000,114.360000,114.370000
1286788560,114.380000,114.380000,114.360000,114.380000
1286788620,114.390000,114.390000,114.370000,114.370000
1286788680,114.380000,114.420000,114.380000,114.410000
1286788740,114.420000,114.420000,114.400000,114.400000
1286788800,114.390000,114.400000,114.370000,114.370000
1286788860,114.360000,114.400000,114.330000,114.390000
1286788920,114.380000,114.410000,114.350000,114.400000
1286788980,114.390000,114.410000,114.360000,114.390000
1286789040,114.380000,114.400000,114.360000,114.380000
1286789100,114.370000,114.410000,114.370000,114.400000
1286789160,114.390000,114.400000,114.360000,114.380000
1286789220,114.390000,114.410000,114.370000,114.390000
1286789280,114.380000,114.380000,114.370000,114.370000
1286789340,114.360000,114.380000,114.360000,114.370000
1286789400,114.380000,114.400000,114.380000,114.400000
1286789460,114.380000,114.380000,114.320000,114.320000
1286789520,114.310000,114.340000,114.310000,114.340000
1286789580,114.350000,114.370000,114.320000,114.330000
1286789640,114.320000,114.330000,114.320000,114.320000
1286789700,114.330000,114.330000,114.310000,114.320000
1286789820,114.330000,114.330000,114.320000,114.330000
1286789880,114.320000,114.330000,114.310000,114.330000
1286789940,114.320000,114.320000,114.320000,114.320000
1286790000,114.330000,114.350000,114.320000,114.350000
1286790060,114.340000,114.370000,114.340000,114.350000
1286790120,114.360000,114.380000,114.350000,114.350000
1286790180,114.360000,114.360000,114.360000,114.360000
1286790240,114.350000,114.380000,114.350000,114.370000
1286790300,114.380000,114.400000,114.370000,114.390000
1286790360,114.380000,114.380000,114.360000,114.360000
1286790420,114.370000,114.370000,114.350000,114.350000
1286790480,114.340000,114.350000,114.330000,114.330000
1286790540,114.340000,114.360000,114.340000,114.350000
1286790600,114.360000,114.370000,114.360000,114.370000
1286790660,114.380000,114.390000,114.370000,114.380000
1286790720,114.390000,114.390000,114.340000,114.340000
1286790780,114.350000,114.350000,114.310000,114.320000
1286790840,114.330000,114.340000,114.330000,114.330000
1286790900,114.340000,114.370000,114.340000,114.370000
1286790960,114.360000,114.370000,114.340000,114.360000
1286791020,114.370000,114.370000,114.340000,114.350000
1286791080,114.340000,114.350000,114.340000,114.350000
1286791140,114.360000,114.360000,114.350000,114.360000
1286791200,114.350000,114.350000,114.330000,114.340000
1286791260,114.330000,114.340000,114.330000,114.330000
1286791320,114.340000,114.340000,114.310000,114.310000
1286791380,114.320000,114.340000,114.310000,114.310000
1286791440,114.320000,114.320000,114.310000,114.320000
1286791500,114.330000,114.350000,114.320000,114.320000
1286791560,114.330000,114.340000,114.310000,114.310000
1286791620,114.320000,114.330000,114.310000,114.330000
1286791680,114.340000,114.350000,114.330000,114.350000
1286791740,114.340000,114.350000,114.340000,114.340000
1286791800,114.330000,114.340000,114.330000,114.340000
1286791860,114.330000,114.340000,114.330000,114.330000
1286791920,114.320000,114.330000,114.320000,114.330000
1286791980,114.320000,114.330000,114.320000,114.330000
1286792040,114.340000,114.340000,114.340000,114.340000
1286792100,114.330000,114.330000,114.320000,114.320000
1286792160,114.310000,114.350000,114.310000,114.340000
1286792220,114.330000,114.360000,114.330000,114.330000
1286792280,114.340000,114.340000,114.330000,114.340000
1286792340,114.330000,114.350000,114.320000,114.330000
1286792400,114.320000,114.340000,114.310000,114.340000
1286792460,114.330000,114.340000,114.320000,114.340000
1286792520,114.350000,114.350000,114.340000,114.350000
1286792580,114.340000,114.360000,114.340000,114.350000
1286792640,114.340000,114.350000,114.330000,114.350000
1286792700,114.340000,114.360000,114.330000,114.340000
1286792760,114.350000,114.350000,114.350000,114.350000
1286792820,114.360000,114.360000,114.360000,114.360000
1286792880,114.350000,114.350000,114.310000,114.320000
1286792940,114.330000,114.330000,114.310000,114.320000
1286793000,114.330000,114.330000,114.320000,114.320000
1286793060,114.310000,114.330000,114.300000,114.320000
1286793120,114.330000,114.330000,114.320000,114.330000
1286793180,114.320000,114.320000,114.310000,114.310000
1286793240,114.300000,114.340000,114.300000,114.330000
1286793300,114.320000,114.330000,114.310000,114.310000
1286793360,114.300000,114.310000,114.300000,114.310000
1286793420,114.320000,114.320000,114.290000,114.310000
1286793480,114.320000,114.320000,114.300000,114.300000
1286793540,114.310000,114.320000,114.300000,114.310000
1286793600,114.300000,114.310000,114.280000,114.280000
1286793660,114.290000,114.310000,114.280000,114.300000
1286793720,114.290000,114.290000,114.290000,114.290000
1286793780,114.300000,114.300000,114.300000,114.300000
1286793840,114.310000,114.320000,114.300000,114.300000
1286793900,114.290000,114.300000,114.290000,114.290000
1286793960,114.300000,114.300000,114.290000,114.290000
1286794020,114.280000,114.280000,114.270000,114.280000
1286794080,114.270000,114.280000,114.260000,114.260000
1286794140,114.270000,114.280000,114.270000,114.280000
1286794200,114.290000,114.290000,114.260000,114.260000
1286794260,114.270000,114.270000,114.230000,114.230000
1286794320,114.220000,114.230000,114.210000,114.220000
1286794380,114.210000,114.220000,114.210000,114.220000
1286794440,114.210000,114.230000,114.210000,114.230000
1286794500,114.220000,114.230000,114.220000,114.230000
1286794560,114.220000,114.230000,114.210000,114.210000
1286794620,114.200000,114.210000,114.200000,114.210000
1286794680,114.200000,114.220000,114.200000,114.210000
1286794740,114.220000,114.220000,114.210000,114.220000
1286794800,114.210000,114.220000,114.210000,114.210000
1286794860,114.220000,114.220000,114.220000,114.220000
1286794920,114.230000,114.230000,114.220000,114.220000
1286794980,114.210000,114.220000,114.210000,114.210000
1286795040,114.200000,114.210000,114.200000,114.200000
1286795100,114.190000,114.220000,114.190000,114.210000
1286795160,114.200000,114.210000,114.190000,114.190000
1286795220,114.180000,114.190000,114.170000,114.190000
1286795280,114.180000,114.190000,114.170000,114.170000
1286795340,114.180000,114.180000,114.130000,114.140000
1286795400,114.130000,114.150000,114.130000,114.130000
1286795460,114.140000,114.160000,114.130000,114.160000
1286795520,114.150000,114.160000,114.150000,114.150000
1286795580,114.160000,114.160000,114.150000,114.160000
1286795640,114.170000,114.170000,114.150000,114.150000
1286795700,114.160000,114.170000,114.160000,114.170000
1286795760,114.180000,114.200000,114.180000,114.200000
1286795820,114.210000,114.210000,114.190000,114.200000
1286795880,114.190000,114.230000,114.190000,114.210000
1286795940,114.200000,114.210000,114.200000,114.200000
1286796000,114.190000,114.210000,114.190000,114.210000
1286796060,114.220000,114.230000,114.220000,114.230000
1286796120,114.240000,114.270000,114.240000,114.260000
1286796180,114.270000,114.290000,114.260000,114.270000
1286796240,114.260000,114.280000,114.260000,114.270000
1286796300,114.260000,114.280000,114.260000,114.260000
1286796360,114.270000,114.290000,114.270000,114.280000
1286796420,114.270000,114.280000,114.270000,114.280000
1286796480,114.270000,114.280000,114.240000,114.240000
1286796540,114.230000,114.240000,114.230000,114.240000
1286796600,114.230000,114.240000,114.230000,114.240000
1286796660,114.250000,114.270000,114.250000,114.270000
1286796720,114.260000,114.270000,114.260000,114.260000
1286796780,114.250000,114.260000,114.250000,114.250000
1286796840,114.260000,114.270000,114.250000,114.260000
1286796900,114.250000,114.260000,114.240000,114.260000
1286796960,114.250000,114.260000,114.250000,114.250000
1286797020,114.260000,114.260000,114.240000,114.240000
1286797080,114.250000,114.250000,114.200000,114.200000
1286797140,114.190000,114.190000,114.160000,114.180000
1286797200,114.190000,114.200000,114.180000,114.180000
1286797260,114.190000,114.230000,114.170000,114.190000
1286797320,114.200000,114.200000,114.160000,114.170000
1286797380,114.160000,114.180000,114.160000,114.170000
1286797440,114.180000,114.190000,114.170000,114.170000
1286797500,114.180000,114.210000,114.170000,114.200000
1286797560,114.210000,114.220000,114.210000,114.210000
1286797620,114.200000,114.260000,114.200000,114.250000
1286797680,114.240000,114.240000,114.220000,114.230000
1286797740,114.240000,114.240000,114.220000,114.220000
1286797800,114.230000,114.240000,114.220000,114.240000
1286797860,114.230000,114.250000,114.230000,114.230000
1286797920,114.240000,114.240000,114.220000,114.220000
1286797980,114.230000,114.230000,114.230000,114.230000
1286798040,114.220000,114.240000,114.220000,114.240000
1286798100,114.250000,114.290000,114.240000,114.290000
1286798160,114.280000,114.290000,114.270000,114.270000
1286798220,114.260000,114.270000,114.250000,114.270000
1286798280,114.280000,114.300000,114.280000,114.290000
1286798340,114.300000,114.310000,114.280000,114.290000
1286798400,114.300000,114.310000,114.280000,114.310000
1286798460,114.300000,114.310000,114.290000,114.300000
1286798520,114.290000,114.310000,114.280000,114.300000
1286798580,114.290000,114.300000,114.290000,114.300000
1286798640,114.290000,114.300000,114.280000,114.280000
1286798700,114.270000,114.280000,114.270000,114.280000
1286798760,114.290000,114.290000,114.260000,114.280000
1286798820,114.270000,114.280000,114.270000,114.270000
1286798880,114.260000,114.270000,114.250000,114.260000
1286798940,114.270000,114.270000,114.250000,114.270000
1286799000,114.260000,114.270000,114.260000,114.270000
1286799060,114.260000,114.260000,114.260000,114.260000
1286799120,114.250000,114.260000,114.250000,114.260000
1286799180,114.250000,114.260000,114.230000,114.230000
1286799240,114.220000,114.230000,114.200000,114.230000
1286799300,114.220000,114.240000,114.220000,114.230000
1286799360,114.220000,114.230000,114.220000,114.220000
1286799420,114.210000,114.220000,114.210000,114.220000
1286799480,114.210000,114.210000,114.200000,114.210000
1286799540,114.200000,114.210000,114.190000,114.190000
1286799600,114.180000,114.180000,114.160000,114.180000
1286799660,114.170000,114.180000,114.150000,114.170000
1286799720,114.180000,114.180000,114.160000,114.160000
1286799780,114.150000,114.160000,114.150000,114.150000
1286799840,114.160000,114.160000,114.150000,114.160000
1286799900,114.150000,114.150000,114.120000,114.140000
1286799960,114.150000,114.170000,114.140000,114.140000
1286800020,114.130000,114.150000,114.130000,114.130000
1286800080,114.140000,114.150000,114.110000,114.110000
1286800140,114.120000,114.130000,114.110000,114.120000
1286800200,114.110000,114.130000,114.100000,114.120000
1286800260,114.130000,114.150000,114.130000,114.150000
1286800320,114.140000,114.150000,114.130000,114.150000
1286800380,114.160000,114.160000,114.150000,114.160000
1286800440,114.170000,114.170000,114.140000,114.150000
1286800500,114.140000,114.160000,114.130000,114.130000
1286800560,114.140000,114.160000,114.120000,114.130000
1286800620,114.120000,114.150000,114.120000,114.130000
1286800680,114.120000,114.120000,114.110000,114.120000
1286800740,114.110000,114.110000,114.090000,114.100000
1286800800,114.090000,114.110000,114.090000,114.100000
1286800860,114.110000,114.140000,114.100000,114.140000
1286800920,114.130000,114.140000,114.110000,114.110000
1286800980,114.120000,114.120000,114.110000,114.110000
1286801040,114.120000,114.140000,114.120000,114.130000
1286801100,114.120000,114.130000,114.110000,114.130000
1286801160,114.120000,114.120000,114.110000,114.110000
1286801220,114.100000,114.100000,114.090000,114.090000
1286801280,114.100000,114.100000,114.090000,114.100000
1286801340,114.090000,114.110000,114.090000,114.100000
1286801400,114.110000,114.120000,114.100000,114.110000
1286801460,114.100000,114.120000,114.090000,114.090000
1286801520,114.080000,114.100000,114.060000,114.100000
1286801580,114.110000,114.140000,114.100000,114.130000
1286801640,114.120000,114.130000,114.110000,114.120000
1286801700,114.130000,114.150000,114.120000,114.120000
1286801760,114.110000,114.140000,114.110000,114.130000
1286801820,114.120000,114.140000,114.120000,114.140000
1286801880,114.130000,114.140000,114.130000,114.140000
1286801940,114.130000,114.130000,114.110000,114.130000
1286802000,114.140000,114.160000,114.140000,114.160000
1286802060,114.150000,114.170000,114.150000,114.150000
1286802120,114.140000,114.150000,114.130000,114.150000
1286802180,114.140000,114.160000,114.140000,114.150000
1286802240,114.140000,114.150000,114.140000,114.140000
1286802300,114.130000,114.170000,114.130000,114.170000
1286802360,114.180000,114.180000,114.160000,114.180000
1286802420,114.190000,114.190000,114.170000,114.190000
1286802480,114.200000,114.210000,114.180000,114.200000
1286802540,114.190000,114.190000,114.180000,114.190000
1286802600,114.180000,114.190000,114.170000,114.170000
1286802660,114.160000,114.170000,114.150000,114.150000
1286802720,114.140000,114.150000,114.120000,114.140000
1286802780,114.130000,114.150000,114.130000,114.140000
1286802840,114.130000,114.150000,114.130000,114.140000
1286802900,114.150000,114.150000,114.140000,114.140000
1286802960,114.150000,114.170000,114.150000,114.170000
1286803020,114.160000,114.190000,114.160000,114.160000
1286803080,114.170000,114.190000,114.160000,114.160000
1286803140,114.170000,114.170000,114.140000,114.140000
1286803200,114.150000,114.150000,114.140000,114.140000
1286803260,114.150000,114.150000,114.140000,114.150000
1286803320,114.160000,114.160000,114.140000,114.160000
1286803380,114.150000,114.150000,114.130000,114.130000
1286803440,114.120000,114.140000,114.120000,114.140000
1286803500,114.130000,114.140000,114.100000,114.100000
1286803560,114.110000,114.110000,114.080000,114.080000
1286803620,114.070000,114.080000,114.040000,114.060000
1286803680,114.050000,114.080000,114.050000,114.080000
1286803740,114.090000,114.100000,114.080000,114.090000
1286803800,114.100000,114.120000,114.100000,114.120000
1286803860,114.110000,114.140000,114.110000,114.120000
1286803920,114.110000,114.130000,114.110000,114.120000
1286803980,114.130000,114.140000,114.120000,114.130000
1286804040,114.140000,114.140000,114.120000,114.140000
1286804100,114.130000,114.160000,114.120000,114.130000
1286804160,114.140000,114.160000,114.100000,114.110000
1286804220,114.120000,114.130000,114.100000,114.110000
1286804280,114.120000,114.140000,114.110000,114.120000
1286804340,114.130000,114.140000,114.100000,114.110000
1286804400,114.120000,114.130000,114.100000,114.120000
1286804460,114.110000,114.140000,114.110000,114.120000
1286804520,114.130000,114.150000,114.120000,114.130000
1286804580,114.140000,114.150000,114.130000,114.130000
1286804640,114.140000,114.140000,114.100000,114.110000
1286804700,114.100000,114.130000,114.100000,114.120000
1286804760,114.110000,114.110000,114.080000,114.100000
1286804820,114.110000,114.120000,114.100000,114.110000
1286804880,114.100000,114.130000,114.100000,114.110000
1286804940,114.100000,114.120000,114.090000,114.120000
1286805000,114.110000,114.130000,114.110000,114.110000
1286805060,114.120000,114.130000,114.110000,114.110000
1286805120,114.120000,114.130000,114.110000,114.120000
1286805180,114.110000,114.140000,114.110000,114.140000
1286805240,114.130000,114.150000,114.130000,114.140000
1286805300,114.150000,114.150000,114.140000,114.140000
1286805360,114.150000,114.160000,114.140000,114.150000
1286805420,114.140000,114.160000,114.130000,114.160000
1286805480,114.150000,114.170000,114.140000,114.150000
1286805540,114.160000,114.180000,114.150000,114.160000
1286805600,114.170000,114.180000,114.150000,114.160000
1286805660,114.150000,114.190000,114.150000,114.170000
1286805720,114.160000,114.180000,114.150000,114.170000
1286805780,114.180000,114.180000,114.160000,114.180000
1286805840,114.190000,114.190000,114.160000,114.170000
1286805900,114.180000,114.200000,114.170000,114.180000
1286805960,114.190000,114.190000,114.160000,114.160000
1286806020,114.170000,114.190000,114.160000,114.170000
1286806080,114.160000,114.180000,114.160000,114.170000
1286806140,114.180000,114.180000,114.150000,114.180000
1286806200,114.170000,114.200000,114.170000,114.190000
1286806260,114.180000,114.210000,114.160000,114.170000
1286806320,114.160000,114.180000,114.150000,114.180000
1286806380,114.170000,114.200000,114.170000,114.170000
1286806440,114.180000,114.190000,114.170000,114.170000
1286806500,114.180000,114.190000,114.170000,114.170000
1286806560,114.180000,114.180000,114.160000,114.160000
1286806620,114.170000,114.180000,114.170000,114.170000
1286806680,114.160000,114.170000,114.140000,114.140000
1286806740,114.130000,114.140000,114.130000,114.140000
1286806800,114.150000,114.170000,114.140000,114.160000
1286806860,114.170000,114.170000,114.150000,114.160000
1286806920,114.150000,114.160000,114.130000,114.130000
1286806980,114.140000,114.150000,114.130000,114.130000
1286807040,114.140000,114.150000,114.130000,114.140000
1286807100,114.150000,114.150000,114.140000,114.140000
1286807160,114.130000,114.150000,114.130000,114.150000
1286807220,114.160000,114.160000,114.150000,114.150000
1286807280,114.140000,114.210000,114.140000,114.180000
1286807340,114.170000,114.170000,114.170000,114.170000
1286807400,114.160000,114.180000,114.160000,114.170000
1286807460,114.180000,114.190000,114.160000,114.190000
1286807520,114.200000,114.210000,114.190000,114.210000
1286807580,114.200000,114.200000,114.180000,114.180000
1286807640,114.190000,114.200000,114.180000,114.200000
1286807700,114.190000,114.190000,114.170000,114.180000
1286807760,114.190000,114.200000,114.180000,114.190000
1286807820,114.180000,114.190000,114.170000,114.170000
1286807880,114.160000,114.170000,114.130000,114.160000
1286807940,114.150000,114.160000,114.150000,114.160000
1286808000,114.150000,114.160000,114.140000,114.140000
1286808060,114.150000,114.150000,114.130000,114.140000
1286808120,114.150000,114.160000,114.130000,114.150000
1286808180,114.140000,114.140000,114.100000,114.100000
1286808240,114.110000,114.110000,114.080000,114.100000
1286808300,114.090000,114.100000,114.030000,114.030000
1286808360,114.040000,114.080000,114.040000,114.060000
1286808420,114.070000,114.070000,114.040000,114.040000
1286808480,114.030000,114.030000,113.940000,113.980000
1286808540,113.970000,114.020000,113.960000,114.010000
1286808600,114.020000,114.080000,114.000000,114.030000
1286808660,114.020000,114.020000,113.970000,114.010000
1286808720,114.000000,114.000000,113.960000,113.970000
1286808780,113.980000,114.010000,113.970000,113.990000
1286808840,114.000000,114.010000,113.980000,114.010000
1286808900,114.000000,114.000000,113.970000,113.980000
1286808960,113.970000,113.980000,113.950000,113.980000
1286809020,113.990000,114.010000,113.980000,113.990000
1286809080,114.000000,114.010000,113.980000,113.980000
1286809140,113.990000,114.030000,113.980000,114.010000
1286809200,114.020000,114.050000,114.000000,114.040000
1286809260,114.030000,114.050000,114.020000,114.020000
1286809320,114.010000,114.050000,114.010000,114.050000
1286809380,114.040000,114.060000,113.980000,114.000000
1286809440,114.010000,114.030000,114.000000,114.020000
1286809500,114.010000,114.010000,113.980000,113.990000
1286809560,113.980000,114.030000,113.980000,114.010000
1286809620,114.020000,114.030000,113.990000,114.030000
1286809680,114.020000,114.090000,114.020000,114.090000
1286809740,114.070000,114.100000,114.070000,114.090000
1286809800,114.100000,114.110000,114.080000,114.100000
1286809860,114.090000,114.100000,114.090000,114.100000
1286809920,114.090000,114.100000,114.060000,114.080000
1286809980,114.070000,114.100000,114.070000,114.100000
1286810040,114.090000,114.100000,114.070000,114.080000
1286810100,114.070000,114.080000,114.060000,114.060000
1286810160,114.050000,114.050000,114.010000,114.020000
1286810220,114.010000,114.020000,113.990000,114.010000
1286810280,114.020000,114.070000,114.010000,114.040000
1286810340,114.050000,114.060000,114.020000,114.020000
1286810400,114.010000,114.050000,114.000000,114.020000
1286810460,114.030000,114.030000,114.000000,114.010000
1286810520,114.020000,114.030000,114.000000,114.010000
1286810580,114.000000,114.020000,114.000000,114.020000
1286810640,114.010000,114.020000,114.000000,114.010000
1286810700,114.020000,114.060000,114.010000,114.060000
1286810760,114.050000,114.080000,114.050000,114.070000
1286810820,114.080000,114.080000,114.050000,114.080000
1286810880,114.070000,114.090000,114.070000,114.070000
1286810940,114.080000,114.080000,114.050000,114.080000
1286811000,114.070000,114.070000,114.040000,114.040000
1286811060,114.030000,114.030000,114.000000,114.010000
1286811120,114.020000,114.030000,114.000000,114.020000
1286811180,114.030000,114.040000,114.020000,114.030000
1286811240,114.020000,114.050000,114.020000,114.020000
1286811300,114.030000,114.030000,114.010000,114.020000
1286811360,114.030000,114.030000,114.010000,114.030000
1286811420,114.020000,114.060000,114.020000,114.050000
1286811480,114.040000,114.090000,114.040000,114.050000
1286811540,114.060000,114.090000,114.050000,114.070000
1286811600,114.080000,114.080000,114.070000,114.070000
1286811660,114.060000,114.070000,114.030000,114.030000
1286811720,114.040000,114.060000,114.030000,114.030000
1286811780,114.040000,114.040000,114.010000,114.020000
1286811840,114.030000,114.030000,114.010000,114.010000
1286811900,114.020000,114.020000,114.000000,114.010000
1286811960,114.020000,114.050000,114.010000,114.040000
1286812020,114.030000,114.040000,113.990000,114.000000
1286812080,114.010000,114.010000,113.980000,113.990000
1286812140,114.000000,114.010000,113.990000,114.000000
1286812200,113.990000,114.020000,113.990000,114.020000
1286812260,114.010000,114.020000,114.010000,114.020000
1286812320,114.010000,114.010000,113.990000,114.000000
1286812380,114.010000,114.010000,113.990000,113.990000
1286812440,113.980000,114.010000,113.980000,114.010000
1286812500,114.000000,114.010000,113.980000,113.980000
1286812560,113.990000,114.010000,113.990000,114.010000
1286812620,114.020000,114.030000,114.010000,114.010000
1286812680,114.020000,114.020000,113.930000,113.940000
1286812740,113.950000,113.950000,113.890000,113.920000
1286812800,113.930000,113.930000,113.910000,113.920000
1286812860,113.910000,113.930000,113.910000,113.910000
1286812920,113.900000,113.910000,113.890000,113.900000
1286812980,113.910000,113.920000,113.840000,113.840000
1286813040,113.830000,113.850000,113.820000,113.830000
1286813100,113.840000,113.860000,113.830000,113.860000
1286813160,113.870000,113.920000,113.860000,113.920000
1286813220,113.910000,113.920000,113.880000,113.920000
1286813280,113.930000,113.930000,113.890000,113.890000
1286813340,113.900000,113.950000,113.900000,113.930000
1286813400,113.940000,113.940000,113.900000,113.920000
1286813460,113.930000,113.960000,113.910000,113.950000
1286813520,113.940000,113.950000,113.940000,113.940000
1286813580,113.930000,113.940000,113.930000,113.930000
1286813640,113.940000,113.940000,113.930000,113.930000
1286813700,113.940000,113.940000,113.930000,113.930000
1286813760,113.940000,113.950000,113.930000,113.950000
1286813820,113.940000,113.960000,113.940000,113.960000
1286813880,113.950000,113.960000,113.950000,113.950000
1286813940,113.960000,113.960000,113.930000,113.950000
1286814000,113.960000,113.960000,113.950000,113.950000
1286814060,113.960000,113.970000,113.950000,113.970000
1286814120,113.960000,113.960000,113.950000,113.960000
1286814180,113.950000,113.960000,113.940000,113.950000
1286814240,113.960000,113.960000,113.940000,113.950000
1286814300,113.960000,113.990000,113.950000,113.970000
1286814360,113.980000,113.980000,113.970000,113.970000
1286814420,113.960000,113.970000,113.950000,113.950000
1286814480,113.960000,113.960000,113.930000,113.940000
1286814540,113.950000,113.960000,113.940000,113.940000
1286814600,113.930000,113.950000,113.930000,113.940000
1286814660,113.950000,113.960000,113.940000,113.940000
1286814720,113.950000,113.950000,113.940000,113.940000
1286814780,113.930000,113.950000,113.930000,113.940000
1286814840,113.950000,113.970000,113.950000,113.960000
1286814900,113.950000,113.950000,113.940000,113.940000
1286814960,113.950000,113.950000,113.940000,113.940000
1286815020,113.950000,113.960000,113.950000,113.950000
1286815080,113.940000,113.940000,113.930000,113.930000
1286815140,113.940000,113.960000,113.940000,113.950000
1286815200,113.960000,113.960000,113.950000,113.950000
1286815260,113.940000,113.950000,113.930000,113.950000
1286815320,113.940000,113.940000,113.930000,113.940000
1286815380,113.930000,113.940000,113.930000,113.930000
1286815440,113.920000,113.930000,113.920000,113.930000
1286815500,113.920000,113.940000,113.920000,113.940000
1286815560,113.950000,113.950000,113.930000,113.940000
1286815620,113.950000,113.950000,113.910000,113.930000
1286815680,113.940000,113.950000,113.930000,113.940000
1286815740,113.950000,113.960000,113.950000,113.950000
1286815800,113.960000,113.960000,113.960000,113.960000
1286815860,113.950000,113.950000,113.930000,113.930000
1286815920,113.940000,113.940000,113.910000,113.910000
1286815980,113.920000,113.920000,113.900000,113.910000
1286816040,113.920000,113.930000,113.920000,113.930000
1286816100,113.920000,113.920000,113.910000,113.920000
1286816160,113.910000,113.910000,113.900000,113.900000
1286816220,113.910000,113.910000,113.890000,113.900000
1286816280,113.890000,113.910000,113.890000,113.910000
1286816340,113.900000,113.910000,113.900000,113.910000
1286816400,113.900000,113.910000,113.900000,113.900000
1286816460,113.910000,113.910000,113.900000,113.900000
1286816520,113.890000,113.900000,113.890000,113.900000
1286816580,113.910000,113.910000,113.880000,113.890000
1286816640,113.900000,113.910000,113.890000,113.890000
1286816700,113.900000,113.900000,113.890000,113.900000
1286816760,113.890000,113.900000,113.890000,113.900000
1286816880,113.910000,113.910000,113.910000,113.910000
1286816940,113.900000,113.900000,113.880000,113.890000
1286817060,113.900000,113.900000,113.870000,113.870000
1286817120,113.860000,113.870000,113.850000,113.870000
1286817180,113.880000,113.880000,113.870000,113.880000
1286817240,113.890000,113.890000,113.880000,113.880000
1286817300,113.870000,113.880000,113.860000,113.860000
1286817360,113.870000,113.870000,113.860000,113.870000
1286817420,113.860000,113.870000,113.860000,113.870000
1286817540,113.880000,113.880000,113.880000,113.880000
1286817600,113.890000,113.910000,113.890000,113.900000
1286817660,113.890000,113.910000,113.890000,113.900000
1286817720,113.910000,113.910000,113.900000,113.910000
1286817780,113.900000,113.910000,113.900000,113.900000
1286817840,113.910000,113.920000,113.900000,113.920000
1286818020,113.930000,113.930000,113.920000,113.930000
1286818080,113.920000,113.930000,113.920000,113.920000
1286818140,113.930000,113.930000,113.920000,113.930000
1286818200,113.920000,113.950000,113.920000,113.940000
1286818260,113.930000,113.930000,113.930000,113.930000
1286818320,113.920000,113.920000,113.910000,113.920000
1286818380,113.910000,113.920000,113.910000,113.910000
1286818440,113.920000,113.930000,113.910000,113.930000
1286818500,113.940000,113.940000,113.940000,113.940000
1286818560,113.950000,113.950000,113.940000,113.940000
1286818620,113.950000,113.980000,113.950000,113.980000
1286818680,113.970000,113.980000,113.970000,113.970000
1286818740,113.960000,113.980000,113.960000,113.970000
1286818800,113.980000,113.980000,113.960000,113.960000
1286818860,113.950000,113.970000,113.950000,113.960000
1286818920,113.970000,113.970000,113.970000,113.970000
1286818980,113.960000,113.970000,113.960000,113.960000
1286819040,113.950000,113.950000,113.940000,113.940000
1286819100,113.950000,113.970000,113.940000,113.940000
1286819160,113.950000,113.950000,113.940000,113.950000
1286819220,113.960000,113.970000,113.940000,113.940000
1286819280,113.950000,113.950000,113.940000,113.940000
1286819340,113.950000,113.950000,113.950000,113.950000
1286819400,113.940000,113.940000,113.930000,113.940000
1286819460,113.930000,113.930000,113.920000,113.930000
1286819520,113.920000,113.930000,113.910000,113.920000
1286819580,113.910000,113.910000,113.900000,113.910000
1286819640,113.900000,113.920000,113.900000,113.920000
1286819700,113.910000,113.910000,113.880000,113.890000
1286819760,113.880000,113.910000,113.880000,113.900000
1286819820,113.910000,113.910000,113.880000,113.880000
1286819880,113.870000,113.870000,113.850000,113.870000
1286819940,113.860000,113.870000,113.860000,113.860000
1286820000,113.870000,113.870000,113.860000,113.870000
1286820060,113.860000,113.890000,113.860000,113.880000
1286820120,113.890000,113.890000,113.880000,113.880000
1286820180,113.890000,113.890000,113.890000,113.890000
1286820240,113.900000,113.910000,113.890000,113.900000
1286820360,113.890000,113.890000,113.880000,113.880000
1286820420,113.870000,113.890000,113.870000,113.880000
1286820480,113.890000,113.890000,113.860000,113.880000
1286820540,113.890000,113.890000,113.860000,113.870000
1286820600,113.860000,113.890000,113.860000,113.880000
1286820660,113.890000,113.910000,113.880000,113.890000
1286820720,113.880000,113.900000,113.880000,113.900000
1286820780,113.890000,113.900000,113.890000,113.890000
1286820840,113.880000,113.900000,113.880000,113.900000
1286820900,113.890000,113.900000,113.890000,113.890000
1286820960,113.900000,113.900000,113.890000,113.900000
1286821020,113.910000,113.910000,113.910000,113.910000
1286821080,113.920000,113.920000,113.910000,113.920000
1286821140,113.910000,113.910000,113.890000,113.890000
1286821200,113.880000,113.890000,113.880000,113.890000
1286821260,113.880000,113.900000,113.880000,113.890000
1286821320,113.900000,113.910000,113.900000,113.900000
1286821380,113.890000,113.900000,113.890000,113.890000
1286821440,113.900000,113.900000,113.880000,113.880000
1286821500,113.890000,113.900000,113.890000,113.890000
1286821560,113.900000,113.900000,113.880000,113.890000
1286821620,113.880000,113.890000,113.870000,113.870000
1286821680,113.880000,113.890000,113.880000,113.890000
1286821740,113.900000,113.900000,113.890000,113.900000
1286821800,113.910000,113.920000,113.900000,113.910000
1286821860,113.920000,113.920000,113.910000,113.910000
1286821920,113.920000,113.920000,113.890000,113.890000
1286821980,113.900000,113.920000,113.890000,113.920000
1286822040,113.910000,113.920000,113.910000,113.910000
1286822100,113.900000,113.910000,113.900000,113.910000
1286822160,113.920000,113.920000,113.910000,113.910000
1286822280,113.920000,113.930000,113.900000,113.930000
1286822340,113.920000,113.950000,113.920000,113.950000
1286822400,113.940000,113.950000,113.940000,113.940000
1286822460,113.950000,113.950000,113.940000,113.940000
1286822520,113.950000,113.960000,113.940000,113.940000
1286822580,113.930000,113.930000,113.910000,113.920000
1286822640,113.910000,113.930000,113.910000,113.920000
1286822700,113.930000,113.940000,113.920000,113.940000
1286822760,113.950000,113.970000,113.950000,113.960000
1286822820,113.970000,113.970000,113.950000,113.950000
1286822880,113.960000,113.960000,113.950000,113.950000
1286822940,113.960000,113.960000,113.950000,113.950000
1286823060,113.940000,113.950000,113.940000,113.950000
1286823120,113.960000,113.960000,113.950000,113.950000
1286823180,113.930000,113.930000,113.930000,113.930000
1286823240,113.940000,113.950000,113.940000,113.950000
1286823300,113.960000,113.960000,113.940000,113.950000
1286823360,113.960000,113.960000,113.950000,113.960000
1286823420,113.950000,113.970000,113.950000,113.970000
1286823480,113.980000,113.980000,113.950000,113.950000
1286823540,113.960000,113.970000,113.940000,113.950000
1286823600,113.960000,113.960000,113.950000,113.950000
1286823660,113.940000,113.940000,113.940000,113.940000
1286823720,113.950000,113.960000,113.950000,113.960000
1286823780,113.970000,113.980000,113.970000,113.980000
1286823840,113.970000,113.980000,113.970000,113.980000
1286823900,113.970000,113.970000,113.960000,113.960000
1286823960,113.950000,113.960000,113.950000,113.960000
1286824020,113.950000,113.980000,113.950000,113.960000
1286824080,113.970000,113.990000,113.970000,113.990000
1286824140,114.000000,114.000000,113.990000,113.990000
1286824200,114.000000,114.000000,113.980000,113.980000
1286824260,113.990000,113.990000,113.970000,113.970000
1286824320,113.960000,113.970000,113.940000,113.950000
1286824380,113.960000,113.960000,113.950000,113.960000
1286824440,113.950000,113.960000,113.940000,113.950000
1286824500,113.940000,113.950000,113.920000,113.940000
1286824560,113.950000,113.950000,113.930000,113.950000
1286824620,113.960000,113.970000,113.950000,113.960000
1286824680,113.950000,113.980000,113.950000,113.980000
1286824740,113.990000,113.990000,113.960000,113.980000
1286824800,113.990000,114.000000,113.990000,114.000000
1286824860,113.990000,114.010000,113.980000,114.000000
1286824920,114.010000,114.010000,113.990000,113.990000
1286824980,113.980000,113.980000,113.950000,113.950000
1286825040,113.940000,113.940000,113.940000,113.940000
1286825100,113.930000,113.940000,113.930000,113.940000
1286825160,113.960000,113.990000,113.940000,113.940000
1286825220,113.930000,113.940000,113.890000,113.900000
1286825280,113.910000,113.930000,113.890000,113.910000
1286825340,113.900000,113.930000,113.880000,113.880000
1286825400,113.890000,113.900000,113.860000,113.860000
1286825460,113.850000,113.890000,113.850000,113.880000
1286825520,113.890000,113.890000,113.890000,113.890000
1286825580,113.880000,113.900000,113.880000,113.900000
1286825640,113.910000,113.910000,113.900000,113.900000
1286825700,113.890000,113.920000,113.890000,113.910000
1286825820,113.920000,113.920000,113.910000,113.910000
1286825880,113.920000,113.920000,113.910000,113.920000
1286825940,113.910000,113.910000,113.900000,113.900000
1286826000,113.910000,113.920000,113.900000,113.920000
1286826060,113.910000,113.910000,113.900000,113.910000
1286826120,113.900000,113.900000,113.900000,113.900000
1286826180,113.910000,113.910000,113.900000,113.900000
1286826240,113.910000,113.930000,113.900000,113.930000
1286826300,113.940000,113.940000,113.930000,113.930000
1286826360,113.940000,113.940000,113.930000,113.930000
1286826420,113.920000,113.940000,113.920000,113.940000
1286826480,113.930000,113.950000,113.930000,113.950000
1286826540,113.940000,113.970000,113.930000,113.970000
1286826600,113.960000,113.960000,113.950000,113.960000
1286826660,113.970000,113.980000,113.970000,113.980000
1286826720,113.990000,113.990000,113.990000,113.990000
1286826780,113.980000,113.980000,113.960000,113.960000
1286826840,113.950000,113.960000,113.920000,113.920000
1286826900,113.930000,113.930000,113.920000,113.920000
1286826960,113.930000,113.940000,113.930000,113.930000
1286827080,113.920000,113.920000,113.920000,113.920000
1286827140,113.910000,113.910000,113.890000,113.900000
1286827200,113.910000,113.920000,113.910000,113.910000
1286827260,113.900000,113.910000,113.890000,113.900000
1286827320,113.910000,113.910000,113.890000,113.890000
1286827380,113.900000,113.900000,113.880000,113.890000
1286827440,113.900000,113.920000,113.900000,113.910000
1286827500,113.920000,113.920000,113.910000,113.920000
1286827560,113.930000,113.940000,113.930000,113.940000
1286827620,113.930000,113.940000,113.930000,113.940000
1286827680,113.930000,113.930000,113.930000,113.930000
1286827740,113.940000,113.940000,113.930000,113.940000
1286827800,113.930000,113.930000,113.930000,113.930000
1286827860,113.940000,113.940000,113.940000,113.940000
1286827920,113.950000,113.950000,113.950000,113.950000
1286827980,113.940000,113.940000,113.930000,113.940000
1286828040,113.930000,113.940000,113.930000,113.940000
1286828160,113.930000,113.940000,113.930000,113.940000
1286828220,113.920000,113.930000,113.920000,113.930000
1286828280,113.920000,113.920000,113.910000,113.910000
1286828340,113.900000,113.900000,113.880000,113.900000
1286828400,113.890000,113.900000,113.890000,113.890000
1286828460,113.900000,113.930000,113.900000,113.930000
1286828520,113.920000,113.930000,113.910000,113.920000
1286828580,113.930000,113.950000,113.920000,113.930000
1286828640,113.920000,113.920000,113.920000,113.920000
1286828820,113.930000,113.930000,113.920000,113.930000
1286828880,113.940000,113.950000,113.930000,113.950000
1286828940,113.930000,113.940000,113.930000,113.940000
1286829000,113.950000,113.960000,113.950000,113.960000
1286829060,113.970000,113.990000,113.960000,113.980000
1286829120,113.990000,113.990000,113.990000,113.990000
1286829180,113.980000,113.990000,113.980000,113.990000
1286829300,114.000000,114.010000,114.000000,114.010000
1286829360,114.000000,114.010000,114.000000,114.000000
1286829420,114.010000,114.010000,113.980000,114.000000
1286829480,113.990000,113.990000,113.960000,113.960000
1286829540,113.950000,113.970000,113.950000,113.970000
1286829600,113.980000,113.980000,113.950000,113.970000
1286829660,113.980000,113.990000,113.960000,113.990000
1286829720,113.970000,113.980000,113.970000,113.980000
1286829780,113.970000,113.970000,113.950000,113.960000
1286829840,113.970000,113.970000,113.970000,113.970000
1286829900,113.960000,113.970000,113.950000,113.960000
1286829960,113.950000,113.980000,113.950000,113.970000
1286830020,113.980000,113.990000,113.970000,113.970000
1286830080,113.980000,113.980000,113.970000,113.970000
1286830140,113.960000,113.970000,113.890000,113.890000
1286830200,113.880000,113.900000,113.860000,113.860000
1286830260,113.850000,113.860000,113.850000,113.850000
1286830320,113.860000,113.860000,113.860000,113.860000
1286830380,113.870000,113.890000,113.870000,113.890000
1286830440,113.900000,113.900000,113.880000,113.890000
1286830500,113.880000,113.890000,113.880000,113.880000
1286830560,113.870000,113.880000,113.860000,113.870000
1286830620,113.860000,113.860000,113.860000,113.860000
1286830680,113.870000,113.870000,113.860000,113.860000
1286830740,113.870000,113.890000,113.870000,113.870000
1286830800,113.860000,113.890000,113.840000,113.890000
1286830860,113.870000,113.890000,113.860000,113.870000
1286830920,113.880000,113.910000,113.880000,113.910000
1286830980,113.900000,113.900000,113.900000,113.900000
1286831040,113.910000,113.910000,113.910000,113.910000
1286831100,113.900000,113.910000,113.900000,113.900000
1286831160,113.910000,113.910000,113.910000,113.910000
1286831280,113.900000,113.910000,113.890000,113.910000
1286831340,113.900000,113.900000,113.870000,113.870000
1286831400,113.880000,113.880000,113.880000,113.880000
1286831460,113.870000,113.870000,113.870000,113.870000
1286831520,113.880000,113.880000,113.880000,113.880000
1286831580,113.900000,113.910000,113.890000,113.890000
1286831640,113.900000,113.900000,113.890000,113.890000
1286831760,113.900000,113.900000,113.880000,113.880000
1286831880,113.890000,113.890000,113.890000,113.890000
1286832240,113.880000,113.880000,113.880000,113.880000
1286832360,113.870000,113.880000,113.870000,113.870000
1286832420,113.880000,113.880000,113.870000,113.880000
1286832480,113.870000,113.880000,113.870000,113.880000
1286832600,113.890000,113.900000,113.880000,113.900000
1286832660,113.890000,113.900000,113.890000,113.900000
1286832720,113.910000,113.910000,113.910000,113.910000
1286832780,113.920000,113.920000,113.910000,113.910000
1286832900,113.920000,113.920000,113.910000,113.910000
1286833020,113.920000,113.920000,113.900000,113.910000
1286833080,113.900000,113.910000,113.900000,113.900000
1286833320,113.910000,113.910000,113.900000,113.900000
1286833440,113.910000,113.910000,113.900000,113.900000
1286833500,113.890000,113.900000,113.890000,113.900000
1286833620,113.910000,113.910000,113.900000,113.900000
1286833680,113.910000,113.910000,113.910000,113.910000
1286833740,113.900000,113.900000,113.900000,113.900000
1286833860,113.920000,113.950000,113.910000,113.940000
1286833920,113.930000,113.980000,113.930000,113.950000
1286833980,113.930000,113.930000,113.900000,113.910000
1286834040,113.900000,113.900000,113.890000,113.890000
1286834100,113.900000,113.900000,113.890000,113.900000
1286834160,113.910000,113.930000,113.910000,113.910000
1286834220,113.920000,113.950000,113.920000,113.940000
1286834280,113.930000,113.940000,113.920000,113.920000
1286834340,113.930000,113.940000,113.930000,113.930000
1286834400,113.940000,113.940000,113.910000,113.920000
1286834460,113.910000,113.920000,113.900000,113.900000
1286834520,113.910000,113.910000,113.900000,113.910000
1286834580,113.920000,113.920000,113.900000,113.910000
1286834640,113.930000,113.930000,113.930000,113.930000
1286834880,113.910000,113.910000,113.880000,113.890000
1286834940,113.880000,113.910000,113.880000,113.900000
1286835000,113.890000,113.930000,113.890000,113.910000
1286835060,113.900000,113.900000,113.890000,113.890000
1286835120,113.900000,113.910000,113.880000,113.880000
1286835240,113.870000,113.900000,113.870000,113.900000
1286835360,113.890000,113.900000,113.890000,113.900000
1286835420,113.910000,113.910000,113.890000,113.890000
1286835480,113.900000,113.900000,113.880000,113.890000
1286835540,113.900000,113.900000,113.880000,113.880000
1286835600,113.890000,113.890000,113.880000,113.890000
1286835660,113.900000,113.900000,113.890000,113.890000
1286835780,113.900000,113.920000,113.900000,113.910000
1286835840,113.920000,113.920000,113.910000,113.920000
1286835900,113.930000,113.940000,113.920000,113.930000
1286835960,113.920000,113.930000,113.920000,113.930000
1286836020,113.920000,113.920000,113.910000,113.910000
1286836080,113.900000,113.900000,113.880000,113.890000
1286836140,113.900000,113.900000,113.900000,113.900000
1286836200,113.890000,113.910000,113.890000,113.900000
1286836260,113.910000,113.920000,113.900000,113.910000
1286836320,113.920000,113.920000,113.900000,113.900000
1286836380,113.910000,113.910000,113.910000,113.910000
1286836440,113.900000,113.910000,113.900000,113.900000
1286836500,113.890000,113.900000,113.890000,113.900000
1286836560,113.910000,113.920000,113.910000,113.920000
1286836680,113.910000,113.920000,113.910000,113.910000
1286836740,113.920000,113.920000,113.920000,113.920000
1286836800,113.910000,113.910000,113.900000,113.910000
1286836860,113.920000,113.920000,113.920000,113.920000
1286836920,113.930000,113.950000,113.920000,113.950000
1286836980,113.940000,113.950000,113.930000,113.930000
1286837100,113.940000,113.950000,113.930000,113.940000
1286837160,113.930000,113.930000,113.920000,113.930000
1286837220,113.920000,113.930000,113.920000,113.930000
1286837280,113.940000,113.970000,113.940000,113.960000
1286837340,113.950000,113.970000,113.920000,113.920000
1286837400,113.940000,113.950000,113.930000,113.950000
1286837520,113.960000,114.000000,113.960000,113.980000
1286837580,113.970000,113.970000,113.930000,113.960000
1286837640,113.950000,113.960000,113.950000,113.960000
1286837700,113.950000,113.950000,113.900000,113.910000
1286837760,113.920000,113.920000,113.920000,113.920000
1286837820,113.930000,113.940000,113.930000,113.940000
1286837880,113.930000,113.940000,113.930000,113.930000
1286837940,113.920000,113.930000,113.920000,113.930000
1286838060,113.920000,113.920000,113.900000,113.900000
1286838120,113.910000,113.910000,113.890000,113.910000
1286838180,113.930000,113.940000,113.900000,113.910000
1286838240,113.900000,113.910000,113.880000,113.880000
1286838300,113.870000,113.880000,113.850000,113.880000
1286838360,113.900000,113.910000,113.870000,113.890000
1286838420,113.900000,113.900000,113.880000,113.890000
1286838480,113.900000,113.900000,113.890000,113.890000
1286838600,113.880000,113.890000,113.880000,113.890000
1286838660,113.900000,113.910000,113.890000,113.910000
1286838720,113.920000,113.920000,113.900000,113.910000
1286838780,113.920000,113.930000,113.910000,113.930000
1286838840,113.940000,113.940000,113.930000,113.940000
1286838900,113.930000,113.940000,113.920000,113.920000
1286838960,113.930000,113.950000,113.930000,113.940000
1286839020,113.930000,113.930000,113.920000,113.930000
1286839080,113.920000,113.940000,113.910000,113.940000
1286839140,113.930000,113.940000,113.930000,113.930000
1286839200,113.920000,113.930000,113.920000,113.920000
1286839260,113.930000,113.930000,113.910000,113.920000
1286839320,113.910000,113.920000,113.900000,113.910000
1286839380,113.900000,113.900000,113.890000,113.900000
1286839440,113.890000,113.900000,113.880000,113.880000
1286839500,113.890000,113.890000,113.870000,113.880000
1286839560,113.870000,113.890000,113.870000,113.890000
1286839620,113.880000,113.890000,113.870000,113.870000
1286839680,113.880000,113.910000,113.880000,113.900000
1286839740,113.910000,113.920000,113.900000,113.900000
1286839800,113.890000,113.900000,113.890000,113.900000
1286839860,113.910000,113.930000,113.910000,113.920000
1286839920,113.930000,113.930000,113.920000,113.920000
1286839980,113.930000,113.930000,113.900000,113.900000
1286840040,113.910000,113.930000,113.900000,113.930000
1286840100,113.920000,113.930000,113.920000,113.930000
1286840160,113.920000,113.930000,113.910000,113.910000
1286840220,113.900000,113.900000,113.880000,113.890000
1286840280,113.880000,113.920000,113.860000,113.920000
1286840340,113.930000,113.950000,113.920000,113.920000
1286840400,113.930000,113.950000,113.920000,113.940000
1286840460,113.950000,113.950000,113.940000,113.950000
1286840520,113.940000,113.950000,113.940000,113.950000
1286840580,113.960000,113.980000,113.960000,113.970000
1286840640,113.980000,114.030000,113.980000,114.000000
1286840700,114.010000,114.050000,114.000000,114.030000
1286840760,114.040000,114.050000,114.030000,114.050000
1286840820,114.060000,114.080000,114.060000,114.060000
1286840880,114.050000,114.060000,114.050000,114.060000
1286840940,114.070000,114.080000,114.060000,114.070000
1286841000,114.060000,114.080000,114.060000,114.070000
1286841060,114.080000,114.080000,114.060000,114.060000
1286841120,114.070000,114.080000,114.060000,114.070000
1286841180,114.060000,114.070000,114.050000,114.070000
1286841240,114.080000,114.080000,114.070000,114.070000
1286841300,114.080000,114.100000,114.080000,114.100000
1286841360,114.090000,114.110000,114.080000,114.110000
1286841420,114.100000,114.170000,114.100000,114.120000
1286841480,114.130000,114.150000,114.120000,114.140000
1286841540,114.130000,114.140000,114.120000,114.120000
1286841600,114.130000,114.140000,114.100000,114.100000
1286841660,114.090000,114.100000,114.090000,114.090000
1286841720,114.080000,114.090000,114.050000,114.050000
1286841780,114.060000,114.060000,114.030000,114.040000
1286841840,114.050000,114.070000,114.040000,114.060000
1286841900,114.070000,114.070000,114.040000,114.040000
1286841960,114.050000,114.070000,114.040000,114.040000
1286842020,114.030000,114.060000,114.030000,114.050000
1286842080,114.060000,114.100000,114.050000,114.090000
1286842140,114.080000,114.100000,114.080000,114.090000
1286842200,114.100000,114.110000,114.090000,114.110000
1286842260,114.100000,114.100000,114.090000,114.100000
1286842320,114.090000,114.110000,114.080000,114.110000
1286842380,114.100000,114.110000,114.090000,114.100000
1286842440,114.090000,114.100000,114.080000,114.090000
1286842500,114.080000,114.080000,114.070000,114.080000
1286842560,114.090000,114.100000,114.060000,114.080000
1286842620,114.070000,114.080000,114.050000,114.070000
1286842680,114.060000,114.070000,114.050000,114.070000
1286842740,114.060000,114.080000,114.050000,114.080000
1286842800,114.070000,114.080000,114.060000,114.060000
1286842860,114.070000,114.070000,114.060000,114.070000
1286842920,114.060000,114.070000,114.060000,114.070000
1286842980,114.060000,114.060000,114.050000,114.050000
1286843040,114.040000,114.050000,114.030000,114.040000
1286843100,114.030000,114.050000,114.030000,114.040000
1286843160,114.030000,114.040000,114.030000,114.040000
1286843220,114.050000,114.050000,114.040000,114.050000
1286843280,114.040000,114.060000,114.040000,114.060000
1286843340,114.070000,114.080000,114.070000,114.070000
1286843400,114.060000,114.080000,114.050000,114.050000
1286843460,114.060000,114.070000,114.050000,114.060000
1286843520,114.050000,114.070000,114.050000,114.070000
1286843580,114.060000,114.060000,114.050000,114.050000
1286843640,114.060000,114.060000,114.040000,114.060000
1286843760,114.050000,114.050000,114.050000,114.050000
1286843820,114.040000,114.040000,114.030000,114.030000
1286843880,114.040000,114.060000,114.040000,114.060000
1286843940,114.030000,114.050000,114.020000,114.040000
1286844000,114.030000,114.040000,114.010000,114.020000
1286844060,114.030000,114.030000,114.020000,114.020000
1286844120,114.030000,114.030000,114.010000,114.020000
1286844180,114.030000,114.040000,114.020000,114.040000
1286844240,114.030000,114.030000,114.020000,114.030000
1286844300,114.020000,114.030000,114.000000,114.000000
1286844360,114.010000,114.020000,114.000000,114.020000
1286844420,114.010000,114.020000,114.010000,114.010000
1286844480,114.000000,114.010000,113.950000,113.970000
1286844540,113.980000,113.980000,113.940000,113.940000
1286844600,113.950000,113.970000,113.940000,113.940000
1286844660,113.950000,113.970000,113.930000,113.970000
1286844720,113.980000,113.980000,113.970000,113.980000
1286844780,113.970000,113.970000,113.950000,113.970000
1286844840,113.960000,113.980000,113.940000,113.970000
1286844900,113.980000,114.000000,113.970000,114.000000
1286844960,114.010000,114.030000,114.010000,114.020000
1286845020,114.010000,114.020000,114.010000,114.020000
1286845080,114.010000,114.020000,114.000000,114.020000
1286845140,114.010000,114.020000,114.000000,114.020000
1286845200,114.030000,114.060000,114.020000,114.050000
1286845260,114.040000,114.050000,114.010000,114.020000
1286845320,114.010000,114.040000,113.970000,113.980000
1286845380,113.970000,113.970000,113.910000,113.930000
1286845440,113.920000,113.930000,113.890000,113.920000
1286845500,113.930000,113.930000,113.920000,113.930000
1286845620,113.940000,113.970000,113.940000,113.950000
1286845680,113.940000,113.940000,113.930000,113.940000
1286845740,113.930000,113.930000,113.900000,113.920000
1286845800,113.930000,113.930000,113.890000,113.890000
1286845860,113.880000,113.900000,113.880000,113.890000
1286845920,113.900000,113.920000,113.890000,113.920000
1286845980,113.930000,113.940000,113.910000,113.940000
1286846040,113.930000,113.960000,113.930000,113.950000
1286846100,113.940000,113.970000,113.940000,113.960000
1286846160,113.950000,113.960000,113.930000,113.930000
1286846220,113.920000,113.930000,113.910000,113.930000
1286846280,113.940000,113.950000,113.930000,113.950000
1286846340,113.960000,113.960000,113.930000,113.930000
1286846400,113.920000,113.930000,113.920000,113.920000
1286846460,113.930000,113.930000,113.850000,113.870000
1286846520,113.880000,113.880000,113.840000,113.870000
1286846580,113.860000,113.890000,113.860000,113.880000
1286846640,113.870000,113.930000,113.870000,113.920000
1286846700,113.910000,113.920000,113.880000,113.880000
1286846760,113.870000,113.900000,113.870000,113.900000
1286846820,113.910000,113.940000,113.910000,113.930000
1286846880,113.920000,113.950000,113.920000,113.950000
1286846940,113.940000,113.950000,113.940000,113.950000
1286847000,113.940000,113.950000,113.920000,113.930000
1286847060,113.920000,113.940000,113.920000,113.940000
1286847120,113.930000,113.970000,113.930000,113.970000
1286847180,113.980000,114.000000,113.940000,113.950000
1286847240,113.940000,113.940000,113.940000,113.940000
1286847300,113.930000,113.940000,113.920000,113.920000
1286847360,113.930000,113.930000,113.920000,113.920000
1286847420,113.930000,113.940000,113.920000,113.920000
1286847480,113.930000,113.930000,113.910000,113.910000
1286847540,113.900000,113.910000,113.880000,113.890000
1286847600,113.870000,113.890000,113.850000,113.880000
1286847660,113.870000,113.880000,113.860000,113.870000
1286847720,113.860000,113.890000,113.860000,113.880000
1286847780,113.890000,113.930000,113.890000,113.930000
1286847840,113.920000,113.930000,113.890000,113.890000
1286847900,113.880000,113.890000,113.880000,113.890000
1286847960,113.880000,113.880000,113.850000,113.870000
1286848080,113.880000,113.890000,113.870000,113.870000
1286848140,113.880000,113.880000,113.870000,113.870000
1286848200,113.860000,113.860000,113.820000,113.830000
1286848260,113.820000,113.860000,113.820000,113.860000
1286848320,113.850000,113.860000,113.840000,113.850000
1286848380,113.870000,113.880000,113.860000,113.870000
1286848440,113.880000,113.890000,113.870000,113.890000
1286848500,113.880000,113.880000,113.870000,113.870000
1286848560,113.860000,113.870000,113.860000,113.870000
1286848620,113.880000,113.900000,113.880000,113.890000
1286848680,113.880000,113.890000,113.870000,113.880000
1286848740,113.890000,113.890000,113.870000,113.870000
1286848800,113.880000,113.890000,113.880000,113.880000
1286848860,113.890000,113.900000,113.860000,113.870000
1286848920,113.860000,113.880000,113.850000,113.860000
1286848980,113.850000,113.860000,113.850000,113.860000
1286849040,113.870000,113.870000,113.870000,113.870000
1286849100,113.860000,113.880000,113.860000,113.870000
1286849160,113.880000,113.890000,113.880000,113.890000
1286849220,113.880000,113.890000,113.850000,113.880000
1286849280,113.870000,113.880000,113.870000,113.880000
1286849340,113.870000,113.870000,113.860000,113.870000
1286849400,113.860000,113.880000,113.860000,113.870000
1286849460,113.860000,113.870000,113.860000,113.870000
1286849520,113.880000,113.900000,113.880000,113.900000
1286849640,113.910000,113.910000,113.900000,113.900000
1286849700,113.890000,113.890000,113.880000,113.890000
1286849760,113.900000,113.910000,113.830000,113.850000
1286849820,113.860000,113.870000,113.850000,113.860000
1286849880,113.870000,113.870000,113.870000,113.870000
1286849940,113.880000,113.880000,113.870000,113.870000
1286850060,113.880000,113.880000,113.870000,113.870000
1286850120,113.860000,113.860000,113.830000,113.830000
1286850180,113.820000,113.840000,113.820000,113.830000
1286850240,113.840000,113.840000,113.800000,113.810000
1286850300,113.820000,113.830000,113.810000,113.820000
1286850360,113.830000,113.830000,113.810000,113.810000
1286850420,113.820000,113.820000,113.800000,113.800000
1286850480,113.790000,113.820000,113.790000,113.810000
1286850540,113.820000,113.840000,113.810000,113.840000
1286850600,113.830000,113.830000,113.820000,113.830000
1286850660,113.840000,113.840000,113.820000,113.840000
1286850720,113.830000,113.860000,113.830000,113.860000
1286850780,113.850000,113.870000,113.850000,113.860000
1286850840,113.870000,113.870000,113.860000,113.870000
1286850900,113.880000,113.880000,113.870000,113.870000
1286850960,113.880000,113.890000,113.870000,113.890000
1286851020,113.880000,113.880000,113.870000,113.870000
1286851080,113.880000,113.890000,113.870000,113.880000
1286851140,113.870000,113.880000,113.870000,113.880000
1286851200,113.870000,113.880000,113.860000,113.880000
1286851260,113.870000,113.890000,113.870000,113.880000
1286851320,113.890000,113.890000,113.870000,113.870000
1286851380,113.880000,113.890000,113.880000,113.880000
1286851440,113.890000,113.910000,113.880000,113.880000
1286851500,113.870000,113.890000,113.870000,113.880000
1286851620,113.890000,113.890000,113.880000,113.880000
1286851680,113.890000,113.890000,113.890000,113.890000
1286851740,113.880000,113.890000,113.880000,113.890000
1286851800,113.880000,113.890000,113.870000,113.880000
1286851860,113.890000,113.890000,113.850000,113.850000
1286851920,113.840000,113.860000,113.830000,113.860000
1286851980,113.870000,113.880000,113.860000,113.870000
1286852040,113.880000,113.910000,113.870000,113.900000
1286852100,113.910000,113.930000,113.890000,113.890000
1286852160,113.900000,113.900000,113.890000,113.890000
1286852220,113.900000,113.900000,113.890000,113.890000
1286852280,113.880000,113.890000,113.880000,113.890000
1286852340,113.880000,113.890000,113.880000,113.880000
1286852400,113.890000,113.890000,113.870000,113.870000
1286852460,113.880000,113.880000,113.870000,113.870000
1286852520,113.880000,113.880000,113.870000,113.880000
1286852580,113.870000,113.880000,113.870000,113.870000
1286852640,113.880000,113.890000,113.880000,113.890000
1286852760,113.900000,113.910000,113.900000,113.910000
1286852820,113.900000,113.910000,113.880000,113.890000
1286852880,113.880000,113.880000,113.880000,113.880000
1286853000,113.870000,113.880000,113.870000,113.880000
1286853240,113.870000,113.880000,113.870000,113.870000
1286853300,113.880000,113.880000,113.870000,113.880000
1286853360,113.870000,113.880000,113.870000,113.880000
1286853420,113.870000,113.870000,113.870000,113.870000
1286853480,113.860000,113.860000,113.850000,113.850000
1286853540,113.860000,113.870000,113.850000,113.860000
1286853600,113.850000,113.870000,113.850000,113.850000
1286853660,113.860000,113.860000,113.850000,113.860000
1286853720,113.870000,113.870000,113.860000,113.860000
1286853840,113.870000,113.880000,113.860000,113.880000
1286853900,113.870000,113.880000,113.860000,113.860000
1286853960,113.870000,113.880000,113.870000,113.880000
1286854080,113.870000,113.880000,113.870000,113.870000
1286854140,113.850000,113.860000,113.830000,113.850000
1286854200,113.840000,113.840000,113.810000,113.810000
1286854260,113.820000,113.820000,113.770000,113.790000
1286854320,113.800000,113.800000,113.770000,113.770000
1286854380,113.780000,113.780000,113.750000,113.750000
1286854440,113.760000,113.770000,113.740000,113.750000
1286854500,113.740000,113.780000,113.740000,113.780000
1286854560,113.790000,113.820000,113.780000,113.790000
1286854620,113.780000,113.790000,113.780000,113.790000
1286854680,113.780000,113.780000,113.730000,113.750000
1286854740,113.760000,113.760000,113.720000,113.730000
1286854800,113.720000,113.730000,113.720000,113.720000
1286854860,113.710000,113.720000,113.690000,113.690000
1286854920,113.700000,113.710000,113.670000,113.670000
1286854980,113.680000,113.680000,113.660000,113.660000
1286855040,113.670000,113.700000,113.660000,113.700000
1286855100,113.690000,113.710000,113.650000,113.650000
1286855160,113.660000,113.670000,113.650000,113.650000
1286855220,113.640000,113.680000,113.640000,113.670000
1286855280,113.660000,113.670000,113.650000,113.660000
1286855340,113.670000,113.670000,113.660000,113.670000
1286855400,113.660000,113.670000,113.660000,113.670000
1286855460,113.660000,113.680000,113.640000,113.650000
1286855520,113.660000,113.660000,113.640000,113.650000
1286855580,113.640000,113.650000,113.640000,113.650000
1286855640,113.640000,113.650000,113.620000,113.630000
1286855700,113.620000,113.620000,113.580000,113.590000
1286855760,113.580000,113.610000,113.560000,113.590000
1286855820,113.600000,113.620000,113.590000,113.610000
1286855880,113.620000,113.630000,113.600000,113.610000
1286855940,113.600000,113.640000,113.600000,113.640000
