time,open,high,low,close
1515042000,1.201770,1.201770,1.201540,1.201540
1515042060,1.201530,1.201540,1.201440,1.201460
1515042120,1.201480,1.201500,1.201440,1.201450
1515042180,1.201470,1.201670,1.201470,1.201660
1515042240,1.201660,1.201670,1.201660,1.201670
1515042300,1.201660,1.201670,1.201580,1.201670
1515042360,1.201660,1.201680,1.201650,1.201680
1515042420,1.201650,1.201740,1.201650,1.201740
1515042480,1.201700,1.201700,1.201640,1.201640
1515042540,1.201640,1.201640,1.201610,1.201610
1515042600,1.201600,1.201600,1.201480,1.201500
1515042660,1.201510,1.201550,1.201480,1.201550
1515042720,1.201520,1.201520,1.201520,1.201520
1515042780,1.201520,1.201520,1.201520,1.201520
1515042840,1.201520,1.201530,1.201520,1.201520
1515042900,1.201520,1.201560,1.201520,1.201560
1515042960,1.201550,1.201670,1.201540,1.201660
1515043020,1.201640,1.201670,1.201620,1.201660
1515043080,1.201650,1.201740,1.201650,1.201740
1515043140,1.201750,1.201860,1.201750,1.201840
1515043200,1.201850,1.201860,1.201790,1.201790
1515043260,1.201790,1.201830,1.201790,1.201820
1515043320,1.201820,1.201830,1.201820,1.201830
1515043380,1.201830,1.201870,1.201820,1.201860
1515043440,1.201870,1.201920,1.201870,1.201880
1515043500,1.201870,1.201920,1.201840,1.201920
1515043560,1.201910,1.201970,1.201910,1.201970
1515043620,1.201960,1.201960,1.201950,1.201950
1515043680,1.201930,1.201940,1.201930,1.201930
1515043740,1.201940,1.201940,1.201880,1.201930
1515043800,1.201920,1.201920,1.201830,1.201830
1515043860,1.201840,1.201860,1.201800,1.201810
1515043920,1.201800,1.201800,1.201800,1.201800
1515043980,1.201820,1.201860,1.201820,1.201860
1515044040,1.201870,1.201960,1.201870,1.201960
1515044100,1.201950,1.201970,1.201930,1.201940
1515044160,1.201930,1.201980,1.201930,1.201980
1515044220,1.202000,1.202060,1.201990,1.201990
1515044280,1.202000,1.202110,1.201990,1.202110
1515044340,1.202080,1.202160,1.202080,1.202130
1515044400,1.202120,1.202140,1.202120,1.202130
1515044460,1.202150,1.202210,1.202100,1.202130
1515044520,1.202120,1.202140,1.202090,1.202140
1515044580,1.202160,1.202170,1.202150,1.202170
1515044640,1.202160,1.202210,1.202150,1.202210
1515044700,1.202210,1.202270,1.202210,1.202270
1515044760,1.202280,1.202300,1.202200,1.202200
1515044820,1.202200,1.202200,1.202130,1.202130
1515044880,1.202140,1.202140,1.202140,1.202140
1515044940,1.202150,1.202230,1.202140,1.202190
1515045000,1.202210,1.202210,1.202190,1.202190
1515045060,1.202200,1.202200,1.202200,1.202200
1515045120,1.202210,1.202210,1.202150,1.202150
1515045180,1.202160,1.202190,1.202150,1.202150
1515045240,1.202150,1.202190,1.202150,1.202190
1515045300,1.202180,1.202190,1.202150,1.202160
1515045360,1.202160,1.202200,1.202150,1.202160
1515045420,1.202160,1.202160,1.202140,1.202140
1515045480,1.202130,1.202130,1.201900,1.201900
1515045540,1.201900,1.202020,1.201890,1.201890
1515045600,1.201890,1.201920,1.201800,1.201810
1515045660,1.201800,1.201810,1.201750,1.201800
1515045720,1.201810,1.201810,1.201730,1.201730
1515045780,1.201720,1.201810,1.201710,1.201800
1515045840,1.201810,1.201870,1.201810,1.201870
1515045900,1.201890,1.201990,1.201860,1.201860
1515045960,1.201890,1.201920,1.201830,1.201830
1515046020,1.201820,1.202300,1.201820,1.202230
1515046080,1.202240,1.202410,1.202240,1.202360
1515046140,1.202350,1.202740,1.202350,1.202710
1515046200,1.202700,1.202760,1.202610,1.202620
1515046260,1.202620,1.202750,1.202610,1.202660
1515046320,1.202670,1.202770,1.202600,1.202600
1515046380,1.202590,1.202650,1.202540,1.202600
1515046440,1.202590,1.202640,1.202560,1.202580
1515046500,1.202570,1.202670,1.202570,1.202640
1515046560,1.202630,1.202640,1.202540,1.202580
1515046620,1.202590,1.202630,1.202550,1.202590
1515046680,1.202600,1.202610,1.202540,1.202580
1515046740,1.202590,1.202730,1.202590,1.202730
1515046800,1.202750,1.202910,1.202740,1.202910
1515046860,1.202920,1.202970,1.202840,1.202850
1515046920,1.202840,1.202840,1.202740,1.202740
1515046980,1.202730,1.202780,1.202560,1.202680
1515047040,1.202700,1.202790,1.202670,1.202780
1515047100,1.202770,1.202810,1.202580,1.202690
1515047160,1.202680,1.202700,1.202550,1.202690
1515047220,1.202700,1.202750,1.202700,1.202740
1515047280,1.202720,1.202820,1.202700,1.202800
1515047340,1.202800,1.202950,1.202760,1.202950
1515047400,1.202960,1.202970,1.202750,1.202790
1515047460,1.202800,1.202840,1.202670,1.202830
1515047520,1.202860,1.202960,1.202850,1.202880
1515047580,1.202870,1.202930,1.202850,1.202930
1515047640,1.202940,1.203210,1.202940,1.203010
1515047700,1.203030,1.203030,1.203010,1.203020
1515047760,1.203020,1.203570,1.203000,1.203560
1515047820,1.203550,1.203790,1.203510,1.203730
1515047880,1.203720,1.203790,1.203470,1.203470
1515047940,1.203500,1.203520,1.203280,1.203400
1515048000,1.203390,1.203430,1.203320,1.203430
1515048060,1.203420,1.203440,1.203390,1.203440
1515048120,1.203430,1.203430,1.203390,1.203390
1515048180,1.203400,1.203400,1.203200,1.203260
1515048240,1.203260,1.203260,1.203110,1.203120
1515048300,1.203130,1.203230,1.203120,1.203150
1515048360,1.203080,1.203080,1.202960,1.203010
1515048420,1.203000,1.203060,1.202960,1.203040
1515048480,1.203030,1.203040,1.203030,1.203030
1515048540,1.203040,1.203060,1.203030,1.203030
1515048600,1.203020,1.203120,1.202980,1.203110
1515048660,1.203120,1.203200,1.203120,1.203130
1515048720,1.203080,1.203080,1.203060,1.203070
1515048780,1.203050,1.203050,1.202780,1.202790
1515048840,1.202810,1.202930,1.202810,1.202890
1515048900,1.202890,1.202920,1.202790,1.202910
1515048960,1.202890,1.202920,1.202760,1.202800
1515049020,1.202790,1.202910,1.202790,1.202830
1515049080,1.202840,1.202850,1.202830,1.202830
1515049140,1.202830,1.202840,1.202760,1.202780
1515049200,1.202770,1.202780,1.202700,1.202780
1515049260,1.202770,1.202770,1.202710,1.202710
1515049320,1.202710,1.202710,1.202560,1.202590
1515049380,1.202600,1.202730,1.202580,1.202720
1515049440,1.202710,1.202730,1.202660,1.202720
1515049500,1.202710,1.202740,1.202710,1.202740
1515049560,1.202740,1.202740,1.202610,1.202620
1515049620,1.202630,1.202710,1.202630,1.202670
1515049680,1.202670,1.202670,1.202610,1.202650
1515049740,1.202670,1.202760,1.202510,1.202650
1515049800,1.202660,1.202750,1.202640,1.202680
1515049860,1.202690,1.202730,1.202620,1.202620
1515049920,1.202630,1.202810,1.202610,1.202670
1515049980,1.202680,1.202700,1.202600,1.202630
1515050040,1.202620,1.202640,1.202490,1.202610
1515050100,1.202620,1.202710,1.202590,1.202660
1515050160,1.202650,1.202850,1.202600,1.202850
1515050220,1.202860,1.203260,1.202860,1.203230
1515050280,1.203210,1.203340,1.203070,1.203340
1515050340,1.203350,1.203400,1.203220,1.203340
1515050400,1.203320,1.203320,1.203170,1.203220
1515050460,1.203230,1.203230,1.203130,1.203140
1515050520,1.203130,1.203180,1.203070,1.203070
1515050580,1.203080,1.203140,1.203070,1.203140
1515050640,1.203130,1.203180,1.203080,1.203140
1515050700,1.203150,1.203220,1.203080,1.203100
1515050760,1.203080,1.203140,1.202910,1.202910
1515050820,1.202920,1.202970,1.202750,1.202750
1515050880,1.202740,1.202900,1.202740,1.202840
1515050940,1.202850,1.203050,1.202850,1.203050
1515051000,1.203050,1.203050,1.202870,1.202880
1515051060,1.202880,1.203090,1.202880,1.203030
1515051120,1.203020,1.203020,1.202840,1.202870
1515051180,1.202890,1.202990,1.202720,1.202720
1515051240,1.202730,1.202810,1.202720,1.202810
1515051300,1.202820,1.202820,1.202520,1.202520
1515051360,1.202530,1.202710,1.202510,1.202680
1515051420,1.202700,1.202830,1.202700,1.202830
1515051480,1.202850,1.203270,1.202850,1.203230
1515051540,1.203270,1.203310,1.203240,1.203300
1515051600,1.203280,1.203300,1.203230,1.203280
1515051660,1.203290,1.203360,1.203250,1.203360
1515051720,1.203320,1.203330,1.203220,1.203280
1515051780,1.203290,1.203330,1.203230,1.203230
1515051840,1.203230,1.203270,1.203210,1.203240
1515051900,1.203230,1.203490,1.203190,1.203440
1515051960,1.203440,1.203520,1.203280,1.203480
1515052020,1.203470,1.203540,1.203430,1.203480
1515052080,1.203470,1.203470,1.203350,1.203370
1515052140,1.203380,1.203470,1.203370,1.203470
1515052200,1.203480,1.203750,1.203480,1.203640
1515052260,1.203630,1.203650,1.203270,1.203270
1515052320,1.203270,1.203270,1.202990,1.203050
1515052380,1.203060,1.203080,1.202910,1.202980
1515052440,1.202970,1.203000,1.202920,1.202920
1515052500,1.202910,1.202910,1.202810,1.202830
1515052560,1.202810,1.202900,1.202810,1.202820
1515052620,1.202830,1.202920,1.202750,1.202760
1515052680,1.202760,1.202860,1.202760,1.202820
1515052740,1.202840,1.202850,1.202820,1.202820
1515052800,1.202810,1.202960,1.202640,1.202690
1515052860,1.202680,1.202800,1.202680,1.202730
1515052920,1.202730,1.202790,1.202670,1.202670
1515052980,1.202680,1.202700,1.202560,1.202640
1515053040,1.202620,1.202640,1.202340,1.202390
1515053100,1.202390,1.202500,1.202340,1.202440
1515053160,1.202430,1.202620,1.202400,1.202620
1515053220,1.202610,1.202770,1.202520,1.202600
1515053280,1.202610,1.202610,1.202160,1.202160
1515053340,1.202160,1.202470,1.202130,1.202340
1515053400,1.202340,1.202570,1.202340,1.202540
1515053460,1.202550,1.202550,1.202430,1.202430
1515053520,1.202460,1.202640,1.202460,1.202570
1515053580,1.202590,1.202690,1.202550,1.202690
1515053640,1.202700,1.202790,1.202660,1.202740
1515053700,1.202720,1.202730,1.202620,1.202630
1515053760,1.202630,1.202720,1.202570,1.202700
1515053820,1.202690,1.202830,1.202690,1.202820
1515053880,1.202810,1.202830,1.202670,1.202810
1515053940,1.202820,1.202890,1.202820,1.202870
1515054000,1.202950,1.202960,1.202870,1.202910
1515054060,1.202900,1.202920,1.202800,1.202840
1515054120,1.202830,1.202920,1.202750,1.202860
1515054180,1.202870,1.203060,1.202870,1.202960
1515054240,1.202970,1.202970,1.202800,1.202950
1515054300,1.202950,1.202960,1.202820,1.202820
1515054360,1.202810,1.203020,1.202810,1.202950
1515054420,1.202950,1.202950,1.202900,1.202920
1515054480,1.202930,1.203010,1.202920,1.203010
1515054540,1.203010,1.203230,1.202960,1.203230
1515054600,1.203220,1.203260,1.203140,1.203230
1515054660,1.203240,1.203510,1.203190,1.203410
1515054720,1.203410,1.203440,1.203330,1.203340
1515054780,1.203330,1.203340,1.203110,1.203120
1515054840,1.203130,1.203140,1.203020,1.203130
1515054900,1.203110,1.203230,1.203000,1.203050
1515054960,1.203030,1.203060,1.203020,1.203030
1515055020,1.203040,1.203070,1.203020,1.203050
1515055080,1.203060,1.203060,1.203020,1.203030
1515055140,1.203010,1.203010,1.202760,1.202790
1515055200,1.202770,1.202770,1.202700,1.202750
1515055260,1.202760,1.202840,1.202730,1.202840
1515055320,1.202850,1.202970,1.202810,1.202970
1515055380,1.202960,1.202990,1.202940,1.202990
1515055440,1.203000,1.203020,1.202870,1.202970
1515055500,1.202970,1.203010,1.202860,1.202980
1515055560,1.202970,1.203030,1.202930,1.203030
1515055620,1.203020,1.203340,1.203020,1.203340
1515055680,1.203330,1.203330,1.203010,1.203010
1515055740,1.203000,1.203010,1.202920,1.203000
1515055800,1.202980,1.202990,1.202850,1.202860
1515055860,1.202870,1.202870,1.202760,1.202780
1515055920,1.202780,1.202790,1.202760,1.202770
1515055980,1.202780,1.202790,1.202610,1.202650
1515056040,1.202630,1.202700,1.202600,1.202670
1515056100,1.202670,1.202710,1.202620,1.202620
1515056160,1.202610,1.202620,1.202560,1.202590
1515056220,1.202580,1.202610,1.202430,1.202540
1515056280,1.202550,1.202560,1.202440,1.202440
1515056340,1.202430,1.202600,1.202430,1.202570
1515056400,1.202560,1.202680,1.202490,1.202680
1515056460,1.202690,1.202770,1.202690,1.202770
1515056520,1.202760,1.202770,1.202710,1.202740
1515056580,1.202750,1.202770,1.202750,1.202770
1515056640,1.202780,1.203120,1.202780,1.203050
1515056700,1.203050,1.203070,1.203000,1.203030
1515056760,1.203020,1.203030,1.202880,1.202880
1515056820,1.202870,1.202870,1.202710,1.202720
1515056880,1.202730,1.202860,1.202730,1.202860
1515056940,1.202870,1.202960,1.202780,1.202930
1515057000,1.202920,1.202920,1.202850,1.202880
1515057060,1.202880,1.202920,1.202860,1.202920
1515057120,1.202940,1.203240,1.202940,1.203240
1515057180,1.203270,1.203340,1.203230,1.203300
1515057240,1.203330,1.203340,1.203160,1.203230
1515057300,1.203220,1.203220,1.203150,1.203220
1515057360,1.203230,1.203320,1.203230,1.203320
1515057420,1.203310,1.203310,1.203230,1.203240
1515057480,1.203230,1.203230,1.202940,1.202940
1515057540,1.202950,1.202970,1.202810,1.202820
1515057600,1.202830,1.202870,1.202820,1.202830
1515057660,1.202830,1.202830,1.202760,1.202770
1515057720,1.202780,1.202890,1.202780,1.202860
1515057780,1.202860,1.202970,1.202850,1.202960
1515057840,1.202970,1.203070,1.202970,1.203020
1515057900,1.203030,1.203030,1.202840,1.202860
1515057960,1.202870,1.203070,1.202870,1.203050
1515058020,1.203060,1.203280,1.203050,1.203270
1515058080,1.203270,1.203280,1.203260,1.203270
1515058140,1.203280,1.203300,1.203180,1.203180
1515058200,1.203190,1.203200,1.203080,1.203170
1515058260,1.203180,1.203200,1.203100,1.203200
1515058320,1.203200,1.203320,1.203180,1.203300
1515058380,1.203320,1.203320,1.202970,1.203020
1515058440,1.203060,1.203160,1.203060,1.203160
1515058500,1.203170,1.203430,1.203170,1.203360
1515058560,1.203350,1.203630,1.203350,1.203430
1515058620,1.203430,1.203530,1.203330,1.203360
1515058680,1.203360,1.203370,1.203310,1.203370
1515058740,1.203360,1.203560,1.203330,1.203560
1515058800,1.203570,1.203740,1.203550,1.203700
1515058860,1.203660,1.203720,1.203640,1.203700
1515058920,1.203690,1.203690,1.203440,1.203440
1515058980,1.203450,1.203520,1.203390,1.203480
1515059040,1.203490,1.203600,1.203430,1.203570
1515059100,1.203540,1.203570,1.203430,1.203470
1515059160,1.203470,1.203470,1.203390,1.203410
1515059220,1.203400,1.203430,1.203290,1.203290
1515059280,1.203300,1.203610,1.203300,1.203610
1515059340,1.203600,1.204500,1.203590,1.204480
1515059400,1.204450,1.204500,1.204300,1.204300
1515059460,1.204330,1.204500,1.204330,1.204500
1515059520,1.204480,1.204570,1.204380,1.204390
1515059580,1.204390,1.204560,1.204390,1.204490
1515059640,1.204480,1.204480,1.204280,1.204280
1515059700,1.204310,1.204330,1.204020,1.204070
1515059760,1.204090,1.204250,1.204090,1.204230
1515059820,1.204220,1.204370,1.204210,1.204320
1515059880,1.204310,1.204410,1.204290,1.204410
1515059940,1.204390,1.204390,1.204240,1.204320
1515060000,1.204310,1.204340,1.204220,1.204230
1515060060,1.204240,1.204510,1.204230,1.204510
1515060120,1.204520,1.204670,1.204510,1.204590
1515060180,1.204580,1.204660,1.204550,1.204650
1515060240,1.204660,1.204670,1.204460,1.204510
1515060300,1.204500,1.204500,1.204380,1.204450
1515060360,1.204440,1.204540,1.204420,1.204540
1515060420,1.204540,1.204640,1.204470,1.204620
1515060480,1.204610,1.204790,1.204510,1.204790
1515060540,1.204780,1.204840,1.204670,1.204690
1515060600,1.204670,1.204810,1.204670,1.204780
1515060660,1.204790,1.204840,1.204670,1.204710
1515060720,1.204700,1.204700,1.204530,1.204590
1515060780,1.204590,1.204620,1.204550,1.204550
1515060840,1.204540,1.204540,1.204150,1.204230
1515060900,1.204240,1.204290,1.204170,1.204220
1515060960,1.204220,1.204340,1.204190,1.204270
1515061020,1.204270,1.204290,1.204130,1.204130
1515061080,1.204130,1.204210,1.204130,1.204210
1515061140,1.204220,1.204320,1.204160,1.204320
1515061200,1.204320,1.204390,1.204220,1.204220
1515061260,1.204240,1.204270,1.204140,1.204220
1515061320,1.204220,1.204380,1.204220,1.204380
1515061380,1.204370,1.204390,1.204270,1.204360
1515061440,1.204340,1.204370,1.204280,1.204350
1515061500,1.204340,1.204380,1.204320,1.204370
1515061560,1.204360,1.204660,1.204330,1.204660
1515061620,1.204650,1.204740,1.204610,1.204700
1515061680,1.204710,1.204900,1.204660,1.204850
1515061740,1.204870,1.204990,1.204780,1.204860
1515061800,1.204860,1.204970,1.204850,1.204970
1515061860,1.204970,1.205470,1.204920,1.205200
1515061920,1.205250,1.205560,1.205250,1.205550
1515061980,1.205540,1.205540,1.205040,1.205070
1515062040,1.205090,1.205170,1.205040,1.205060
1515062100,1.205050,1.205080,1.204940,1.204970
1515062160,1.204970,1.205140,1.204970,1.205130
1515062220,1.205140,1.205160,1.205040,1.205040
1515062280,1.205060,1.205260,1.204950,1.205210
1515062340,1.205220,1.205410,1.205220,1.205410
1515062400,1.205400,1.205520,1.205360,1.205370
1515062460,1.205350,1.205400,1.205200,1.205200
1515062520,1.205220,1.205300,1.205220,1.205240
1515062580,1.205260,1.205400,1.205250,1.205350
1515062640,1.205360,1.205470,1.205350,1.205420
1515062700,1.205430,1.205450,1.205310,1.205340
1515062760,1.205340,1.205420,1.205290,1.205320
1515062820,1.205320,1.205320,1.205180,1.205180
1515062880,1.205180,1.205220,1.205010,1.205160
1515062940,1.205170,1.205220,1.204990,1.204990
1515063000,1.205010,1.205100,1.205010,1.205100
1515063060,1.205090,1.205230,1.205090,1.205190
1515063120,1.205180,1.205180,1.205010,1.205030
1515063180,1.205020,1.205040,1.204930,1.204990
1515063240,1.205000,1.205020,1.204930,1.204930
1515063300,1.204920,1.204920,1.204870,1.204900
1515063360,1.204900,1.205020,1.204850,1.204940
1515063420,1.204960,1.205050,1.204940,1.205000
1515063480,1.204990,1.205120,1.204990,1.205090
1515063540,1.205080,1.205130,1.205070,1.205120
1515063600,1.205120,1.205120,1.205050,1.205090
1515063660,1.205090,1.205270,1.205090,1.205270
1515063720,1.205260,1.205310,1.205210,1.205270
1515063780,1.205270,1.205440,1.205260,1.205420
1515063840,1.205410,1.205440,1.205360,1.205360
1515063900,1.205360,1.205540,1.205330,1.205460
1515063960,1.205440,1.205510,1.205320,1.205420
1515064020,1.205420,1.205470,1.205240,1.205250
1515064080,1.205250,1.205520,1.205240,1.205520
1515064140,1.205500,1.205560,1.205030,1.205030
1515064200,1.205040,1.205160,1.204940,1.205130
1515064260,1.205120,1.205140,1.204730,1.204730
1515064320,1.204750,1.204830,1.204650,1.204770
1515064380,1.204760,1.204920,1.204750,1.204890
1515064440,1.204850,1.205040,1.204840,1.205040
1515064500,1.205050,1.205310,1.205050,1.205240
1515064560,1.205270,1.205490,1.205260,1.205430
1515064620,1.205430,1.205480,1.205330,1.205360
1515064680,1.205380,1.205380,1.205210,1.205340
1515064740,1.205310,1.205310,1.205210,1.205260
1515064800,1.205260,1.205260,1.204910,1.204920
1515064860,1.204910,1.205200,1.204780,1.205200
1515064920,1.205200,1.205510,1.205160,1.205410
1515064980,1.205390,1.205400,1.205220,1.205310
1515065040,1.205310,1.205310,1.205220,1.205220
1515065100,1.205220,1.205320,1.205220,1.205320
1515065160,1.205330,1.205380,1.205310,1.205320
1515065220,1.205310,1.205360,1.205310,1.205350
1515065280,1.205340,1.205340,1.205150,1.205150
1515065340,1.205140,1.205190,1.205030,1.205120
1515065400,1.205130,1.205250,1.205090,1.205200
1515065460,1.205210,1.205330,1.205040,1.205040
1515065520,1.205040,1.205060,1.204940,1.205010
1515065580,1.204990,1.205010,1.204810,1.204860
1515065640,1.204950,1.205280,1.204910,1.205280
1515065700,1.205280,1.205740,1.205280,1.205620
1515065760,1.205630,1.205630,1.205480,1.205550
1515065820,1.205540,1.205770,1.205530,1.205770
1515065880,1.205800,1.205800,1.205580,1.205590
1515065940,1.205580,1.205580,1.205460,1.205530
1515066000,1.205530,1.205730,1.205480,1.205650
1515066060,1.205640,1.205650,1.205560,1.205630
1515066120,1.205630,1.205830,1.205590,1.205790
1515066180,1.205800,1.205950,1.205800,1.205950
1515066240,1.205960,1.206550,1.205910,1.206330
1515066300,1.206320,1.206320,1.206190,1.206210
1515066360,1.206200,1.206220,1.206140,1.206180
1515066420,1.206170,1.206220,1.206170,1.206190
1515066480,1.206190,1.206310,1.206180,1.206290
1515066540,1.206280,1.206560,1.206280,1.206370
1515066600,1.206350,1.206460,1.206280,1.206460
1515066660,1.206440,1.206440,1.206300,1.206310
1515066720,1.206320,1.206520,1.206290,1.206400
1515066780,1.206420,1.206480,1.206380,1.206390
1515066840,1.206400,1.206410,1.206310,1.206310
1515066900,1.206300,1.206400,1.206300,1.206310
1515066960,1.206320,1.206330,1.206290,1.206310
1515067020,1.206310,1.206360,1.206300,1.206360
1515067080,1.206350,1.206360,1.206300,1.206310
1515067140,1.206300,1.206300,1.206160,1.206200
1515067200,1.206200,1.206240,1.206080,1.206100
1515067260,1.206090,1.206150,1.206060,1.206110
1515067320,1.206110,1.206120,1.206090,1.206100
1515067380,1.206090,1.206130,1.206090,1.206100
1515067440,1.206090,1.206100,1.206030,1.206050
1515067500,1.206040,1.206110,1.206030,1.206030
1515067560,1.206040,1.206110,1.206030,1.206070
1515067620,1.206080,1.206130,1.206010,1.206070
1515067680,1.206080,1.206170,1.206050,1.206140
1515067740,1.206130,1.206380,1.206110,1.206360
1515067800,1.206340,1.206420,1.206260,1.206280
1515067860,1.206280,1.206280,1.206210,1.206230
1515067920,1.206300,1.206320,1.206280,1.206320
1515067980,1.206300,1.206320,1.206210,1.206210
1515068040,1.206190,1.206190,1.206090,1.206100
1515068100,1.206090,1.206290,1.206090,1.206240
1515068160,1.206240,1.206240,1.206100,1.206210
1515068220,1.206220,1.206240,1.206170,1.206210
1515068280,1.206200,1.206220,1.206090,1.206090
1515068340,1.206100,1.206100,1.205980,1.206000
1515068400,1.206000,1.206020,1.205960,1.206000
1515068460,1.206000,1.206120,1.205910,1.206120
1515068520,1.206100,1.206350,1.206050,1.206350
1515068580,1.206340,1.206400,1.206280,1.206390
1515068640,1.206430,1.206480,1.206400,1.206410
1515068700,1.206390,1.206450,1.206390,1.206400
1515068760,1.206430,1.206510,1.206410,1.206460
1515068820,1.206440,1.206480,1.206440,1.206450
1515068880,1.206460,1.206470,1.206440,1.206440
1515068940,1.206430,1.206480,1.206400,1.206420
1515069000,1.206410,1.206440,1.206380,1.206440
1515069060,1.206440,1.206590,1.206440,1.206570
1515069120,1.206550,1.206550,1.206360,1.206390
1515069180,1.206370,1.206400,1.206290,1.206400
1515069240,1.206420,1.206550,1.206420,1.206460
1515069300,1.206470,1.206560,1.206390,1.206440
1515069360,1.206440,1.206860,1.206410,1.206830
1515069420,1.206830,1.207440,1.206830,1.207050
1515069480,1.207040,1.207050,1.206670,1.206680
1515069540,1.206670,1.206700,1.206540,1.206590
1515069600,1.206600,1.206630,1.206520,1.206610
1515069660,1.206620,1.206650,1.206580,1.206620
1515069720,1.206630,1.206650,1.206600,1.206600
1515069780,1.206590,1.206650,1.206580,1.206620
1515069840,1.206620,1.206700,1.206620,1.206620
1515069900,1.206620,1.206700,1.206600,1.206610
1515069960,1.206600,1.206640,1.206580,1.206600
1515070020,1.206640,1.207060,1.206640,1.207020
1515070080,1.207000,1.207010,1.206700,1.206700
1515070140,1.206700,1.206800,1.206610,1.206610
1515070200,1.206620,1.206620,1.206580,1.206600
1515070260,1.206600,1.206600,1.206580,1.206580
1515070320,1.206570,1.206880,1.206520,1.206860
1515070380,1.206880,1.207000,1.206780,1.206850
1515070440,1.206830,1.206950,1.206710,1.206750
1515070500,1.206750,1.206910,1.206700,1.206820
1515070560,1.206820,1.206980,1.206760,1.206980
1515070620,1.206970,1.207160,1.206870,1.207120
1515070680,1.207100,1.207100,1.206880,1.206880
1515070740,1.206870,1.207060,1.206840,1.207050
1515070800,1.207070,1.207070,1.206710,1.206760
1515070860,1.206780,1.206950,1.206770,1.206770
1515070920,1.206760,1.206800,1.206700,1.206720
1515070980,1.206730,1.206900,1.206730,1.206840
1515071040,1.206850,1.206900,1.206780,1.206800
1515071100,1.206790,1.206790,1.206510,1.206620
1515071160,1.206620,1.206730,1.206620,1.206650
1515071220,1.206650,1.206730,1.206410,1.206420
1515071280,1.206400,1.206450,1.206320,1.206450
1515071340,1.206450,1.206450,1.206300,1.206310
1515071400,1.206310,1.206470,1.206280,1.206410
1515071460,1.206410,1.206450,1.206350,1.206440
1515071520,1.206440,1.206520,1.206390,1.206520
1515071580,1.206520,1.206650,1.206460,1.206460
1515071640,1.206480,1.206610,1.206430,1.206430
1515071700,1.206420,1.206440,1.205500,1.205900
1515071760,1.205880,1.206100,1.205790,1.206050
1515071820,1.206040,1.206230,1.205910,1.206110
1515071880,1.206130,1.206520,1.206130,1.206450
1515071940,1.206440,1.206610,1.206290,1.206290
1515072000,1.206330,1.206910,1.206210,1.206910
1515072060,1.206900,1.207140,1.206770,1.207000
1515072120,1.206980,1.207370,1.206920,1.207030
1515072180,1.207030,1.207180,1.206990,1.207010
1515072240,1.207000,1.207010,1.206790,1.206820
1515072300,1.206830,1.206900,1.206690,1.206720
1515072360,1.206710,1.206750,1.206440,1.206450
1515072420,1.206480,1.206650,1.206460,1.206580
1515072480,1.206590,1.206610,1.206450,1.206500
1515072540,1.206480,1.206540,1.206280,1.206350
1515072600,1.206340,1.206800,1.206330,1.206750
1515072660,1.206730,1.206900,1.206660,1.206680
1515072720,1.206670,1.206700,1.206520,1.206560
1515072780,1.206550,1.206560,1.206140,1.206140
1515072840,1.206150,1.206240,1.205840,1.205960
1515072900,1.205940,1.206070,1.205880,1.206070
1515072960,1.206080,1.206150,1.205990,1.205990
1515073020,1.206000,1.206100,1.205760,1.205950
1515073080,1.205950,1.206070,1.205950,1.206070
1515073140,1.206080,1.206350,1.206050,1.206330
1515073200,1.206350,1.206430,1.206320,1.206430
1515073260,1.206440,1.206520,1.206370,1.206370
1515073320,1.206360,1.206470,1.206230,1.206430
1515073380,1.206430,1.206500,1.206410,1.206500
1515073440,1.206500,1.206580,1.206490,1.206570
1515073500,1.206580,1.206710,1.206560,1.206710
1515073560,1.206720,1.207440,1.206720,1.207330
1515073620,1.207320,1.207400,1.207100,1.207130
1515073680,1.207140,1.207380,1.207120,1.207330
1515073740,1.207320,1.207470,1.207290,1.207320
1515073800,1.207320,1.207320,1.207130,1.207160
1515073860,1.207160,1.207420,1.207160,1.207420
1515073920,1.207410,1.207480,1.206980,1.207000
1515073980,1.206980,1.206980,1.206790,1.206890
1515074040,1.206870,1.206870,1.206600,1.206620
1515074100,1.206620,1.206760,1.206510,1.206670
1515074160,1.206650,1.206660,1.206410,1.206420
1515074220,1.206440,1.206610,1.206400,1.206440
1515074280,1.206470,1.206530,1.206310,1.206430
1515074340,1.206440,1.206480,1.206190,1.206200
1515074400,1.206270,1.206430,1.206210,1.206350
1515074460,1.206360,1.206530,1.206360,1.206510
1515074520,1.206500,1.206750,1.206430,1.206720
1515074580,1.206730,1.206920,1.206720,1.206820
1515074640,1.206820,1.206870,1.206660,1.206670
1515074700,1.206650,1.206690,1.206630,1.206670
1515074760,1.206670,1.206680,1.206560,1.206600
1515074820,1.206590,1.206590,1.206410,1.206480
1515074880,1.206500,1.206590,1.206500,1.206520
1515074940,1.206540,1.206580,1.206470,1.206480
1515075000,1.206500,1.206520,1.206430,1.206440
1515075060,1.206450,1.206540,1.206440,1.206450
1515075120,1.206450,1.206540,1.206380,1.206510
1515075180,1.206510,1.206520,1.206410,1.206430
1515075240,1.206420,1.206420,1.206310,1.206330
1515075300,1.206340,1.206340,1.206210,1.206220
1515075360,1.206210,1.206500,1.206190,1.206490
1515075420,1.206500,1.206500,1.206430,1.206470
1515075480,1.206510,1.206610,1.206450,1.206610
1515075540,1.206620,1.206720,1.206610,1.206680
1515075600,1.206680,1.206710,1.206550,1.206560
1515075660,1.206570,1.206580,1.206500,1.206530
1515075720,1.206520,1.206520,1.206290,1.206370
1515075780,1.206360,1.206360,1.206300,1.206310
1515075840,1.206310,1.206310,1.206220,1.206220
1515075900,1.206210,1.206270,1.206040,1.206070
1515075960,1.206070,1.206180,1.206070,1.206180
1515076020,1.206180,1.206200,1.206010,1.206060
1515076080,1.206050,1.206120,1.206020,1.206110
1515076140,1.206120,1.206290,1.206120,1.206270
1515076200,1.206300,1.206420,1.206250,1.206420
1515076260,1.206410,1.206530,1.206400,1.206520
1515076320,1.206530,1.206540,1.206420,1.206420
1515076380,1.206430,1.206500,1.206330,1.206490
1515076440,1.206500,1.207400,1.206500,1.207380
1515076500,1.207380,1.207380,1.207120,1.207270
1515076560,1.207260,1.207380,1.207070,1.207280
1515076620,1.207270,1.207310,1.207010,1.207040
1515076680,1.207030,1.207740,1.206970,1.207630
1515076740,1.207660,1.207930,1.207610,1.207840
1515076800,1.207830,1.207870,1.207740,1.207800
1515076860,1.207810,1.207850,1.207540,1.207720
1515076920,1.207720,1.207770,1.207630,1.207730
1515076980,1.207740,1.208030,1.207740,1.208020
1515077040,1.208000,1.208430,1.207690,1.208220
1515077100,1.208220,1.208300,1.207870,1.207870
1515077160,1.207850,1.207940,1.207750,1.207930
1515077220,1.207930,1.208060,1.207850,1.208030
1515077280,1.208050,1.208380,1.208050,1.208350
1515077340,1.208340,1.208580,1.208150,1.208550
1515077400,1.208590,1.208590,1.208440,1.208500
1515077460,1.208510,1.208600,1.208260,1.208300
1515077520,1.208280,1.208350,1.208100,1.208160
1515077580,1.208190,1.208320,1.207990,1.208240
1515077640,1.208250,1.208370,1.207950,1.207960
1515077700,1.208000,1.208240,1.207780,1.208190
1515077760,1.208180,1.208440,1.208150,1.208260
1515077820,1.208270,1.208410,1.208210,1.208280
1515077880,1.208290,1.208290,1.208050,1.208200
1515077940,1.208190,1.208240,1.208110,1.208230
1515078000,1.208220,1.208340,1.208110,1.208130
1515078060,1.208130,1.208270,1.207880,1.208020
1515078120,1.208030,1.208070,1.207890,1.207920
1515078180,1.207950,1.207960,1.207680,1.207700
1515078240,1.207710,1.207830,1.207650,1.207750
1515078300,1.207730,1.207770,1.207630,1.207770
1515078360,1.207750,1.207920,1.207700,1.207730
1515078420,1.207740,1.207920,1.207690,1.207870
1515078480,1.207890,1.207980,1.207860,1.207960
1515078540,1.207980,1.208020,1.207930,1.208020
1515078600,1.208030,1.208710,1.208030,1.208710
1515078660,1.208700,1.208750,1.208290,1.208400
1515078720,1.208400,1.208530,1.208320,1.208430
1515078780,1.208420,1.208440,1.208370,1.208410
1515078840,1.208400,1.208780,1.208400,1.208760
1515078900,1.208750,1.208750,1.208490,1.208550
1515078960,1.208590,1.208610,1.208480,1.208500
1515079020,1.208500,1.208530,1.208460,1.208510
1515079080,1.208520,1.208570,1.208470,1.208470
1515079140,1.208450,1.208470,1.208340,1.208360
1515079200,1.208360,1.208510,1.208360,1.208440
1515079260,1.208430,1.208810,1.208420,1.208810
1515079320,1.208800,1.208810,1.208720,1.208740
1515079380,1.208690,1.208690,1.208510,1.208520
1515079440,1.208530,1.208790,1.208410,1.208760
1515079500,1.208740,1.208890,1.208510,1.208510
1515079560,1.208530,1.208550,1.208410,1.208430
1515079620,1.208440,1.208530,1.208440,1.208440
1515079680,1.208400,1.208480,1.208390,1.208460
1515079740,1.208450,1.208450,1.208180,1.208180
1515079800,1.208190,1.208190,1.207990,1.207990
1515079860,1.207980,1.208010,1.207850,1.207990
1515079920,1.208010,1.208060,1.207870,1.207870
1515079980,1.207860,1.207900,1.207670,1.207790
1515080040,1.207800,1.207910,1.207770,1.207770
1515080100,1.207780,1.207940,1.207780,1.207940
1515080160,1.207910,1.207990,1.207770,1.207770
1515080220,1.207770,1.207930,1.207700,1.207700
1515080280,1.207710,1.207870,1.207690,1.207840
1515080340,1.207830,1.207830,1.207570,1.207630
1515080400,1.207640,1.207730,1.207600,1.207700
1515080460,1.207700,1.207880,1.207670,1.207830
1515080520,1.207830,1.207830,1.207790,1.207800
1515080580,1.207790,1.207800,1.207610,1.207800
1515080640,1.207790,1.207830,1.207660,1.207830
1515080700,1.207830,1.207990,1.207770,1.207990
1515080760,1.207990,1.208180,1.207990,1.208170
1515080820,1.208180,1.208550,1.208180,1.208480
1515080880,1.208470,1.208470,1.208220,1.208260
1515080940,1.208260,1.208390,1.208260,1.208310
1515081000,1.208300,1.208350,1.208020,1.208110
1515081060,1.208100,1.208180,1.208100,1.208150
1515081120,1.208140,1.208170,1.208090,1.208090
1515081180,1.208060,1.208060,1.207950,1.207990
1515081240,1.208000,1.208010,1.207910,1.207930
1515081300,1.207950,1.208360,1.207920,1.208360
1515081360,1.208340,1.208400,1.208240,1.208340
1515081420,1.208350,1.208440,1.207880,1.207880
1515081480,1.207870,1.207870,1.207430,1.207550
1515081540,1.207550,1.207550,1.207150,1.207430
1515081600,1.207430,1.207660,1.207380,1.207570
1515081660,1.207560,1.207620,1.207410,1.207560
1515081720,1.207450,1.207660,1.207330,1.207590
1515081780,1.207570,1.207640,1.207410,1.207550
1515081840,1.207540,1.207590,1.207220,1.207400
1515081900,1.207380,1.207550,1.207330,1.207450
1515081960,1.207450,1.207580,1.207410,1.207470
1515082020,1.207480,1.207550,1.207290,1.207430
1515082080,1.207430,1.207530,1.207360,1.207490
1515082140,1.207500,1.207540,1.207160,1.207340
1515082200,1.207340,1.207360,1.207240,1.207360
1515082260,1.207370,1.207480,1.207270,1.207450
1515082320,1.207470,1.207630,1.207370,1.207400
1515082380,1.207390,1.207430,1.207260,1.207260
1515082440,1.207260,1.207260,1.206450,1.206630
1515082500,1.206640,1.206670,1.206500,1.206560
1515082560,1.206580,1.206720,1.206580,1.206640
1515082620,1.206630,1.206650,1.206500,1.206570
1515082680,1.206560,1.206660,1.206530,1.206580
1515082740,1.206600,1.206860,1.206590,1.206690
1515082800,1.206700,1.206770,1.206640,1.206690
1515082860,1.206680,1.206760,1.206620,1.206760
1515082920,1.206760,1.206870,1.206740,1.206850
1515082980,1.206840,1.206940,1.206830,1.206930
1515083040,1.206920,1.207030,1.206830,1.207030
1515083100,1.207030,1.207200,1.207030,1.207190
1515083160,1.207170,1.207280,1.207120,1.207220
1515083220,1.207220,1.207220,1.207120,1.207140
1515083280,1.207110,1.207110,1.206850,1.206860
1515083340,1.206860,1.206870,1.206710,1.206860
1515083400,1.206860,1.206870,1.206730,1.206800
1515083460,1.206820,1.206840,1.206740,1.206780
1515083520,1.206780,1.206970,1.206780,1.206970
1515083580,1.206950,1.206980,1.206890,1.206980
1515083640,1.206970,1.207070,1.206880,1.206940
1515083700,1.206930,1.206970,1.206840,1.206960
1515083760,1.206950,1.206970,1.206890,1.206960
1515083820,1.206970,1.207160,1.206970,1.207140
1515083880,1.207150,1.207170,1.206910,1.206930
1515083940,1.206910,1.206980,1.206820,1.206930
1515084000,1.206920,1.207110,1.206920,1.207110
1515084060,1.207100,1.207150,1.206980,1.207030
1515084120,1.207030,1.207060,1.206990,1.206990
1515084180,1.207000,1.207000,1.206790,1.206790
1515084240,1.206790,1.206790,1.206680,1.206680
1515084300,1.206690,1.206690,1.206360,1.206370
1515084360,1.206380,1.206530,1.206310,1.206340
1515084420,1.206360,1.206360,1.206100,1.206230
1515084480,1.206230,1.206390,1.206160,1.206330
1515084540,1.206350,1.206430,1.206320,1.206380
1515084600,1.206390,1.206430,1.206380,1.206380
1515084660,1.206400,1.206620,1.206400,1.206620
1515084720,1.206630,1.206630,1.206460,1.206510
1515084780,1.206470,1.206540,1.206430,1.206540
1515084840,1.206530,1.206560,1.206210,1.206290
1515084900,1.206300,1.206330,1.206090,1.206120
1515084960,1.206120,1.206430,1.206120,1.206430
1515085020,1.206440,1.206480,1.206370,1.206370
1515085080,1.206360,1.206370,1.206220,1.206280
1515085140,1.206320,1.206360,1.206180,1.206300
1515085200,1.206320,1.206420,1.206290,1.206340
1515085260,1.206340,1.206340,1.206220,1.206230
1515085320,1.206210,1.206390,1.206190,1.206390
1515085380,1.206400,1.206480,1.206370,1.206450
1515085440,1.206470,1.206470,1.206380,1.206450
1515085500,1.206450,1.206450,1.206340,1.206440
1515085560,1.206430,1.206430,1.206350,1.206370
1515085620,1.206360,1.206380,1.206200,1.206380
1515085680,1.206400,1.206460,1.206350,1.206450
1515085740,1.206450,1.206450,1.206290,1.206300
1515085800,1.206300,1.206470,1.206290,1.206450
1515085860,1.206460,1.206530,1.206450,1.206480
1515085920,1.206490,1.206540,1.206460,1.206510
1515085980,1.206520,1.206520,1.206360,1.206380
1515086040,1.206380,1.206450,1.206350,1.206360
1515086100,1.206350,1.206500,1.206350,1.206500
1515086160,1.206500,1.206560,1.206500,1.206560
1515086220,1.206550,1.206660,1.206550,1.206660
1515086280,1.206650,1.206770,1.206560,1.206770
1515086340,1.206770,1.206810,1.206750,1.206760
1515086400,1.206770,1.206770,1.206710,1.206750
1515086460,1.206770,1.206860,1.206720,1.206720
1515086520,1.206710,1.206710,1.206480,1.206490
1515086580,1.206500,1.206500,1.206370,1.206380
1515086640,1.206390,1.206400,1.206370,1.206390
1515086700,1.206390,1.206390,1.206300,1.206310
1515086760,1.206310,1.206310,1.206170,1.206270
1515086820,1.206280,1.206350,1.206280,1.206340
1515086880,1.206360,1.206640,1.206350,1.206640
1515086940,1.206620,1.206760,1.206600,1.206730
1515087000,1.206730,1.206730,1.206590,1.206690
1515087060,1.206690,1.206740,1.206640,1.206650
1515087120,1.206660,1.206700,1.206620,1.206640
1515087180,1.206640,1.206750,1.206640,1.206750
1515087240,1.206770,1.206890,1.206770,1.206880
1515087300,1.206860,1.206970,1.206860,1.206970
1515087360,1.206910,1.207020,1.206890,1.207020
1515087420,1.206970,1.207010,1.206960,1.206960
1515087480,1.206890,1.206910,1.206640,1.206670
1515087540,1.206650,1.206830,1.206620,1.206740
1515087600,1.206740,1.206890,1.206740,1.206840
1515087660,1.206850,1.207000,1.206830,1.206950
1515087720,1.206970,1.207210,1.206970,1.207210
1515087780,1.207210,1.207500,1.207210,1.207460
1515087840,1.207450,1.207810,1.207450,1.207800
1515087900,1.207810,1.207810,1.207260,1.207260
1515087960,1.207250,1.207510,1.207230,1.207390
1515088020,1.207360,1.207460,1.207340,1.207450
1515088080,1.207440,1.207590,1.207380,1.207560
1515088140,1.207550,1.207550,1.207490,1.207530
1515088200,1.207510,1.207530,1.207380,1.207420
1515088260,1.207420,1.207570,1.207400,1.207530
1515088320,1.207530,1.207530,1.207320,1.207490
1515088380,1.207500,1.207520,1.207410,1.207430
1515088440,1.207440,1.207440,1.207360,1.207380
1515088500,1.207400,1.207420,1.207310,1.207330
1515088560,1.207340,1.207360,1.207260,1.207270
1515088620,1.207280,1.207310,1.207180,1.207240
1515088680,1.207250,1.207410,1.207250,1.207380
1515088740,1.207390,1.207510,1.207360,1.207440
1515088800,1.207430,1.207560,1.207340,1.207510
1515088860,1.207520,1.207580,1.207460,1.207470
1515088920,1.207450,1.207540,1.207440,1.207530
1515088980,1.207520,1.207840,1.207520,1.207830
1515089040,1.207830,1.208000,1.207810,1.207890
1515089100,1.207880,1.207940,1.207800,1.207850
1515089160,1.207830,1.207830,1.207690,1.207830
1515089220,1.207820,1.207830,1.207610,1.207680
1515089280,1.207690,1.207780,1.207640,1.207710
1515089340,1.207700,1.207710,1.207610,1.207620
1515089400,1.207610,1.207730,1.207570,1.207730
1515089460,1.207740,1.207910,1.207740,1.207910
1515089520,1.207920,1.207920,1.207730,1.207760
1515089580,1.207750,1.207770,1.207660,1.207670
1515089640,1.207650,1.207650,1.207610,1.207620
1515089700,1.207630,1.207740,1.207630,1.207720
1515089760,1.207720,1.207740,1.207650,1.207670
1515089820,1.207670,1.207680,1.207580,1.207610
1515089880,1.207600,1.207610,1.207510,1.207550
1515089940,1.207530,1.207530,1.207390,1.207490
1515090000,1.207500,1.207640,1.207500,1.207560
1515090060,1.207540,1.207590,1.207480,1.207590
1515090120,1.207600,1.207620,1.207550,1.207550
1515090180,1.207540,1.207540,1.207150,1.207160
1515090240,1.207150,1.207260,1.207050,1.207080
1515090300,1.207080,1.207190,1.207080,1.207190
1515090360,1.207200,1.207210,1.207100,1.207130
1515090420,1.207140,1.207250,1.207120,1.207250
1515090480,1.207240,1.207260,1.207230,1.207230
1515090540,1.207220,1.207270,1.207130,1.207240
1515090600,1.207260,1.207260,1.207070,1.207080
1515090660,1.207100,1.207100,1.206810,1.206860
1515090720,1.206850,1.207060,1.206720,1.206750
1515090780,1.206740,1.206790,1.206440,1.206440
1515090840,1.206430,1.206580,1.206410,1.206550
1515090900,1.206540,1.206560,1.206370,1.206400
1515090960,1.206400,1.206470,1.206350,1.206420
1515091020,1.206410,1.206520,1.206360,1.206520
1515091080,1.206550,1.206560,1.206350,1.206480
1515091140,1.206470,1.206480,1.206310,1.206330
1515091200,1.206330,1.206330,1.206200,1.206230
1515091260,1.206240,1.206240,1.206110,1.206110
1515091320,1.206120,1.206320,1.206120,1.206310
1515091380,1.206320,1.206330,1.206320,1.206330
1515091440,1.206340,1.206400,1.206280,1.206320
1515091500,1.206340,1.206350,1.206280,1.206330
1515091560,1.206320,1.206390,1.206300,1.206390
1515091620,1.206390,1.206400,1.206390,1.206390
1515091680,1.206390,1.206390,1.206340,1.206340
1515091740,1.206320,1.206320,1.206160,1.206230
1515091800,1.206230,1.206340,1.206230,1.206340
1515091860,1.206340,1.206390,1.206310,1.206390
1515091920,1.206380,1.206380,1.206300,1.206300
1515091980,1.206310,1.206350,1.206240,1.206250
1515092040,1.206270,1.206300,1.206120,1.206140
1515092100,1.206200,1.206200,1.206080,1.206110
1515092160,1.206130,1.206200,1.206130,1.206140
1515092220,1.206160,1.206320,1.206140,1.206290
1515092280,1.206300,1.206400,1.206290,1.206400
1515092340,1.206410,1.206460,1.206350,1.206460
1515092400,1.206480,1.206530,1.206460,1.206500
1515092460,1.206510,1.206550,1.206510,1.206540
1515092520,1.206540,1.206620,1.206540,1.206600
1515092580,1.206610,1.206710,1.206610,1.206700
1515092640,1.206700,1.206800,1.206680,1.206790
1515092700,1.206770,1.206810,1.206710,1.206800
1515092760,1.206790,1.206860,1.206780,1.206840
1515092820,1.206830,1.206850,1.206800,1.206850
1515092880,1.206850,1.206900,1.206850,1.206900
1515092940,1.206910,1.206930,1.206850,1.206850
1515093000,1.206850,1.206850,1.206800,1.206800
1515093060,1.206790,1.206790,1.206690,1.206780
1515093120,1.206770,1.206770,1.206480,1.206480
1515093180,1.206470,1.206500,1.206450,1.206450
1515093240,1.206450,1.206450,1.206380,1.206400
1515093300,1.206410,1.206500,1.206390,1.206490
1515093360,1.206490,1.206580,1.206450,1.206550
1515093420,1.206550,1.206630,1.206540,1.206630
1515093480,1.206630,1.206640,1.206590,1.206640
1515093540,1.206620,1.206660,1.206590,1.206590
1515093600,1.206590,1.206650,1.206590,1.206630
1515093660,1.206620,1.206710,1.206620,1.206700
1515093720,1.206690,1.206690,1.206600,1.206620
1515093780,1.206630,1.206650,1.206590,1.206590
1515093840,1.206590,1.206600,1.206540,1.206600
1515093900,1.206590,1.206600,1.206530,1.206560
1515093960,1.206580,1.206680,1.206580,1.206620
1515094020,1.206610,1.206840,1.206600,1.206840
1515094080,1.206860,1.206880,1.206480,1.206680
1515094140,1.206690,1.206750,1.206680,1.206740
1515094200,1.206750,1.206850,1.206750,1.206850
1515094260,1.206820,1.206920,1.206800,1.206910
1515094320,1.206900,1.206910,1.206870,1.206900
1515094380,1.206890,1.207020,1.206840,1.206880
1515094440,1.206880,1.206930,1.206830,1.206930
1515094500,1.206940,1.206940,1.206780,1.206780
1515094560,1.206820,1.206820,1.206770,1.206780
1515094620,1.206780,1.206780,1.206740,1.206780
1515094680,1.206760,1.206830,1.206730,1.206830
1515094740,1.206810,1.206920,1.206790,1.206900
1515094800,1.206920,1.207010,1.206880,1.207000
1515094860,1.206990,1.207000,1.206920,1.206960
1515094920,1.206950,1.206970,1.206910,1.206920
1515094980,1.206900,1.206950,1.206810,1.206900
1515095040,1.206890,1.207000,1.206850,1.206990
1515095100,1.207000,1.207050,1.206970,1.207000
1515095160,1.206990,1.207060,1.206910,1.207060
1515095220,1.207050,1.207100,1.207040,1.207050
1515095280,1.207030,1.207080,1.207000,1.207080
1515095340,1.207090,1.207090,1.206980,1.206980
1515095400,1.206970,1.207050,1.206960,1.207030
1515095460,1.207050,1.207070,1.206940,1.207070
1515095520,1.207080,1.207150,1.207020,1.207140
1515095580,1.207150,1.207150,1.207090,1.207110
1515095640,1.207100,1.207100,1.207010,1.207040
1515095700,1.207050,1.207140,1.206940,1.207070
1515095760,1.207080,1.207150,1.207080,1.207150
1515095820,1.207160,1.207160,1.207090,1.207160
1515095880,1.207170,1.207170,1.207130,1.207150
1515095940,1.207140,1.207180,1.207100,1.207140
1515096000,1.207150,1.207250,1.207150,1.207190
1515096060,1.207170,1.207220,1.207170,1.207200
1515096120,1.207200,1.207260,1.207200,1.207220
1515096180,1.207210,1.207270,1.207190,1.207200
1515096240,1.207200,1.207340,1.207070,1.207110
1515096300,1.207100,1.207150,1.207020,1.207070
1515096360,1.207060,1.207140,1.207040,1.207140
1515096420,1.207130,1.207220,1.207090,1.207190
1515096480,1.207200,1.207200,1.207190,1.207190
1515096540,1.207150,1.207150,1.207070,1.207080
1515096600,1.207080,1.207200,1.207080,1.207200
1515096660,1.207190,1.207190,1.207070,1.207070
1515096720,1.207060,1.207060,1.206940,1.206960
1515096780,1.206950,1.206960,1.206860,1.206860
1515096840,1.206850,1.206850,1.206620,1.206630
1515096900,1.206650,1.206800,1.206650,1.206800
1515096960,1.206790,1.206820,1.206770,1.206790
1515097020,1.206780,1.206780,1.206610,1.206610
1515097080,1.206620,1.206720,1.206620,1.206720
1515097140,1.206710,1.206710,1.206590,1.206600
1515097200,1.206590,1.206600,1.206560,1.206570
1515097260,1.206570,1.206810,1.206570,1.206810
1515097320,1.206800,1.206910,1.206800,1.206900
1515097380,1.206840,1.206840,1.206780,1.206790
1515097440,1.206780,1.206790,1.206750,1.206790
1515097500,1.206780,1.206780,1.206600,1.206600
1515097560,1.206600,1.206620,1.206580,1.206620
1515097620,1.206630,1.206660,1.206560,1.206600
1515097680,1.206620,1.206630,1.206580,1.206620
1515097740,1.206630,1.206650,1.206570,1.206610
1515097800,1.206640,1.206660,1.206580,1.206660
1515097860,1.206670,1.206670,1.206610,1.206670
1515097920,1.206650,1.206650,1.206610,1.206620
1515097980,1.206620,1.206740,1.206620,1.206730
1515098040,1.206730,1.206740,1.206730,1.206740
1515098100,1.206730,1.206730,1.206670,1.206680
1515098160,1.206680,1.206680,1.206680,1.206680
1515098220,1.206700,1.206720,1.206680,1.206710
1515098280,1.206720,1.206740,1.206720,1.206740
1515098340,1.206750,1.206750,1.206720,1.206720
1515098400,1.206730,1.206730,1.206670,1.206670
1515098460,1.206680,1.206680,1.206680,1.206680
1515098520,1.206680,1.206710,1.206560,1.206560
1515098580,1.206600,1.206610,1.206560,1.206580
1515098640,1.206600,1.206640,1.206600,1.206600
1515098700,1.206580,1.206590,1.206570,1.206570
1515098760,1.206540,1.206630,1.206520,1.206630
1515098820,1.206640,1.206740,1.206640,1.206720
1515098880,1.206730,1.206730,1.206680,1.206680
1515098940,1.206680,1.206680,1.206590,1.206630
1515099000,1.206650,1.206650,1.206550,1.206590
1515099060,1.206580,1.206640,1.206510,1.206520
1515099120,1.206520,1.206690,1.206520,1.206690
1515099180,1.206710,1.206790,1.206700,1.206780
1515099240,1.206750,1.206750,1.206620,1.206680
1515099300,1.206690,1.206790,1.206680,1.206790
1515099360,1.206780,1.206780,1.206720,1.206770
1515099420,1.206760,1.206840,1.206750,1.206840
1515099480,1.206830,1.206890,1.206810,1.206880
1515099540,1.206890,1.206920,1.206860,1.206860
1515099600,1.206850,1.206890,1.206690,1.206800
1515099660,1.206800,1.206850,1.206800,1.206830
1515099720,1.206830,1.206840,1.206790,1.206800
1515099780,1.206810,1.206810,1.206810,1.206810
1515099840,1.206820,1.206820,1.206820,1.206820
1515099900,1.206800,1.206850,1.206800,1.206850
1515099960,1.206840,1.206900,1.206830,1.206900
1515100020,1.206880,1.206890,1.206870,1.206890
1515100080,1.206890,1.206900,1.206890,1.206890
1515100140,1.206900,1.206910,1.206890,1.206900
1515100200,1.206910,1.206910,1.206900,1.206910
1515100260,1.206900,1.207000,1.206900,1.207000
1515100320,1.207020,1.207020,1.206980,1.206990
1515100380,1.206990,1.207010,1.206990,1.206990
1515100440,1.206980,1.206990,1.206980,1.206990
1515100500,1.206970,1.206970,1.206880,1.206890
1515100560,1.206890,1.206920,1.206890,1.206920
1515100620,1.206930,1.206990,1.206930,1.206990
1515100680,1.207000,1.207000,1.206990,1.207000
1515100740,1.207000,1.207000,1.206960,1.206960
1515100800,1.206940,1.206940,1.206830,1.206840
1515100860,1.206850,1.206890,1.206850,1.206880
1515100920,1.206880,1.206960,1.206880,1.206940
1515100980,1.206960,1.206990,1.206940,1.206980
1515101040,1.206980,1.206980,1.206950,1.206950
1515101100,1.206960,1.206960,1.206890,1.206890
1515101160,1.206900,1.206900,1.206890,1.206890
1515101220,1.206890,1.206900,1.206880,1.206880
1515101280,1.206890,1.206890,1.206880,1.206890
1515101340,1.206870,1.206990,1.206870,1.206900
1515101400,1.206890,1.206910,1.206880,1.206890
1515101460,1.206910,1.206920,1.206910,1.206910
1515101520,1.206910,1.206950,1.206900,1.206930
1515101580,1.206950,1.206950,1.206940,1.206950
1515101640,1.206960,1.206960,1.206950,1.206950
1515101700,1.206960,1.207050,1.206940,1.207010
1515101760,1.207030,1.207050,1.206960,1.206960
1515101820,1.206950,1.206950,1.206910,1.206940
1515101880,1.206950,1.207000,1.206950,1.207000
1515101940,1.207010,1.207090,1.207000,1.207090
1515102000,1.207090,1.207090,1.206990,1.207050
1515102060,1.207040,1.207050,1.206930,1.206930
1515102120,1.206930,1.206930,1.206890,1.206920
1515102180,1.206930,1.206940,1.206730,1.206730
1515102240,1.206730,1.206790,1.206690,1.206750
1515102300,1.206780,1.206790,1.206700,1.206710
1515102360,1.206730,1.206750,1.206730,1.206750
1515102420,1.206730,1.206760,1.206640,1.206660
1515102480,1.206660,1.206790,1.206660,1.206690
1515102540,1.206700,1.206720,1.206670,1.206700
1515102600,1.206710,1.206750,1.206670,1.206730
1515102660,1.206750,1.206800,1.206750,1.206780
1515102720,1.206780,1.206780,1.206520,1.206710
1515102780,1.206700,1.206700,1.206700,1.206700
1515102840,1.206690,1.206700,1.206650,1.206690
1515102900,1.206680,1.206730,1.206660,1.206730
1515102960,1.206720,1.206810,1.206700,1.206760
1515103020,1.206770,1.206880,1.206770,1.206840
1515103080,1.206830,1.206830,1.206720,1.206750
1515103140,1.206750,1.206790,1.206660,1.206680
1515103200,1.206660,1.206660,1.206600,1.206600
1515103260,1.206690,1.206730,1.206690,1.206730
1515103320,1.206690,1.206800,1.206690,1.206780
1515103380,1.206750,1.206810,1.206750,1.206800
1515103440,1.206790,1.206790,1.206770,1.206790
1515103500,1.206770,1.206810,1.206770,1.206810
1515103560,1.206810,1.206830,1.206670,1.206800
1515103620,1.206790,1.206830,1.206690,1.206730
1515103680,1.206720,1.206720,1.206520,1.206600
1515103740,1.206600,1.206620,1.206240,1.206310
1515103800,1.206300,1.206570,1.206280,1.206330
1515103860,1.206370,1.206540,1.206370,1.206460
1515103920,1.206460,1.206500,1.206460,1.206480
1515103980,1.206480,1.206600,1.206480,1.206550
1515104040,1.206630,1.206650,1.206590,1.206600
1515104100,1.206610,1.206680,1.206610,1.206680
1515104160,1.206670,1.206830,1.206620,1.206690
1515104220,1.206750,1.206790,1.206690,1.206730
1515104280,1.206690,1.206690,1.206690,1.206690
1515104340,1.206770,1.206830,1.206770,1.206830
1515104400,1.206840,1.206910,1.206840,1.206910
1515104460,1.206890,1.206950,1.206890,1.206920
1515104520,1.206890,1.206920,1.206830,1.206830
1515104580,1.206840,1.206840,1.206810,1.206820
1515104640,1.206790,1.206790,1.206790,1.206790
1515104700,1.206830,1.206910,1.206830,1.206890
1515104760,1.206890,1.206910,1.206800,1.206890
1515104820,1.206910,1.206910,1.206870,1.206880
1515104880,1.206880,1.206920,1.206860,1.206900
1515104940,1.206900,1.206940,1.206840,1.206840
1515105000,1.206800,1.206850,1.206740,1.206810
1515105060,1.206810,1.206900,1.206810,1.206860
1515105120,1.206860,1.206880,1.206850,1.206880
1515105180,1.206880,1.206900,1.206870,1.206900
1515105240,1.206920,1.206990,1.206880,1.206970
1515105300,1.206970,1.206980,1.206960,1.206980
1515105360,1.206990,1.207040,1.206990,1.207010
1515105420,1.207000,1.207010,1.206990,1.207010
1515105480,1.207000,1.207010,1.207000,1.207010
1515105540,1.207010,1.207010,1.207010,1.207010
1515105600,1.207010,1.207040,1.207000,1.207010
1515105660,1.207000,1.207010,1.206970,1.206970
1515105720,1.206980,1.207020,1.206980,1.207010
1515105780,1.207010,1.207060,1.207010,1.207040
1515105840,1.207030,1.207040,1.206890,1.206890
1515105900,1.206890,1.206970,1.206890,1.206970
1515105960,1.206970,1.206970,1.206920,1.206960
1515106020,1.206960,1.206990,1.206960,1.206980
1515106080,1.206980,1.206990,1.206970,1.206980
1515106140,1.206990,1.206990,1.206980,1.206990
1515106200,1.206980,1.207000,1.206980,1.206980
1515106260,1.206980,1.207010,1.206980,1.207010
1515106320,1.207020,1.207150,1.207010,1.207080
1515106380,1.207080,1.207140,1.207060,1.207090
1515106440,1.207100,1.207100,1.207050,1.207090
1515106500,1.207080,1.207090,1.206930,1.206940
1515106560,1.206920,1.207010,1.206910,1.206980
1515106620,1.206970,1.207020,1.206960,1.207000
1515106680,1.207010,1.207010,1.207010,1.207010
1515106740,1.207010,1.207160,1.207010,1.207100
1515106800,1.207100,1.207220,1.207090,1.207160
1515106860,1.207170,1.207170,1.207100,1.207110
1515106920,1.207120,1.207170,1.207070,1.207070
1515106980,1.207070,1.207100,1.207010,1.207050
1515107040,1.207050,1.207080,1.207010,1.207050
1515107100,1.207030,1.207090,1.207010,1.207070
1515107160,1.207070,1.207070,1.207010,1.207020
1515107220,1.207020,1.207120,1.207010,1.207080
1515107280,1.207080,1.207120,1.207080,1.207120
1515107340,1.207110,1.207120,1.207100,1.207100
1515107400,1.207110,1.207130,1.207060,1.207060
1515107460,1.207050,1.207060,1.207020,1.207020
1515107520,1.206980,1.207010,1.206950,1.206950
1515107580,1.206970,1.206980,1.206940,1.206940
1515107640,1.206930,1.206950,1.206910,1.206940
1515107700,1.206930,1.206940,1.206910,1.206940
1515107760,1.206930,1.206940,1.206910,1.206910
1515107820,1.206900,1.206900,1.206900,1.206900
1515107880,1.206900,1.206900,1.206900,1.206900
1515107940,1.206910,1.206910,1.206880,1.206880
1515108000,1.206860,1.206860,1.206810,1.206830
1515108060,1.206840,1.206840,1.206810,1.206840
1515108120,1.206850,1.206940,1.206850,1.206940
1515108180,1.206950,1.207080,1.206940,1.207080
1515108240,1.207070,1.207070,1.207010,1.207030
1515108300,1.207040,1.207040,1.206910,1.206910
1515108360,1.206870,1.206890,1.206680,1.206690
1515108420,1.206670,1.206690,1.206670,1.206680
1515108480,1.206670,1.206690,1.206670,1.206690
1515108540,1.206730,1.206850,1.206730,1.206840
1515108600,1.206850,1.206850,1.206750,1.206760
1515108660,1.206770,1.206800,1.206770,1.206800
1515108720,1.206830,1.206930,1.206830,1.206930
1515108780,1.206940,1.206980,1.206930,1.206960
1515108840,1.206960,1.206980,1.206950,1.206950
1515108900,1.206950,1.206970,1.206950,1.206970
1515108960,1.206990,1.206990,1.206890,1.206890
1515109020,1.206890,1.206890,1.206880,1.206880
1515109080,1.206890,1.206920,1.206880,1.206890
1515109140,1.206900,1.206930,1.206890,1.206900
1515109200,1.206900,1.206920,1.206890,1.206890
1515109260,1.206880,1.206880,1.206810,1.206820
1515109320,1.206830,1.206830,1.206830,1.206830
1515109380,1.206840,1.206890,1.206840,1.206890
1515109440,1.206890,1.206890,1.206870,1.206870
1515109500,1.206860,1.206930,1.206860,1.206930
1515109560,1.206930,1.206930,1.206920,1.206920
1515109620,1.206940,1.206960,1.206940,1.206940
1515109680,1.206940,1.206940,1.206920,1.206920
1515109740,1.206890,1.206940,1.206880,1.206920
1515109800,1.206930,1.206940,1.206920,1.206920
1515109860,1.206920,1.206920,1.206920,1.206920
1515109920,1.206920,1.206920,1.206920,1.206920
1515109980,1.206920,1.207060,1.206920,1.207000
1515110040,1.206990,1.206990,1.206940,1.206950
1515110100,1.206940,1.206940,1.206910,1.206920
1515110160,1.206920,1.206920,1.206920,1.206920
1515110220,1.206920,1.206920,1.206830,1.206830
1515110280,1.206830,1.206830,1.206810,1.206820
1515110340,1.206780,1.206810,1.206640,1.206650
1515110400,1.206640,1.206660,1.206500,1.206660
1515110460,1.206650,1.206710,1.206650,1.206710
1515110520,1.206700,1.206710,1.206540,1.206540
1515110580,1.206530,1.206720,1.206500,1.206720
1515110640,1.206710,1.206770,1.206690,1.206770
1515110700,1.206780,1.206860,1.206780,1.206840
1515110760,1.206850,1.206860,1.206770,1.206860
1515110820,1.206890,1.206950,1.206890,1.206910
1515110880,1.206900,1.206900,1.206900,1.206900
1515110940,1.206910,1.206910,1.206910,1.206910
1515111000,1.206920,1.206920,1.206910,1.206910
1515111060,1.206930,1.206950,1.206920,1.206920
1515111120,1.206920,1.207160,1.206920,1.207120
1515111180,1.207110,1.207240,1.207110,1.207220
1515111240,1.207260,1.207280,1.207220,1.207250
1515111300,1.207240,1.207240,1.207040,1.207050
1515111360,1.207070,1.207150,1.207040,1.207110
1515111420,1.207110,1.207110,1.206990,1.207000
1515111480,1.206990,1.207000,1.206950,1.207000
1515111540,1.207010,1.207060,1.207000,1.207000
1515111600,1.206990,1.207060,1.206940,1.207060
1515111660,1.207060,1.207150,1.207060,1.207150
1515111720,1.207150,1.207340,1.207100,1.207240
1515111780,1.207250,1.207340,1.207230,1.207320
1515111840,1.207320,1.207380,1.207320,1.207370
1515111900,1.207380,1.207400,1.207340,1.207350
1515111960,1.207340,1.207640,1.207340,1.207610
1515112020,1.207600,1.207600,1.207390,1.207460
1515112080,1.207470,1.207530,1.207460,1.207470
1515112140,1.207470,1.207510,1.207460,1.207490
1515112200,1.207480,1.207500,1.207400,1.207490
1515112260,1.207480,1.207490,1.207460,1.207460
1515112320,1.207470,1.207520,1.207300,1.207360
1515112380,1.207360,1.207460,1.207350,1.207450
1515112440,1.207460,1.207460,1.207270,1.207350
1515112500,1.207370,1.207500,1.207370,1.207490
1515112560,1.207500,1.207530,1.207500,1.207510
1515112620,1.207520,1.207520,1.207450,1.207450
1515112680,1.207450,1.207520,1.207410,1.207520
1515112740,1.207510,1.207510,1.207460,1.207500
1515112800,1.207480,1.207600,1.207480,1.207550
1515112860,1.207560,1.207600,1.207520,1.207520
1515112920,1.207510,1.207520,1.207450,1.207520
1515112980,1.207530,1.207800,1.207530,1.207710
1515113040,1.207710,1.207760,1.207620,1.207620
1515113100,1.207600,1.207670,1.207500,1.207550
1515113160,1.207520,1.207650,1.207520,1.207650
1515113220,1.207660,1.207710,1.207660,1.207710
1515113280,1.207700,1.207820,1.207620,1.207810
1515113340,1.207800,1.207810,1.207700,1.207700
1515113400,1.207690,1.207690,1.207510,1.207600
1515113460,1.207630,1.207720,1.207620,1.207680
1515113520,1.207670,1.207710,1.207550,1.207560
1515113580,1.207580,1.207800,1.207530,1.207790
1515113640,1.207780,1.207940,1.207310,1.207740
1515113700,1.207810,1.207810,1.207530,1.207590
1515113760,1.207580,1.207720,1.207580,1.207700
1515113820,1.207710,1.207740,1.207600,1.207650
1515113880,1.207680,1.207730,1.207610,1.207640
1515113940,1.207670,1.207770,1.207650,1.207720
1515114000,1.207720,1.207900,1.207650,1.207650
1515114060,1.207640,1.207700,1.207640,1.207660
1515114120,1.207650,1.207670,1.207580,1.207580
1515114180,1.207570,1.207620,1.207510,1.207580
1515114240,1.207570,1.207610,1.207510,1.207520
1515114300,1.207520,1.207520,1.207490,1.207510
1515114360,1.207500,1.207500,1.207500,1.207500
1515114420,1.207500,1.207500,1.207390,1.207460
1515114480,1.207450,1.207500,1.207370,1.207500
1515114540,1.207510,1.207520,1.207390,1.207460
1515114600,1.207460,1.207610,1.207460,1.207600
1515114660,1.207620,1.207740,1.207620,1.207740
1515114720,1.207750,1.207900,1.207750,1.207850
1515114780,1.207870,1.207870,1.207800,1.207800
1515114840,1.207780,1.207780,1.207690,1.207700
1515114900,1.207710,1.207720,1.207670,1.207670
1515114960,1.207710,1.207750,1.207650,1.207650
1515115020,1.207640,1.207640,1.207590,1.207640
1515115080,1.207640,1.207680,1.207630,1.207630
1515115140,1.207620,1.207620,1.207430,1.207430
1515115200,1.207450,1.207490,1.207390,1.207450
1515115260,1.207450,1.207540,1.207450,1.207540
1515115320,1.207540,1.207540,1.207540,1.207540
1515115380,1.207520,1.207520,1.207490,1.207500
1515115440,1.207520,1.207520,1.207410,1.207440
1515115500,1.207440,1.207520,1.207440,1.207500
1515115560,1.207490,1.207490,1.207410,1.207440
1515115620,1.207430,1.207510,1.207410,1.207510
1515115680,1.207520,1.207520,1.207450,1.207490
1515115740,1.207500,1.207520,1.207470,1.207510
1515115800,1.207500,1.207500,1.207400,1.207410
1515115860,1.207430,1.207450,1.207340,1.207340
1515115920,1.207350,1.207350,1.207270,1.207330
1515115980,1.207320,1.207420,1.207290,1.207410
1515116040,1.207400,1.207400,1.207300,1.207360
1515116100,1.207360,1.207360,1.207260,1.207300
1515116160,1.207290,1.207310,1.207250,1.207310
1515116220,1.207300,1.207360,1.207200,1.207210
1515116280,1.207210,1.207260,1.207210,1.207240
1515116340,1.207240,1.207240,1.207220,1.207220
1515116400,1.207230,1.207230,1.207060,1.207080
1515116460,1.207090,1.207200,1.207090,1.207130
1515116520,1.207120,1.207140,1.207060,1.207130
1515116580,1.207140,1.207230,1.207140,1.207210
1515116640,1.207220,1.207300,1.207200,1.207300
1515116700,1.207290,1.207310,1.207250,1.207260
1515116760,1.207250,1.207250,1.207160,1.207160
1515116820,1.207150,1.207150,1.207080,1.207140
1515116880,1.207150,1.207150,1.207090,1.207090
1515116940,1.207070,1.207070,1.207020,1.207020
1515117000,1.207010,1.207030,1.206990,1.207020
1515117060,1.207030,1.207140,1.206990,1.207000
1515117120,1.207020,1.207120,1.207020,1.207040
1515117180,1.207050,1.207210,1.207030,1.207200
1515117240,1.207230,1.207240,1.207100,1.207100
1515117300,1.207110,1.207210,1.207110,1.207190
1515117360,1.207200,1.207220,1.207110,1.207120
1515117420,1.207120,1.207150,1.207090,1.207100
1515117480,1.207120,1.207220,1.207120,1.207210
1515117540,1.207220,1.207230,1.207220,1.207220
1515117600,1.207210,1.207210,1.207050,1.207050
1515117660,1.207040,1.207060,1.206990,1.207050
1515117720,1.207070,1.207230,1.207000,1.207170
1515117780,1.207160,1.207240,1.207020,1.207240
1515117840,1.207250,1.207260,1.207180,1.207190
1515117900,1.207180,1.207190,1.207140,1.207190
1515117960,1.207190,1.207190,1.207020,1.207040
1515118020,1.207020,1.207030,1.206800,1.206870
1515118080,1.206880,1.206880,1.206800,1.206800
1515118140,1.206810,1.206880,1.206810,1.206870
1515118200,1.206880,1.206920,1.206850,1.206920
1515118260,1.206910,1.206920,1.206840,1.206880
1515118320,1.206880,1.206930,1.206880,1.206880
1515118380,1.206890,1.206930,1.206870,1.206910
1515118440,1.206900,1.206980,1.206900,1.206960
1515118500,1.206970,1.206990,1.206950,1.206960
1515118560,1.206950,1.206950,1.206900,1.206920
1515118620,1.206910,1.206910,1.206890,1.206890
1515118680,1.206910,1.206910,1.206890,1.206900
1515118740,1.206910,1.206930,1.206890,1.206930
1515118800,1.206920,1.206930,1.206900,1.206930
1515118860,1.206920,1.206940,1.206850,1.206940
1515118920,1.206940,1.206940,1.206870,1.206880
1515118980,1.206890,1.206960,1.206890,1.206950
1515119040,1.206940,1.206940,1.206940,1.206940
1515119100,1.206940,1.206970,1.206910,1.206970
1515119160,1.206980,1.207090,1.206980,1.206990
1515119220,1.206980,1.207010,1.206930,1.207010
1515119280,1.207020,1.207100,1.207010,1.207100
1515119340,1.207090,1.207100,1.207050,1.207050
1515119400,1.207010,1.207020,1.206950,1.206980
1515119460,1.206990,1.207040,1.206960,1.206990
1515119520,1.207000,1.207010,1.206990,1.207000
1515119580,1.206990,1.206990,1.206950,1.206960
1515119640,1.206970,1.207030,1.206970,1.206990
1515119700,1.207010,1.207010,1.206940,1.206950
1515119760,1.206960,1.207000,1.206950,1.207000
1515119820,1.206990,1.206990,1.206960,1.206960
1515119880,1.206960,1.206970,1.206950,1.206960
1515119940,1.206960,1.206990,1.206910,1.206950
1515120000,1.206960,1.207000,1.206960,1.206960
1515120060,1.206950,1.206960,1.206880,1.206960
1515120120,1.206950,1.207140,1.206950,1.207140
1515120180,1.207130,1.207130,1.207060,1.207060
1515120240,1.207070,1.207150,1.207070,1.207110
1515120300,1.207060,1.207060,1.207050,1.207060
1515120360,1.207050,1.207160,1.207050,1.207160
1515120420,1.207170,1.207300,1.207160,1.207260
1515120480,1.207250,1.207250,1.207200,1.207230
1515120540,1.207240,1.207400,1.207240,1.207290
1515120600,1.207300,1.207310,1.207290,1.207300
1515120660,1.207290,1.207310,1.207240,1.207240
1515120720,1.207250,1.207250,1.207200,1.207230
1515120780,1.207220,1.207270,1.207210,1.207250
1515120840,1.207260,1.207260,1.207200,1.207210
1515120900,1.207200,1.207210,1.207200,1.207200
1515120960,1.207210,1.207240,1.207210,1.207240
1515121020,1.207250,1.207250,1.207210,1.207210
1515121080,1.207220,1.207220,1.207210,1.207210
1515121140,1.207220,1.207220,1.207090,1.207090
1515121200,1.207100,1.207140,1.207080,1.207140
1515121260,1.207150,1.207180,1.207140,1.207160
1515121320,1.207170,1.207210,1.207140,1.207190
1515121380,1.207210,1.207250,1.207210,1.207230
1515121440,1.207220,1.207230,1.207200,1.207220
1515121500,1.207210,1.207340,1.207210,1.207320
1515121560,1.207310,1.207380,1.207300,1.207380
1515121620,1.207400,1.207400,1.207290,1.207300
1515121680,1.207320,1.207410,1.207310,1.207350
1515121740,1.207360,1.207450,1.207360,1.207450
1515121800,1.207440,1.207460,1.207390,1.207390
1515121860,1.207400,1.207460,1.207390,1.207450
1515121920,1.207460,1.207500,1.207450,1.207450
1515121980,1.207450,1.207450,1.207340,1.207340
1515122040,1.207350,1.207370,1.207290,1.207290
1515122100,1.207290,1.207300,1.207230,1.207290
1515122160,1.207280,1.207340,1.207280,1.207340
1515122220,1.207340,1.207410,1.207340,1.207410
1515122280,1.207410,1.207410,1.207300,1.207340
1515122340,1.207340,1.207400,1.207340,1.207400
1515122400,1.207390,1.207430,1.207390,1.207420
1515122460,1.207420,1.207460,1.207400,1.207410
1515122520,1.207400,1.207400,1.207360,1.207390
1515122580,1.207400,1.207490,1.207400,1.207490
1515122640,1.207500,1.207500,1.207470,1.207490
1515122700,1.207500,1.207500,1.207410,1.207420
1515122760,1.207410,1.207430,1.207360,1.207400
1515122820,1.207400,1.207410,1.207390,1.207390
1515122880,1.207380,1.207410,1.207360,1.207400
1515122940,1.207390,1.207410,1.207330,1.207410
1515123000,1.207400,1.207400,1.207340,1.207340
1515123060,1.207330,1.207330,1.207290,1.207330
1515123120,1.207340,1.207350,1.207340,1.207340
1515123180,1.207340,1.207360,1.207330,1.207340
1515123240,1.207330,1.207350,1.207300,1.207340
1515123300,1.207340,1.207340,1.207280,1.207300
1515123360,1.207300,1.207330,1.207300,1.207330
1515123420,1.207330,1.207460,1.207330,1.207440
1515123480,1.207440,1.207510,1.207440,1.207460
1515123540,1.207470,1.207480,1.207470,1.207480
1515123600,1.207470,1.207470,1.207400,1.207400
1515123660,1.207390,1.207390,1.207350,1.207380
1515123720,1.207380,1.207390,1.207350,1.207360
1515123780,1.207350,1.207370,1.207330,1.207360
1515123840,1.207350,1.207360,1.207290,1.207340
1515123900,1.207330,1.207360,1.207300,1.207360
1515123960,1.207410,1.207460,1.207410,1.207460
1515124020,1.207450,1.207470,1.207430,1.207460
1515124080,1.207470,1.207470,1.207460,1.207460
1515124140,1.207450,1.207450,1.207380,1.207400
1515124200,1.207400,1.207460,1.207400,1.207400
1515124260,1.207390,1.207460,1.207390,1.207460
1515124320,1.207470,1.207480,1.207430,1.207440
1515124380,1.207440,1.207490,1.207440,1.207460
1515124440,1.207470,1.207500,1.207450,1.207500
1515124500,1.207510,1.207550,1.207510,1.207550
1515124560,1.207550,1.207550,1.207510,1.207510
1515124620,1.207500,1.207500,1.207450,1.207480
1515124680,1.207470,1.207470,1.207400,1.207450
1515124740,1.207450,1.207460,1.207430,1.207440
1515124800,1.207430,1.207440,1.207400,1.207410
1515124860,1.207440,1.207470,1.207340,1.207340
1515124920,1.207350,1.207350,1.207340,1.207340
1515124980,1.207330,1.207330,1.207280,1.207280
1515125040,1.207300,1.207300,1.207290,1.207290
1515125100,1.207280,1.207290,1.207280,1.207290
1515125160,1.207280,1.207280,1.207270,1.207270
1515125220,1.207270,1.207290,1.207270,1.207290
1515125280,1.207290,1.207290,1.207200,1.207200
1515125340,1.207200,1.207200,1.207190,1.207190
1515125400,1.207190,1.207190,1.207180,1.207180
1515125460,1.207170,1.207180,1.207130,1.207150
1515125520,1.207140,1.207150,1.207140,1.207140
1515125580,1.207180,1.207190,1.207100,1.207150
1515125640,1.207170,1.207170,1.207110,1.207120
1515125700,1.207120,1.207150,1.207100,1.207150
1515125760,1.207140,1.207180,1.207140,1.207180
1515125820,1.207190,1.207190,1.207180,1.207180
1515125880,1.207170,1.207180,1.207140,1.207140
1515125940,1.207140,1.207140,1.207140,1.207140
1515126000,1.207120,1.207150,1.207120,1.207140
1515126060,1.207150,1.207210,1.207140,1.207210
1515126120,1.207200,1.207240,1.207200,1.207240
1515126180,1.207240,1.207290,1.207240,1.207290
1515126240,1.207290,1.207300,1.207290,1.207300
1515126300,1.207320,1.207340,1.207240,1.207330
1515126360,1.207310,1.207310,1.207290,1.207290
1515126420,1.207280,1.207280,1.207250,1.207250
1515126480,1.207240,1.207240,1.207230,1.207230
1515126540,1.207260,1.207280,1.207260,1.207280
1515126600,1.207270,1.207280,1.207230,1.207230
1515126660,1.207230,1.207230,1.207220,1.207220
1515126780,1.207230,1.207230,1.207140,1.207140
1515126840,1.207150,1.207190,1.207150,1.207190
1515126900,1.207220,1.207240,1.207190,1.207190
1515126960,1.207180,1.207190,1.207180,1.207180
1515127020,1.207180,1.207190,1.207170,1.207170
1515127080,1.207160,1.207160,1.207130,1.207140
1515127140,1.207170,1.207190,1.207170,1.207170
1515127200,1.207180,1.207180,1.207120,1.207150
1515127260,1.207140,1.207170,1.207130,1.207140
1515127320,1.207170,1.207240,1.207140,1.207240
1515127380,1.207280,1.207340,1.207280,1.207330
1515127440,1.207340,1.207350,1.207290,1.207290
1515127500,1.207280,1.207280,1.207270,1.207270
1515127560,1.207280,1.207280,1.207120,1.207140
1515127620,1.207140,1.207140,1.207130,1.207130
1515127680,1.207150,1.207190,1.207080,1.207140
1515127740,1.207150,1.207150,1.207090,1.207090
1515127800,1.207090,1.207090,1.207070,1.207070
1515127860,1.207080,1.207090,1.207050,1.207050
1515127980,1.207040,1.207050,1.207030,1.207050
1515128040,1.207040,1.207040,1.207020,1.207040
1515128100,1.207040,1.207090,1.207040,1.207090
1515128160,1.207080,1.207190,1.207080,1.207190
1515128220,1.207200,1.207260,1.207190,1.207250
1515128280,1.207250,1.207300,1.207250,1.207300
1515128340,1.207310,1.207440,1.207310,1.207390
