time,open,high,low,close
1188878400,2.019500,2.019500,2.019300,2.019500
1188878460,2.019400,2.019500,2.019400,2.019500
1188878520,2.019400,2.019400,2.019100,2.019100
1188878700,2.019200,2.019200,2.019100,2.019100
1188878760,2.019200,2.019300,2.019200,2.019200
1188878820,2.019300,2.019300,2.019300,2.019300
1188879060,2.019400,2.019600,2.019400,2.019600
1188879120,2.019500,2.019600,2.019500,2.019500
1188879180,2.019400,2.019500,2.019400,2.019400
1188879300,2.019500,2.019500,2.019500,2.019500
1188879360,2.019300,2.019300,2.019200,2.019200
1188879420,2.019100,2.019100,2.018900,2.018900
1188879480,2.018800,2.018800,2.018800,2.018800
1188879540,2.018600,2.018700,2.018600,2.018700
1188879600,2.018800,2.018800,2.018800,2.018800
1188879660,2.018700,2.018700,2.018600,2.018700
1188879720,2.018600,2.018700,2.018600,2.018600
1188880080,2.018500,2.018600,2.018500,2.018600
1188880140,2.018700,2.018800,2.018600,2.018700
1188880200,2.018800,2.018800,2.018600,2.018700
1188880440,2.018800,2.019000,2.018800,2.018800
1188880500,2.018900,2.019000,2.018800,2.019000
1188880560,2.018900,2.019100,2.018900,2.019000
1188880620,2.019100,2.019400,2.019100,2.019300
1188880680,2.019200,2.019200,2.019200,2.019200
1188880740,2.019100,2.019300,2.019100,2.019300
1188880800,2.019200,2.019300,2.019200,2.019200
1188880860,2.019100,2.019100,2.019100,2.019100
1188880920,2.019200,2.019200,2.019100,2.019200
1188880980,2.019100,2.019100,2.019000,2.019000
1188881040,2.019100,2.019200,2.019100,2.019100
1188881160,2.019200,2.019200,2.019100,2.019100
1188881220,2.019200,2.019200,2.018900,2.019000
1188881400,2.019100,2.019200,2.019100,2.019200
1188881460,2.019100,2.019100,2.019000,2.019000
1188881640,2.018900,2.019000,2.018900,2.019000
1188881700,2.018900,2.018900,2.018900,2.018900
1188881760,2.019000,2.019000,2.019000,2.019000
1188882000,2.018900,2.018900,2.018900,2.018900
1188882060,2.018800,2.018800,2.018700,2.018700
1188882120,2.018600,2.018700,2.018600,2.018600
1188882180,2.018700,2.018700,2.018600,2.018700
1188882240,2.018800,2.018800,2.018600,2.018600
1188882300,2.018700,2.018700,2.018700,2.018700
1188882360,2.018600,2.018700,2.018600,2.018700
1188882420,2.018800,2.018800,2.018800,2.018800
1188882480,2.018900,2.019000,2.018900,2.019000
1188882540,2.018900,2.019000,2.018900,2.019000
1188882600,2.018900,2.019000,2.018900,2.019000
1188882660,2.018900,2.018900,2.018900,2.018900
1188882720,2.019000,2.019000,2.018700,2.018900
1188882780,2.019000,2.019000,2.018900,2.019000
1188882840,2.018900,2.018900,2.018900,2.018900
1188882900,2.019000,2.019000,2.019000,2.019000
1188883140,2.018900,2.019000,2.018900,2.019000
1188883200,2.018900,2.018900,2.018900,2.018900
1188883260,2.018800,2.018900,2.018800,2.018900
1188883320,2.018800,2.019000,2.018800,2.019000
1188883500,2.018900,2.018900,2.018900,2.018900
1188883560,2.019000,2.019000,2.019000,2.019000
1188883680,2.018900,2.019000,2.018900,2.019000
1188883740,2.018900,2.019100,2.018800,2.019000
1188883800,2.019100,2.019400,2.019000,2.019200
1188883860,2.019000,2.019000,2.018700,2.018800
1188883920,2.018700,2.018700,2.018700,2.018700
1188883980,2.018400,2.018600,2.018400,2.018500
1188884040,2.018400,2.018400,2.018200,2.018300
1188884100,2.018400,2.018500,2.018400,2.018500
1188884160,2.018400,2.018500,2.018400,2.018400
1188884220,2.018500,2.018600,2.018400,2.018500
1188884280,2.018400,2.018400,2.018400,2.018400
1188884340,2.018500,2.018500,2.018200,2.018200
1188884400,2.018100,2.018200,2.017900,2.018200
1188884460,2.018100,2.018300,2.018100,2.018300
1188884520,2.018200,2.018400,2.018200,2.018400
1188884580,2.018200,2.018300,2.018200,2.018200
1188884640,2.018000,2.018200,2.018000,2.018200
1188884700,2.018300,2.018300,2.018200,2.018200
1188884760,2.018100,2.018200,2.018000,2.018100
1188884880,2.018200,2.018200,2.018200,2.018200
1188884940,2.018300,2.018400,2.018200,2.018200
1188885000,2.018300,2.018500,2.018300,2.018500
1188885060,2.018600,2.018800,2.018500,2.018600
1188885120,2.018500,2.018600,2.018500,2.018500
1188885180,2.018800,2.018800,2.018600,2.018700
1188885240,2.018600,2.018700,2.018500,2.018600
1188885300,2.018400,2.018700,2.018300,2.018500
1188885360,2.018400,2.018500,2.018200,2.018400
1188885420,2.018300,2.018400,2.018000,2.018000
1188885480,2.018100,2.018700,2.018100,2.018700
1188885540,2.018800,2.018900,2.018700,2.018900
1188885600,2.019000,2.019000,2.018700,2.018900
1188885660,2.019000,2.019000,2.018700,2.018800
1188885720,2.018700,2.018800,2.018500,2.018500
1188885780,2.018400,2.018600,2.018000,2.018300
1188885840,2.018400,2.018500,2.018300,2.018500
1188885900,2.018600,2.018700,2.018500,2.018700
1188885960,2.018600,2.018800,2.018500,2.018800
1188886020,2.018900,2.019000,2.018900,2.019000
1188886080,2.018900,2.019200,2.018900,2.019100
1188886140,2.019200,2.019200,2.019100,2.019200
1188886200,2.019100,2.019200,2.019000,2.019000
1188886320,2.018900,2.019100,2.018800,2.019100
1188886380,2.019000,2.019100,2.018900,2.019000
1188886440,2.018900,2.019000,2.018800,2.019000
1188886500,2.018900,2.018900,2.018800,2.018800
1188886560,2.018700,2.018700,2.018200,2.018600
1188886620,2.018500,2.018700,2.018500,2.018700
1188886680,2.018600,2.018700,2.018600,2.018700
1188886740,2.018600,2.018600,2.018600,2.018600
1188886800,2.018400,2.018700,2.018300,2.018700
1188886860,2.018800,2.019000,2.018700,2.019000
1188886920,2.018900,2.018900,2.018800,2.018900
1188886980,2.018800,2.018800,2.018800,2.018800
1188887040,2.018700,2.018800,2.018700,2.018700
1188887100,2.018800,2.018800,2.018600,2.018700
1188887160,2.018800,2.018900,2.018700,2.018800
1188887220,2.018700,2.018700,2.018500,2.018500
1188887340,2.018600,2.018600,2.018500,2.018500
1188887400,2.018600,2.018700,2.018600,2.018700
1188887460,2.018600,2.018800,2.018500,2.018700
1188887520,2.018800,2.018800,2.018800,2.018800
1188887580,2.018700,2.018800,2.018600,2.018600
1188887640,2.018500,2.018500,2.017700,2.017800
1188887700,2.017900,2.018100,2.017800,2.017900
1188887760,2.017800,2.018000,2.017700,2.018000
1188887820,2.017900,2.018000,2.017900,2.018000
1188887880,2.018100,2.018100,2.018000,2.018000
1188887940,2.018100,2.018500,2.018000,2.018300
1188888000,2.018500,2.018500,2.018400,2.018400
1188888060,2.018300,2.018300,2.018200,2.018200
1188888120,2.018300,2.018300,2.017900,2.018000
1188888180,2.018100,2.018100,2.017900,2.017900
1188888240,2.017800,2.017900,2.017700,2.017700
1188888300,2.017500,2.017600,2.017400,2.017500
1188888360,2.017600,2.017700,2.017500,2.017700
1188888420,2.017800,2.017900,2.017700,2.017900
1188888480,2.017800,2.017900,2.017600,2.017700
1188888540,2.017800,2.017800,2.017700,2.017700
1188888600,2.017800,2.017900,2.017600,2.017900
1188888660,2.017800,2.018100,2.017700,2.018100
1188888720,2.018000,2.018100,2.017800,2.017900
1188888780,2.017800,2.017800,2.017500,2.017500
1188888840,2.017600,2.017600,2.017500,2.017600
1188888900,2.017700,2.017800,2.017600,2.017700
1188888960,2.017600,2.017700,2.017600,2.017700
1188889020,2.017600,2.018800,2.017600,2.018800
1188889080,2.018700,2.018800,2.018300,2.018500
1188889140,2.018600,2.018600,2.017900,2.017900
1188889200,2.018000,2.018100,2.018000,2.018100
1188889260,2.018000,2.018000,2.017100,2.017100
1188889320,2.017200,2.017200,2.016500,2.016900
1188889380,2.017000,2.017100,2.016900,2.017000
1188889440,2.016900,2.017000,2.016700,2.016900
1188889500,2.016800,2.017000,2.016800,2.016900
1188889560,2.017000,2.017000,2.016900,2.017000
1188889620,2.017100,2.017100,2.016700,2.016800
1188889680,2.016700,2.016800,2.016700,2.016700
1188889740,2.016800,2.016900,2.016700,2.016800
1188889800,2.016900,2.017200,2.016800,2.016900
1188889860,2.017000,2.017200,2.016900,2.017000
1188889920,2.017100,2.017300,2.017100,2.017200
1188889980,2.017400,2.017700,2.017400,2.017600
1188890040,2.017700,2.017700,2.017600,2.017700
1188890100,2.017600,2.018000,2.017600,2.017900
1188890160,2.017800,2.017800,2.017500,2.017700
1188890220,2.017800,2.017900,2.017600,2.017900
1188890280,2.017800,2.018000,2.017800,2.017800
1188890340,2.017700,2.017800,2.017600,2.017700
1188890400,2.017600,2.017600,2.017200,2.017400
1188890460,2.017500,2.017500,2.017300,2.017400
1188890520,2.017300,2.017400,2.016700,2.017000
1188890580,2.017100,2.017100,2.016600,2.016800
1188890640,2.016900,2.017000,2.016800,2.016900
1188890700,2.017000,2.017200,2.016700,2.016800
1188890760,2.016700,2.017300,2.016700,2.016900
1188890820,2.017000,2.017100,2.016900,2.017100
1188890880,2.017200,2.017400,2.017100,2.017200
1188890940,2.017500,2.018800,2.017400,2.018300
1188891000,2.018400,2.018400,2.017800,2.018000
1188891060,2.018100,2.018500,2.017900,2.017900
1188891120,2.017800,2.017800,2.017600,2.017800
1188891180,2.017700,2.017900,2.017700,2.017900
1188891240,2.018000,2.018100,2.017900,2.018000
1188891300,2.017900,2.018000,2.017700,2.017700
1188891360,2.017600,2.017800,2.017600,2.017700
1188891420,2.017800,2.017800,2.017400,2.017400
1188891480,2.017300,2.017300,2.016800,2.017000
1188891540,2.017100,2.017100,2.016900,2.017000
1188891600,2.016900,2.017100,2.016900,2.017000
1188891660,2.017100,2.017100,2.016800,2.016900
1188891720,2.016800,2.016900,2.016600,2.016700
1188891780,2.016800,2.017000,2.016700,2.016800
1188891840,2.016700,2.016800,2.016600,2.016700
1188891900,2.016800,2.017200,2.016800,2.017200
1188891960,2.017300,2.017300,2.017100,2.017100
1188892020,2.017000,2.017000,2.016600,2.016600
1188892080,2.016700,2.016700,2.016500,2.016600
1188892140,2.016500,2.016600,2.015700,2.015900
1188892200,2.016000,2.016000,2.015800,2.015800
1188892260,2.015900,2.015900,2.015600,2.015700
1188892320,2.015600,2.015800,2.015600,2.015800
1188892380,2.015700,2.015800,2.015600,2.015700
1188892440,2.015800,2.016000,2.015700,2.015800
1188892500,2.015900,2.016500,2.015900,2.016500
1188892560,2.016400,2.016400,2.016300,2.016300
1188892620,2.016200,2.016200,2.016000,2.016000
1188892680,2.016100,2.016200,2.015600,2.015900
1188892740,2.016000,2.016100,2.015800,2.015800
1188892800,2.015700,2.016100,2.015700,2.015900
1188892860,2.016000,2.016100,2.015800,2.016000
1188892920,2.016100,2.016400,2.016000,2.016300
1188892980,2.016200,2.017200,2.016200,2.017100
1188893040,2.017000,2.017000,2.016800,2.016800
1188893100,2.016700,2.016800,2.016600,2.016700
1188893160,2.016600,2.016700,2.016400,2.016400
1188893220,2.016300,2.016700,2.016300,2.016700
1188893280,2.016800,2.016800,2.016700,2.016700
1188893340,2.016800,2.016800,2.016500,2.016500
1188893400,2.016600,2.016600,2.016400,2.016400
1188893460,2.016500,2.016500,2.015800,2.015800
1188893520,2.015900,2.015900,2.015600,2.015800
1188893580,2.015900,2.016000,2.015500,2.015600
1188893640,2.015700,2.015700,2.015500,2.015600
1188893700,2.015400,2.015700,2.015400,2.015600
1188893760,2.015700,2.016100,2.015600,2.015600
1188893820,2.015700,2.015700,2.015500,2.015600
1188893880,2.015700,2.015700,2.015400,2.015400
1188893940,2.015300,2.015300,2.014700,2.014700
1188894000,2.014600,2.014800,2.014500,2.014600
1188894060,2.014700,2.014700,2.014600,2.014700
1188894120,2.014800,2.014900,2.014700,2.014900
1188894180,2.015000,2.015000,2.014800,2.014900
1188894240,2.014800,2.015100,2.014800,2.014800
1188894300,2.014700,2.014900,2.014700,2.014900
1188894360,2.015000,2.015400,2.014900,2.015100
1188894420,2.015200,2.015700,2.015200,2.015700
1188894480,2.015800,2.016000,2.015600,2.015700
1188894540,2.015800,2.016000,2.015600,2.015900
1188894600,2.016000,2.016000,2.015700,2.015800
1188894660,2.015900,2.016100,2.015700,2.016000
1188894720,2.016100,2.016400,2.016000,2.016300
1188894780,2.016400,2.016500,2.016200,2.016500
1188894840,2.016400,2.016400,2.016200,2.016200
1188894900,2.016300,2.016300,2.016200,2.016200
1188894960,2.016100,2.016200,2.016000,2.016200
1188895020,2.016300,2.016300,2.016200,2.016200
1188895080,2.016100,2.016600,2.016000,2.016600
1188895140,2.016500,2.016500,2.015800,2.016200
1188895200,2.016300,2.016400,2.016200,2.016300
1188895260,2.016400,2.016400,2.016200,2.016200
1188895320,2.016300,2.016300,2.016200,2.016200
1188895380,2.016300,2.016500,2.016300,2.016400
1188895440,2.016300,2.016400,2.016200,2.016400
1188895500,2.016300,2.016600,2.016300,2.016500
1188895560,2.016400,2.016600,2.016400,2.016600
1188895620,2.016500,2.016500,2.016200,2.016200
1188895680,2.016300,2.016300,2.016200,2.016300
1188895860,2.016200,2.016200,2.016200,2.016200
1188895920,2.016100,2.016200,2.016000,2.016000
1188895980,2.016100,2.016300,2.015900,2.016000
1188896040,2.015900,2.016100,2.015800,2.015800
1188896100,2.015900,2.016000,2.015800,2.015900
1188896160,2.016000,2.016100,2.015900,2.016000
1188896220,2.015900,2.016000,2.015800,2.015900
1188896280,2.015800,2.015900,2.015500,2.015500
1188896340,2.015600,2.015700,2.015400,2.015600
1188896400,2.015700,2.015900,2.015600,2.015800
1188896460,2.015700,2.015900,2.015600,2.015600
1188896520,2.015500,2.015500,2.015300,2.015300
1188896580,2.015200,2.015200,2.014400,2.014800
1188896640,2.014900,2.015000,2.014700,2.014800
1188896700,2.014700,2.014900,2.014300,2.014400
1188896760,2.014500,2.014500,2.013500,2.013500
1188896820,2.013600,2.014000,2.013500,2.013900
1188896880,2.014000,2.014000,2.013700,2.013800
1188896940,2.013700,2.013800,2.013400,2.013500
1188897000,2.013600,2.014000,2.013500,2.013600
1188897060,2.013500,2.013600,2.013100,2.013200
1188897120,2.013300,2.013600,2.013200,2.013600
1188897180,2.013800,2.014000,2.013700,2.014000
1188897240,2.014100,2.014100,2.013900,2.014000
1188897300,2.013900,2.014000,2.013900,2.014000
1188897360,2.013900,2.014000,2.013900,2.014000
1188897420,2.014100,2.014100,2.013900,2.014000
1188897480,2.013900,2.014100,2.013900,2.013900
1188897540,2.014000,2.014000,2.013900,2.013900
1188897600,2.014000,2.014100,2.013800,2.013800
1188897660,2.013900,2.013900,2.013700,2.013700
1188897720,2.013800,2.014000,2.013800,2.013900
1188897780,2.013800,2.014200,2.013700,2.014100
1188897840,2.014000,2.014000,2.013900,2.014000
1188897900,2.014100,2.014200,2.014000,2.014000
1188897960,2.013900,2.013900,2.013600,2.013700
1188898020,2.013800,2.013900,2.013800,2.013900
1188898080,2.014000,2.014300,2.014000,2.014100
1188898140,2.014200,2.014500,2.014100,2.014500
1188898200,2.014400,2.014400,2.014000,2.014200
1188898260,2.014100,2.014400,2.014000,2.014300
1188898320,2.014400,2.014400,2.014300,2.014300
1188898380,2.014400,2.014400,2.014300,2.014400
1188898440,2.014500,2.014600,2.014100,2.014300
1188898500,2.014400,2.014600,2.014300,2.014400
1188898560,2.014400,2.015100,2.014400,2.015100
1188898620,2.015200,2.015500,2.015100,2.015500
1188898680,2.015700,2.016400,2.015600,2.016400
1188898740,2.016500,2.016500,2.015800,2.015800
1188898800,2.015700,2.015800,2.015400,2.015500
1188898860,2.015400,2.015500,2.015400,2.015400
1188898920,2.015500,2.015500,2.015000,2.015100
1188898980,2.015200,2.016000,2.015100,2.016000
1188899040,2.015900,2.015900,2.015700,2.015700
1188899100,2.015800,2.015900,2.015500,2.015500
1188899160,2.015600,2.015600,2.015500,2.015500
1188899220,2.015600,2.015600,2.015400,2.015400
1188899280,2.015100,2.015200,2.014700,2.014800
1188899340,2.014900,2.015100,2.014800,2.015000
1188899400,2.014900,2.015100,2.014700,2.015100
1188899460,2.015200,2.015300,2.015000,2.015100
1188899520,2.015200,2.015400,2.015100,2.015400
1188899580,2.015500,2.015600,2.015400,2.015600
1188899640,2.015700,2.016000,2.015600,2.015800
1188899700,2.016000,2.016000,2.015800,2.015800
1188899760,2.015700,2.015800,2.015500,2.015700
1188899820,2.015600,2.015600,2.015400,2.015400
1188899880,2.015300,2.015300,2.015000,2.015100
1188899940,2.015000,2.015000,2.014900,2.015000
1188900000,2.014900,2.014900,2.014400,2.014400
1188900060,2.014500,2.014600,2.013400,2.013400
1188900120,2.013300,2.013500,2.013200,2.013500
1188900180,2.013600,2.013800,2.013500,2.013700
1188900240,2.013800,2.014000,2.013800,2.014000
1188900300,2.013900,2.014400,2.013900,2.014300
1188900360,2.014400,2.014800,2.014400,2.014700
1188900420,2.014600,2.014800,2.014600,2.014700
1188900480,2.014700,2.014900,2.014700,2.014800
1188900540,2.014700,2.015000,2.014600,2.015000
1188900600,2.015100,2.015100,2.014900,2.014900
1188900660,2.015000,2.015000,2.014800,2.014800
1188900720,2.014700,2.014900,2.014700,2.014900
1188900780,2.014800,2.014900,2.014700,2.014700
1188900840,2.014600,2.014600,2.013800,2.014000
1188900900,2.013900,2.013900,2.013700,2.013800
1188900960,2.013700,2.013900,2.013200,2.013400
1188901020,2.013300,2.014000,2.013300,2.014000
1188901080,2.013900,2.014000,2.013700,2.013900
1188901140,2.014000,2.014000,2.013600,2.013800
1188901200,2.013700,2.014300,2.013700,2.014300
1188901260,2.014200,2.014300,2.014000,2.014300
1188901320,2.014200,2.014300,2.014200,2.014200
1188901380,2.014100,2.014200,2.014000,2.014000
1188901440,2.014200,2.014300,2.013900,2.014100
1188901500,2.014200,2.014200,2.013800,2.013800
1188901560,2.013900,2.013900,2.013800,2.013900
1188901620,2.013800,2.013900,2.013700,2.013800
1188901680,2.013900,2.014000,2.013800,2.013900
1188901740,2.013800,2.013800,2.013300,2.013700
1188901800,2.013800,2.013800,2.012700,2.012800
1188901860,2.012900,2.013200,2.012900,2.013200
1188901920,2.013100,2.013300,2.012900,2.013200
1188901980,2.013300,2.013900,2.013300,2.013800
1188902040,2.013700,2.013700,2.013600,2.013700
1188902100,2.013800,2.013800,2.013700,2.013700
1188902160,2.013800,2.013800,2.013300,2.013300
1188902220,2.013500,2.013800,2.013500,2.013700
1188902280,2.013600,2.013600,2.013400,2.013400
1188902340,2.013500,2.013500,2.013000,2.013000
1188902400,2.013100,2.013100,2.012800,2.012900
1188902460,2.013000,2.013300,2.013000,2.013200
1188902520,2.013300,2.013300,2.013200,2.013200
1188902580,2.013100,2.013100,2.012700,2.012700
1188902640,2.012800,2.013100,2.012700,2.013000
1188902700,2.012900,2.013000,2.012600,2.012700
1188902760,2.012800,2.012900,2.012700,2.012700
1188902820,2.012800,2.012800,2.012700,2.012800
1188902880,2.012700,2.012900,2.012700,2.012800
1188902940,2.012700,2.012800,2.012700,2.012700
1188903000,2.012800,2.012900,2.012800,2.012900
1188903060,2.012800,2.012900,2.012800,2.012900
1188903120,2.012800,2.012900,2.012800,2.012800
1188903180,2.012900,2.013000,2.012800,2.012900
1188903240,2.013000,2.013400,2.013000,2.013400
1188903300,2.013500,2.013600,2.013400,2.013500
1188903360,2.013600,2.013800,2.013500,2.013600
1188903420,2.013500,2.013600,2.013400,2.013500
1188903480,2.013600,2.013800,2.013400,2.013400
1188903540,2.013500,2.013600,2.013000,2.013200
1188903600,2.013300,2.013400,2.013200,2.013300
1188903660,2.013200,2.013300,2.012700,2.012900
1188903720,2.012800,2.012900,2.012600,2.012800
1188903780,2.012700,2.012900,2.012700,2.012900
1188903840,2.012800,2.013000,2.012800,2.012900
1188903900,2.012800,2.013700,2.012800,2.013400
1188903960,2.013500,2.013600,2.013300,2.013400
1188904020,2.013300,2.013300,2.012900,2.013000
1188904080,2.012900,2.013000,2.012900,2.013000
1188904140,2.012900,2.013000,2.012900,2.012900
1188904200,2.013000,2.013000,2.012800,2.012900
1188904320,2.012800,2.012900,2.012600,2.012900
1188904380,2.012800,2.012900,2.012600,2.012700
1188904440,2.012800,2.012800,2.012700,2.012700
1188904500,2.012800,2.012800,2.012800,2.012800
1188904560,2.012900,2.012900,2.012600,2.012700
1188904620,2.012800,2.012800,2.012500,2.012800
1188904680,2.012900,2.012900,2.012800,2.012800
1188904740,2.012900,2.012900,2.012800,2.012900
1188904800,2.012800,2.013000,2.012800,2.012800
1188904860,2.012700,2.012700,2.012600,2.012700
1188904920,2.012600,2.012700,2.012500,2.012700
1188904980,2.012600,2.012700,2.012500,2.012700
1188905040,2.012600,2.012700,2.012600,2.012600
1188905100,2.012800,2.013000,2.012700,2.013000
1188905160,2.013100,2.013200,2.013000,2.013100
1188905220,2.013000,2.013000,2.013000,2.013000
1188905340,2.013100,2.013300,2.013100,2.013200
1188905400,2.013300,2.013500,2.013300,2.013500
1188905460,2.013400,2.013500,2.013400,2.013400
1188905520,2.013300,2.013300,2.013200,2.013300
1188905580,2.013400,2.013500,2.013400,2.013500
1188905640,2.013400,2.013400,2.013300,2.013400
1188905700,2.013500,2.013500,2.013400,2.013400
1188905760,2.013500,2.013500,2.013400,2.013500
1188905820,2.013600,2.013700,2.013500,2.013600
1188905880,2.013500,2.013600,2.013500,2.013600
1188905940,2.013500,2.013600,2.013500,2.013600
1188906000,2.013500,2.013500,2.013500,2.013500
1188906060,2.013600,2.013700,2.013500,2.013700
1188906120,2.013600,2.013800,2.013500,2.013700
1188906180,2.013600,2.013800,2.013600,2.013700
1188906240,2.013800,2.013900,2.013700,2.013700
1188906300,2.013600,2.013700,2.013500,2.013500
1188906360,2.013400,2.013600,2.013300,2.013400
1188906420,2.013500,2.013700,2.013500,2.013700
1188906540,2.013800,2.013800,2.013700,2.013700
1188906600,2.013600,2.013600,2.013400,2.013600
1188906660,2.013500,2.013500,2.013400,2.013400
1188906720,2.013500,2.013600,2.013500,2.013500
1188906780,2.013400,2.013500,2.013400,2.013500
1188906840,2.013400,2.013500,2.013400,2.013500
1188906900,2.013400,2.013500,2.013300,2.013300
1188907020,2.013200,2.013300,2.013200,2.013300
1188907080,2.013200,2.013300,2.013100,2.013200
1188907140,2.013300,2.013400,2.013200,2.013200
1188907200,2.013300,2.013400,2.013200,2.013200
1188907260,2.013100,2.013300,2.012800,2.012900
1188907320,2.013000,2.013300,2.013000,2.013100
1188907380,2.013200,2.013200,2.013100,2.013100
1188907440,2.013000,2.013100,2.012900,2.012900
1188907560,2.012800,2.012800,2.012800,2.012800
1188907620,2.012900,2.012900,2.012800,2.012800
1188907680,2.012900,2.013000,2.012800,2.012800
1188907740,2.012900,2.012900,2.012600,2.012800
1188907800,2.012900,2.013000,2.012700,2.012700
1188907860,2.012600,2.012800,2.011800,2.011800
1188907920,2.011600,2.011900,2.011400,2.011700
1188907980,2.011900,2.011900,2.011600,2.011700
1188908040,2.011600,2.011800,2.011500,2.011700
1188908100,2.011600,2.011800,2.011500,2.011500
1188908160,2.011600,2.011700,2.010900,2.011100
1188908220,2.011000,2.011100,2.010500,2.010700
1188908280,2.010800,2.011000,2.010800,2.010800
1188908340,2.010700,2.010700,2.009700,2.010400
1188908400,2.010500,2.010600,2.010100,2.010200
1188908460,2.010300,2.010300,2.009100,2.009100
1188908520,2.009200,2.009700,2.009200,2.009600
1188908580,2.009700,2.010000,2.009600,2.009900
1188908640,2.009800,2.009800,2.009100,2.009400
1188908700,2.009300,2.009700,2.009300,2.009600
1188908760,2.009500,2.009600,2.009100,2.009400
1188908820,2.009300,2.009800,2.009300,2.009700
1188908880,2.009800,2.010100,2.009700,2.010100
1188908940,2.010200,2.010400,2.009900,2.009900
1188909000,2.009800,2.010100,2.009800,2.010100
1188909060,2.010000,2.010000,2.009400,2.009900
1188909120,2.010000,2.010200,2.009800,2.010100
1188909180,2.010000,2.010100,2.009800,2.010100
1188909240,2.010000,2.010100,2.009900,2.009900
1188909300,2.009800,2.009900,2.009400,2.009600
1188909360,2.009500,2.009600,2.009200,2.009300
1188909420,2.009200,2.009300,2.009100,2.009200
1188909480,2.009100,2.009100,2.009000,2.009100
1188909540,2.009200,2.009700,2.009100,2.009600
1188909600,2.009500,2.009600,2.009300,2.009400
1188909660,2.009300,2.009500,2.009200,2.009200
1188909720,2.009300,2.009300,2.009100,2.009200
1188909780,2.009100,2.009200,2.009000,2.009100
1188909840,2.009000,2.009100,2.008900,2.009000
1188909900,2.009000,2.009100,2.009000,2.009000
1188909960,2.009100,2.009300,2.009000,2.009100
1188910020,2.009000,2.009100,2.008700,2.008900
1188910080,2.008800,2.008800,2.008100,2.008500
1188910140,2.008400,2.008500,2.008200,2.008500
1188910200,2.008500,2.009100,2.008500,2.008900
1188910260,2.008800,2.008800,2.008500,2.008700
1188910320,2.008800,2.009000,2.008700,2.008900
1188910380,2.009000,2.009100,2.008600,2.008600
1188910440,2.008500,2.009300,2.008400,2.009100
1188910500,2.009000,2.009200,2.008900,2.009000
1188910560,2.009100,2.009100,2.008600,2.008600
1188910620,2.008500,2.008500,2.007700,2.008200
1188910680,2.008300,2.008500,2.008100,2.008500
1188910740,2.008400,2.008500,2.008400,2.008500
1188910800,2.008600,2.008700,2.008500,2.008600
1188910860,2.008600,2.008700,2.008500,2.008600
1188910920,2.008700,2.009200,2.008700,2.009000
1188910980,2.008900,2.009000,2.008800,2.008900
1188911040,2.009000,2.009200,2.008900,2.009000
1188911100,2.009000,2.009200,2.008900,2.009200
1188911160,2.009300,2.009500,2.009200,2.009400
1188911220,2.009200,2.009300,2.009100,2.009200
1188911280,2.009400,2.009400,2.009100,2.009100
1188911340,2.009000,2.009200,2.009000,2.009200
1188911400,2.009300,2.009500,2.009100,2.009100
1188911460,2.009200,2.009200,2.008800,2.008800
1188911520,2.008700,2.008900,2.008700,2.008800
1188911580,2.008900,2.008900,2.008700,2.008800
1188911640,2.008700,2.008700,2.008600,2.008700
1188911700,2.008600,2.008900,2.008600,2.008700
1188911760,2.008800,2.008900,2.008700,2.008700
1188911820,2.008800,2.008800,2.008700,2.008800
1188911880,2.008900,2.008900,2.008800,2.008800
1188911940,2.008900,2.008900,2.008700,2.008700
1188912000,2.008800,2.009000,2.008800,2.009000
1188912060,2.009100,2.009400,2.009100,2.009300
1188912120,2.009400,2.009500,2.009200,2.009200
1188912180,2.009300,2.009400,2.009000,2.009000
1188912240,2.009100,2.009100,2.008900,2.009000
1188912300,2.009100,2.009100,2.008900,2.008900
1188912360,2.008800,2.009400,2.008700,2.009300
1188912420,2.009400,2.009800,2.009300,2.009500
1188912480,2.009400,2.009400,2.009100,2.009200
1188912540,2.009300,2.009300,2.009200,2.009200
1188912600,2.009300,2.009300,2.009100,2.009200
1188912660,2.009300,2.009500,2.009200,2.009200
1188912720,2.009100,2.009400,2.009000,2.009000
1188912780,2.009100,2.009400,2.009000,2.009400
1188912840,2.009500,2.009500,2.009200,2.009200
1188912900,2.009300,2.009600,2.009300,2.009300
1188912960,2.009400,2.009700,2.009400,2.009600
1188913020,2.009500,2.009600,2.009400,2.009600
1188913080,2.009700,2.009700,2.009500,2.009500
1188913140,2.009600,2.009600,2.009500,2.009500
1188913200,2.009600,2.009600,2.009400,2.009400
1188913260,2.009300,2.009600,2.009300,2.009400
1188913320,2.009500,2.009900,2.009500,2.009700
1188913380,2.009600,2.009700,2.009400,2.009700
1188913440,2.009800,2.009800,2.009500,2.009700
1188913500,2.009800,2.010200,2.009700,2.010100
1188913560,2.010200,2.010300,2.010100,2.010200
1188913620,2.010300,2.010600,2.010200,2.010400
1188913680,2.010500,2.010500,2.010200,2.010200
1188913740,2.010300,2.010500,2.010200,2.010500
1188913800,2.010400,2.010500,2.010300,2.010300
1188913860,2.010400,2.010600,2.010400,2.010500
1188913920,2.010400,2.010800,2.010400,2.010500
1188913980,2.010600,2.010600,2.010200,2.010300
1188914040,2.010200,2.010500,2.010100,2.010200
1188914100,2.010300,2.010700,2.010200,2.010500
1188914160,2.010600,2.010900,2.010500,2.010900
1188914220,2.011000,2.011000,2.010700,2.010800
1188914280,2.010900,2.011000,2.010600,2.010900
1188914340,2.011100,2.011300,2.010600,2.010600
1188914400,2.010400,2.011300,2.010400,2.011300
1188914460,2.011400,2.011400,2.010900,2.011000
1188914520,2.010900,2.011100,2.010700,2.010900
1188914580,2.010800,2.011100,2.010500,2.010800
1188914640,2.010700,2.011200,2.010500,2.011200
1188914700,2.011300,2.011600,2.011200,2.011600
1188914760,2.011700,2.012000,2.011300,2.011400
1188914820,2.011300,2.011600,2.011300,2.011500
1188914880,2.011400,2.011700,2.011400,2.011700
1188914940,2.011600,2.011800,2.011500,2.011500
1188915000,2.011600,2.011700,2.011400,2.011400
1188915060,2.011300,2.011600,2.011300,2.011600
1188915120,2.011700,2.012400,2.011700,2.012400
1188915180,2.012300,2.012400,2.012000,2.012200
1188915240,2.012100,2.012100,2.011900,2.012000
1188915300,2.011900,2.012100,2.011900,2.012000
1188915360,2.012100,2.012100,2.011200,2.011200
1188915420,2.011300,2.011300,2.011100,2.011200
1188915480,2.011100,2.011200,2.010900,2.011200
1188915540,2.011300,2.011800,2.011300,2.011700
1188915600,2.011800,2.011900,2.011700,2.011800
1188915660,2.011800,2.012100,2.011700,2.011900
1188915720,2.011800,2.011900,2.011400,2.011400
1188915780,2.011500,2.011500,2.011500,2.011500
1188915840,2.011400,2.011500,2.011200,2.011500
1188915900,2.011400,2.011500,2.011100,2.011100
1188915960,2.011000,2.011600,2.011000,2.011200
1188916020,2.011300,2.011400,2.010900,2.010900
1188916080,2.010800,2.011100,2.010700,2.011000
1188916140,2.010900,2.011100,2.010900,2.010900
1188916200,2.011000,2.011000,2.010600,2.010700
1188916260,2.010900,2.011000,2.010900,2.011000
1188916320,2.010900,2.010900,2.010400,2.010600
1188916380,2.010500,2.011000,2.010500,2.010800
1188916440,2.010900,2.010900,2.010800,2.010800
1188916500,2.010900,2.011000,2.010800,2.011000
1188916560,2.010900,2.011000,2.010900,2.010900
1188916620,2.011000,2.011100,2.010900,2.010900
1188916680,2.011000,2.011000,2.010600,2.010700
1188916740,2.010600,2.010700,2.010300,2.010300
1188916800,2.010200,2.010500,2.010100,2.010500
1188916860,2.010400,2.010600,2.010400,2.010400
1188916920,2.010300,2.010400,2.010200,2.010400
1188916980,2.010300,2.010400,2.010200,2.010400
1188917040,2.010300,2.011100,2.010300,2.011000
1188917100,2.010900,2.010900,2.010700,2.010800
1188917160,2.010900,2.011100,2.010900,2.010900
1188917220,2.010800,2.010800,2.010600,2.010700
1188917280,2.010800,2.011200,2.010800,2.010800
1188917340,2.010900,2.010900,2.010500,2.010600
1188917400,2.010700,2.010800,2.010400,2.010400
1188917460,2.010500,2.010500,2.010200,2.010200
1188917520,2.010300,2.010700,2.010200,2.010700
1188917580,2.010600,2.010700,2.010500,2.010500
1188917640,2.010600,2.010700,2.010500,2.010500
1188917700,2.010400,2.010800,2.010400,2.010700
1188917760,2.010800,2.010900,2.010700,2.010700
1188917820,2.010600,2.010700,2.010600,2.010700
1188917880,2.010600,2.010900,2.010600,2.010800
1188917940,2.010700,2.011000,2.010300,2.010600
1188918000,2.010500,2.010600,2.010400,2.010500
1188918060,2.010400,2.010900,2.010400,2.010900
1188918120,2.011000,2.012000,2.011000,2.011600
1188918180,2.011500,2.011700,2.011200,2.011200
1188918240,2.011100,2.011100,2.010800,2.011000
1188918300,2.010900,2.011500,2.010800,2.011400
1188918360,2.011300,2.011400,2.011300,2.011400
1188918420,2.011300,2.011500,2.011300,2.011500
1188918480,2.011400,2.012000,2.011400,2.011900
1188918540,2.012000,2.012000,2.011600,2.011600
1188918600,2.011700,2.011700,2.011600,2.011600
1188918660,2.011500,2.011600,2.011500,2.011500
1188918720,2.011400,2.011700,2.011400,2.011700
1188918780,2.011600,2.011600,2.011400,2.011400
1188918840,2.011300,2.011300,2.011000,2.011000
1188918900,2.010900,2.011300,2.010900,2.011200
1188918960,2.011300,2.011700,2.011300,2.011500
1188919020,2.011600,2.011600,2.011500,2.011500
1188919080,2.011600,2.011700,2.011500,2.011700
1188919140,2.011800,2.011800,2.011300,2.011300
1188919200,2.011400,2.011400,2.011200,2.011400
1188919260,2.011300,2.011700,2.011300,2.011600
1188919320,2.011500,2.011500,2.011100,2.011100
1188919380,2.011200,2.011200,2.011200,2.011200
1188919440,2.011300,2.011600,2.011200,2.011600
1188919500,2.011700,2.011700,2.011500,2.011500
1188919560,2.011600,2.011600,2.011500,2.011600
1188919680,2.011500,2.011500,2.011200,2.011200
1188919740,2.011300,2.011300,2.011000,2.011100
1188919800,2.011000,2.011200,2.011000,2.011200
1188919860,2.011100,2.011300,2.011100,2.011200
1188919920,2.011300,2.011400,2.011000,2.011300
1188919980,2.011400,2.012000,2.011300,2.011700
1188920040,2.011600,2.011900,2.011500,2.011800
1188920100,2.011900,2.012100,2.011700,2.011900
1188920160,2.011800,2.011800,2.011800,2.011800
1188920220,2.011700,2.011700,2.011300,2.011400
1188920280,2.011500,2.011500,2.011300,2.011300
1188920340,2.011400,2.011500,2.011300,2.011500
1188920400,2.011600,2.012100,2.011600,2.011700
1188920460,2.011600,2.011800,2.011600,2.011700
1188920520,2.011600,2.011800,2.011600,2.011700
1188920580,2.011800,2.011900,2.011700,2.011700
1188920640,2.011800,2.011900,2.011700,2.011800
1188920700,2.011900,2.011900,2.011800,2.011800
1188920760,2.011900,2.011900,2.011800,2.011800
1188920820,2.011900,2.012000,2.011700,2.011800
1188920880,2.011900,2.011900,2.011800,2.011800
1188920940,2.011900,2.011900,2.011600,2.011700
1188921000,2.011600,2.011600,2.011500,2.011500
1188921060,2.011400,2.011400,2.011000,2.011100
1188921120,2.011000,2.011100,2.010200,2.010300
1188921180,2.010200,2.010300,2.010000,2.010200
1188921240,2.010300,2.010700,2.010300,2.010700
1188921300,2.010600,2.010900,2.010600,2.010700
1188921360,2.010800,2.010900,2.010700,2.010800
1188921420,2.010900,2.011000,2.010900,2.010900
1188921480,2.010800,2.011000,2.010700,2.010800
1188921540,2.010700,2.011000,2.010700,2.011000
1188921600,2.011100,2.011200,2.010900,2.011000
1188921660,2.011100,2.011200,2.011000,2.011200
1188921720,2.011100,2.011200,2.011100,2.011100
1188921780,2.011000,2.011200,2.011000,2.011200
1188921840,2.011300,2.011300,2.011100,2.011200
1188921900,2.011300,2.011700,2.011200,2.011600
1188921960,2.011700,2.012100,2.011700,2.012000
1188922020,2.012100,2.012400,2.012100,2.012100
1188922080,2.012200,2.012200,2.011900,2.012100
1188922140,2.012000,2.012100,2.011900,2.011900
1188922200,2.012000,2.012000,2.011900,2.011900
1188922260,2.012100,2.012500,2.012100,2.012500
1188922320,2.012600,2.012600,2.012400,2.012500
1188922380,2.012400,2.012800,2.012400,2.012600
1188922440,2.012700,2.013000,2.012600,2.013000
1188922500,2.012900,2.013000,2.012800,2.012900
1188922560,2.013000,2.013000,2.012900,2.012900
1188922620,2.013000,2.013000,2.012900,2.013000
1188922680,2.012900,2.013500,2.012900,2.013500
1188922740,2.013600,2.013800,2.013400,2.013500
1188922800,2.013400,2.013400,2.013200,2.013200
1188922860,2.013300,2.013400,2.013100,2.013200
1188922920,2.013300,2.013400,2.013200,2.013300
1188922980,2.013400,2.013400,2.013000,2.013100
1188923040,2.013200,2.013200,2.012500,2.012700
1188923100,2.012800,2.013300,2.012800,2.013200
1188923160,2.013100,2.013100,2.012800,2.013000
1188923220,2.013100,2.013100,2.012900,2.013000
1188923280,2.012900,2.013200,2.012900,2.013200
1188923340,2.013100,2.013400,2.013100,2.013300
1188923400,2.013400,2.013700,2.013400,2.013600
1188923460,2.013700,2.013700,2.013700,2.013700
1188923520,2.013800,2.013800,2.013500,2.013700
1188923580,2.013600,2.014100,2.013600,2.014100
1188923640,2.014200,2.015100,2.014200,2.014800
1188923700,2.014900,2.015000,2.014700,2.014800
1188923760,2.014700,2.014800,2.014600,2.014800
1188923820,2.014700,2.015100,2.014600,2.015100
1188923880,2.015000,2.015200,2.014800,2.014800
1188923940,2.014900,2.014900,2.014600,2.014700
1188924000,2.014600,2.014600,2.014400,2.014500
1188924060,2.014400,2.014500,2.014300,2.014500
1188924120,2.014600,2.014600,2.014400,2.014500
1188924180,2.014600,2.015100,2.014500,2.015000
1188924240,2.014900,2.015100,2.014900,2.015100
1188924300,2.015000,2.015100,2.014700,2.015000
1188924360,2.015100,2.015600,2.015000,2.015600
1188924420,2.015500,2.015600,2.015000,2.015100
1188924480,2.015200,2.015200,2.014800,2.014800
1188924540,2.014900,2.014900,2.014800,2.014800
1188924600,2.014700,2.014700,2.014300,2.014400
1188924660,2.014300,2.014300,2.014200,2.014200
1188924720,2.014300,2.014300,2.013900,2.013900
1188924780,2.014000,2.014000,2.014000,2.014000
1188924900,2.013900,2.014200,2.013900,2.014100
1188924960,2.014200,2.014400,2.014200,2.014300
1188925020,2.014200,2.014200,2.014100,2.014200
1188925080,2.014300,2.014300,2.014300,2.014300
1188925140,2.014200,2.014300,2.014200,2.014200
1188925200,2.014300,2.014400,2.014100,2.014100
1188925260,2.014200,2.014200,2.014000,2.014000
1188925380,2.014100,2.014100,2.013700,2.013800
1188925440,2.013700,2.014000,2.013700,2.013900
1188925500,2.014000,2.014000,2.013900,2.014000
1188925560,2.013900,2.014100,2.013900,2.014000
1188925620,2.014200,2.014200,2.014100,2.014100
1188925680,2.014000,2.014100,2.013900,2.014000
1188925740,2.014100,2.014200,2.014000,2.014100
1188925800,2.014000,2.014100,2.014000,2.014000
1188925860,2.014100,2.014100,2.013900,2.014000
1188925920,2.014100,2.014600,2.014100,2.014600
1188925980,2.014500,2.014600,2.014400,2.014600
1188926040,2.014500,2.014600,2.014400,2.014600
1188926100,2.014500,2.014500,2.014200,2.014300
1188926160,2.014400,2.014500,2.014300,2.014500
1188926220,2.014400,2.014600,2.014400,2.014600
1188926280,2.014800,2.014800,2.014500,2.014500
1188926340,2.014400,2.014500,2.014400,2.014400
1188926400,2.014500,2.014500,2.014400,2.014400
1188926520,2.014500,2.014600,2.014500,2.014500
1188926580,2.014400,2.014500,2.014400,2.014500
1188926640,2.014400,2.014400,2.014200,2.014200
1188926700,2.014300,2.014500,2.014300,2.014400
1188926760,2.014300,2.014400,2.014200,2.014300
1188926820,2.014400,2.014500,2.014300,2.014500
1188926880,2.014300,2.014300,2.014200,2.014200
1188926940,2.014100,2.014100,2.014100,2.014100
1188927000,2.014200,2.014200,2.014200,2.014200
1188927060,2.014100,2.014100,2.014100,2.014100
1188927120,2.014200,2.014200,2.014200,2.014200
1188927360,2.014300,2.014300,2.014200,2.014200
1188927480,2.014300,2.014300,2.014200,2.014200
1188927540,2.014300,2.014300,2.014200,2.014200
1188927660,2.014300,2.014400,2.014100,2.014400
1188927720,2.014300,2.014300,2.014200,2.014200
1188927780,2.014100,2.014200,2.014100,2.014200
1188927840,2.014100,2.014100,2.014100,2.014100
1188927900,2.014000,2.014100,2.014000,2.014000
1188927960,2.014100,2.014200,2.014000,2.014200
1188928020,2.014100,2.014100,2.014100,2.014100
1188928080,2.014000,2.014100,2.014000,2.014000
1188928140,2.014100,2.014200,2.014100,2.014100
1188928440,2.014000,2.014100,2.013900,2.014000
1188928500,2.013900,2.014100,2.013900,2.014100
1188928560,2.014000,2.014100,2.013900,2.013900
1188928620,2.014000,2.014000,2.013900,2.013900
1188928680,2.014000,2.014100,2.013900,2.014100
1188928740,2.014000,2.014100,2.014000,2.014000
1188928800,2.014100,2.014200,2.014100,2.014200
1188928860,2.014100,2.014200,2.014100,2.014100
1188928920,2.014000,2.014100,2.014000,2.014000
1188928980,2.014100,2.014100,2.013900,2.013900
1188929040,2.014000,2.014000,2.013900,2.013900
1188929160,2.014000,2.014100,2.014000,2.014100
1188929220,2.014200,2.014400,2.014200,2.014400
1188929280,2.014500,2.014500,2.014400,2.014400
1188929340,2.014300,2.014300,2.014300,2.014300
1188929400,2.014200,2.014400,2.014200,2.014400
1188929460,2.014300,2.014500,2.014300,2.014400
1188929520,2.014500,2.014500,2.014400,2.014400
1188929580,2.014500,2.014500,2.014400,2.014500
1188929640,2.014600,2.014600,2.014500,2.014500
1188929700,2.014600,2.014700,2.014600,2.014600
1188929820,2.014500,2.014600,2.014500,2.014600
1188929880,2.014500,2.014500,2.014500,2.014500
1188930060,2.014400,2.014500,2.014400,2.014500
1188930120,2.014600,2.014900,2.014600,2.014900
1188930180,2.014800,2.014900,2.014600,2.014900
1188930240,2.015000,2.015000,2.015000,2.015000
1188930300,2.014900,2.014900,2.014700,2.014700
1188930360,2.014600,2.014600,2.014600,2.014600
1188930420,2.014500,2.014600,2.014300,2.014400
1188930480,2.014300,2.014300,2.014200,2.014200
1188930540,2.014100,2.014100,2.013900,2.013900
1188930600,2.013800,2.014100,2.013800,2.013900
1188930660,2.014000,2.014000,2.014000,2.014000
1188930720,2.013900,2.014200,2.013800,2.014000
1188930780,2.014100,2.014100,2.014000,2.014000
1188930840,2.014100,2.014300,2.014100,2.014300
1188930900,2.014200,2.014200,2.014200,2.014200
1188931020,2.014100,2.014200,2.014100,2.014200
1188931080,2.014100,2.014200,2.014100,2.014200
1188931140,2.014100,2.014200,2.014100,2.014200
1188931200,2.014100,2.014300,2.014100,2.014300
1188931260,2.014200,2.014800,2.014200,2.014500
1188931320,2.014600,2.014600,2.014400,2.014400
1188931380,2.014500,2.014500,2.014300,2.014300
1188931440,2.014100,2.014100,2.014100,2.014100
1188931500,2.014000,2.014100,2.014000,2.014000
1188931680,2.014100,2.014100,2.014000,2.014000
1188931740,2.014100,2.014100,2.014100,2.014100
1188931800,2.014200,2.014200,2.014200,2.014200
1188931860,2.014300,2.014300,2.014100,2.014200
1188931920,2.014300,2.014400,2.014300,2.014400
1188931980,2.014500,2.014500,2.014400,2.014400
1188932040,2.014500,2.014700,2.014500,2.014700
1188932100,2.014800,2.014800,2.014700,2.014700
1188932160,2.014600,2.014700,2.014600,2.014600
1188932220,2.014700,2.014800,2.014500,2.014700
1188932280,2.014600,2.014700,2.014600,2.014700
1188932340,2.014600,2.014700,2.014600,2.014700
1188932400,2.014800,2.014900,2.014700,2.014800
1188932520,2.014900,2.014900,2.014800,2.014800
1188932640,2.014700,2.014800,2.014700,2.014800
1188932700,2.014700,2.014800,2.014700,2.014700
1188932760,2.014800,2.014800,2.014700,2.014800
1188932820,2.014700,2.014700,2.014500,2.014500
1188932880,2.014600,2.014700,2.014600,2.014700
1188933000,2.014600,2.014700,2.014500,2.014500
1188933060,2.014600,2.014700,2.014600,2.014700
1188933120,2.014800,2.014800,2.014800,2.014800
1188933180,2.014700,2.014700,2.014600,2.014700
1188933360,2.014800,2.014800,2.014800,2.014800
1188933420,2.014700,2.014700,2.014600,2.014600
1188933480,2.014700,2.014700,2.014600,2.014600
1188933540,2.014500,2.014500,2.014400,2.014500
1188933720,2.014600,2.014700,2.014500,2.014600
1188933780,2.014500,2.014500,2.014500,2.014500
1188933840,2.014600,2.014600,2.014600,2.014600
1188933900,2.014500,2.014600,2.014500,2.014500
1188933960,2.014400,2.014400,2.014300,2.014300
1188934020,2.014400,2.014500,2.014400,2.014400
1188934140,2.014500,2.014600,2.014500,2.014500
1188934320,2.014600,2.014600,2.014600,2.014600
1188934380,2.014500,2.014600,2.014500,2.014500
1188934440,2.014400,2.014400,2.014400,2.014400
1188934680,2.014400,2.014500,2.014400,2.014500
1188934740,2.014400,2.014500,2.014400,2.014500
1188934800,2.014400,2.014500,2.014400,2.014500
1188934980,2.014400,2.014400,2.014400,2.014400
1188935040,2.014500,2.014500,2.014300,2.014400
1188935160,2.014300,2.014400,2.014300,2.014400
1188935340,2.014500,2.014500,2.014400,2.014500
1188935400,2.014400,2.014500,2.014400,2.014500
1188935460,2.014600,2.014600,2.014500,2.014600
1188935520,2.014500,2.014500,2.014500,2.014500
1188935580,2.014400,2.014500,2.014400,2.014500
1188935700,2.014400,2.014500,2.014400,2.014400
1188935760,2.014300,2.014500,2.014300,2.014500
1188935820,2.014400,2.014500,2.014300,2.014400
1188935940,2.014500,2.014500,2.014300,2.014300
1188936000,2.014400,2.014400,2.014000,2.014000
1188936060,2.013900,2.014200,2.013900,2.014000
1188936120,2.013900,2.014000,2.013800,2.013800
1188936240,2.013900,2.014000,2.013800,2.014000
1188936420,2.013900,2.013900,2.013900,2.013900
1188936480,2.014000,2.014000,2.014000,2.014000
1188936540,2.013900,2.014100,2.013900,2.014100
1188936600,2.014000,2.014000,2.013800,2.014000
1188936660,2.014100,2.014100,2.014000,2.014000
1188936780,2.014100,2.014100,2.014100,2.014100
1188936900,2.014000,2.014100,2.014000,2.014000
1188937080,2.013900,2.013900,2.013900,2.013900
1188937260,2.013800,2.013900,2.013800,2.013800
1188937320,2.013900,2.013900,2.013900,2.013900
1188937380,2.013800,2.013800,2.013800,2.013800
1188937440,2.013700,2.013700,2.013600,2.013700
1188937500,2.013600,2.013700,2.013600,2.013600
1188937560,2.013700,2.013700,2.013700,2.013700
1188937620,2.013600,2.013700,2.013600,2.013700
1188937680,2.013600,2.013700,2.013600,2.013600
1188937860,2.013700,2.013700,2.013700,2.013700
1188937980,2.013600,2.013600,2.013600,2.013600
1188938100,2.013700,2.013700,2.013600,2.013600
1188938160,2.013800,2.013800,2.013800,2.013800
1188938220,2.013900,2.013900,2.013900,2.013900
1188938280,2.013800,2.013900,2.013800,2.013900
1188938340,2.013800,2.013800,2.013500,2.013600
1188938400,2.013500,2.013500,2.013200,2.013200
1188938520,2.013300,2.013300,2.013200,2.013300
1188938580,2.013200,2.013400,2.013100,2.013300
1188938640,2.013400,2.013800,2.013300,2.013800
1188938700,2.013700,2.013800,2.013700,2.013700
1188938760,2.013800,2.013900,2.013700,2.013800
1188938820,2.013600,2.013800,2.013600,2.013600
1188938880,2.013700,2.013700,2.013600,2.013600
1188938940,2.013700,2.013700,2.013500,2.013700
1188939000,2.013800,2.013800,2.013700,2.013700
1188939180,2.013600,2.013800,2.013600,2.013700
1188939300,2.013600,2.013700,2.013600,2.013700
1188939360,2.013600,2.013600,2.013400,2.013400
1188939420,2.013500,2.013500,2.013500,2.013500
1188939540,2.013300,2.013300,2.013200,2.013300
1188939600,2.013200,2.013400,2.013000,2.013000
1188939660,2.012900,2.013200,2.012900,2.013200
1188939720,2.013100,2.013100,2.013000,2.013000
1188939780,2.013100,2.013100,2.013000,2.013000
1188939840,2.013100,2.013300,2.013000,2.013000
1188939900,2.012900,2.013100,2.012900,2.013000
1188939960,2.013100,2.013600,2.013100,2.013500
1188940020,2.013600,2.013600,2.013600,2.013600
1188940080,2.013500,2.013600,2.013500,2.013600
1188940140,2.013500,2.013500,2.013400,2.013500
1188940200,2.013300,2.013300,2.013300,2.013300
1188940260,2.013400,2.013500,2.013400,2.013400
1188940320,2.013300,2.013300,2.013300,2.013300
1188940380,2.013400,2.013400,2.013400,2.013400
1188940500,2.013300,2.013400,2.013300,2.013300
1188940560,2.013200,2.013300,2.013100,2.013300
1188940620,2.013200,2.013300,2.013200,2.013300
1188940800,2.013400,2.013400,2.013400,2.013400
1188940920,2.013300,2.013300,2.013300,2.013300
1188941040,2.013400,2.013400,2.013400,2.013400
1188941160,2.013300,2.013400,2.013300,2.013300
1188941220,2.013200,2.013200,2.013100,2.013200
1188941280,2.013400,2.013400,2.013400,2.013400
1188941400,2.013300,2.013300,2.013300,2.013300
1188941520,2.013200,2.013200,2.013200,2.013200
1188941580,2.013300,2.013500,2.013300,2.013500
1188941760,2.013400,2.013400,2.013300,2.013300
1188941880,2.013400,2.013400,2.013400,2.013400
1188942060,2.013500,2.013700,2.013500,2.013700
1188942120,2.013600,2.013700,2.013500,2.013500
1188942180,2.013400,2.013900,2.013400,2.013700
1188942240,2.013800,2.013900,2.013600,2.013900
1188942300,2.013800,2.014000,2.013700,2.013900
1188942360,2.014000,2.014000,2.013900,2.013900
1188942480,2.013500,2.014000,2.013500,2.014000
1188942540,2.013900,2.013900,2.013900,2.013900
1188942600,2.014000,2.014000,2.013900,2.013900
1188942660,2.014000,2.014000,2.013800,2.013900
1188942720,2.013800,2.013900,2.013700,2.013700
1188942780,2.013600,2.013700,2.013600,2.013700
1188942960,2.013600,2.013800,2.013600,2.013800
1188943020,2.013800,2.013800,2.013600,2.013700
1188943080,2.013600,2.014200,2.013600,2.013900
1188943140,2.013900,2.014200,2.013900,2.013900
1188943200,2.013900,2.013900,2.013800,2.013900
1188943260,2.014000,2.014200,2.014000,2.014200
1188943380,2.014000,2.014000,2.013600,2.013800
1188943440,2.013900,2.013900,2.013800,2.013800
1188943500,2.013900,2.014100,2.013800,2.014000
1188943560,2.013900,2.014000,2.013900,2.013900
1188943620,2.014100,2.014500,2.014000,2.014500
1188943680,2.014300,2.014300,2.014200,2.014300
1188943740,2.014200,2.014300,2.014200,2.014300
1188943860,2.014200,2.014300,2.014200,2.014300
1188943920,2.014200,2.014200,2.014100,2.014200
1188943980,2.014100,2.014100,2.014100,2.014100
1188944040,2.014000,2.014000,2.013700,2.013800
1188944100,2.013900,2.013900,2.013700,2.013700
1188944280,2.013800,2.014000,2.013700,2.014000
1188944340,2.014100,2.014100,2.013600,2.013700
1188944400,2.013800,2.014000,2.013700,2.013900
1188944700,2.014000,2.014200,2.014000,2.014100
1188944760,2.014000,2.014000,2.013900,2.014000
1188944880,2.014100,2.014400,2.014100,2.014200
1188944940,2.014100,2.014300,2.014100,2.014200
1188945000,2.014300,2.014300,2.014100,2.014200
1188945120,2.014300,2.014300,2.014200,2.014200
1188945180,2.014100,2.014100,2.014100,2.014100
1188945240,2.014200,2.014200,2.014200,2.014200
1188945480,2.014300,2.014300,2.014200,2.014200
1188945540,2.014300,2.014300,2.014200,2.014300
1188945600,2.014400,2.014600,2.014300,2.014500
1188945660,2.014600,2.014600,2.014200,2.014300
1188945840,2.014600,2.014600,2.014600,2.014600
1188946440,2.014500,2.014500,2.014100,2.014100
1188946500,2.014200,2.014200,2.014100,2.014100
1188946560,2.014200,2.014200,2.014200,2.014200
1188946620,2.014100,2.014200,2.014100,2.014200
1188946800,2.014100,2.014100,2.013900,2.013900
1188946860,2.014100,2.014100,2.013900,2.013900
1188946920,2.014000,2.014100,2.014000,2.014100
1188946980,2.014000,2.014000,2.013900,2.013900
1188947040,2.014100,2.014100,2.014100,2.014100
1188947400,2.014200,2.014200,2.014100,2.014100
1188947460,2.014200,2.014400,2.014200,2.014400
1188947520,2.014500,2.014500,2.014500,2.014500
1188947580,2.014600,2.014600,2.014600,2.014600
1188947880,2.014700,2.014700,2.014700,2.014700
1188948120,2.014500,2.014500,2.014500,2.014500
1188948180,2.014600,2.014600,2.014600,2.014600
1188948240,2.014700,2.014700,2.014700,2.014700
1188948480,2.014800,2.015000,2.014800,2.014800
1188948540,2.014700,2.014800,2.014500,2.014800
1188948600,2.014600,2.014800,2.014500,2.014800
1188948840,2.014700,2.014800,2.014700,2.014800
1188948960,2.014700,2.014700,2.014300,2.014300
1188949020,2.014200,2.014300,2.014200,2.014300
1188949080,2.014200,2.014400,2.014200,2.014300
1188949200,2.014400,2.014500,2.014200,2.014500
1188949260,2.014600,2.014700,2.014500,2.014700
1188949320,2.014800,2.015300,2.014800,2.015200
1188949380,2.015400,2.015800,2.015300,2.015500
1188949440,2.015600,2.016300,2.015600,2.015900
1188949500,2.016000,2.016000,2.015600,2.015600
1188949560,2.015700,2.015900,2.015400,2.015700
1188949620,2.015600,2.015900,2.015600,2.015900
1188949680,2.015800,2.015800,2.015700,2.015800
1188949740,2.015700,2.015800,2.015700,2.015800
1188949800,2.016000,2.016000,2.015500,2.015600
1188949920,2.015500,2.015600,2.015500,2.015500
1188949980,2.015400,2.015400,2.015400,2.015400
1188950100,2.015500,2.015600,2.015500,2.015500
1188950160,2.015400,2.015400,2.015400,2.015400
1188950220,2.015500,2.015500,2.015400,2.015500
1188950400,2.015400,2.015400,2.015300,2.015400
1188950520,2.015500,2.015500,2.015500,2.015500
1188950640,2.015600,2.015600,2.015600,2.015600
1188950700,2.015700,2.015700,2.015600,2.015600
1188950760,2.015500,2.015600,2.015500,2.015600
1188950820,2.015500,2.015700,2.015500,2.015600
1188950940,2.015500,2.015500,2.015500,2.015500
1188951120,2.015600,2.015600,2.015500,2.015500
1188951240,2.015600,2.015600,2.015500,2.015500
1188951360,2.015400,2.015500,2.015400,2.015500
1188951420,2.015400,2.015400,2.015300,2.015300
1188951480,2.015200,2.015400,2.015200,2.015400
1188951540,2.015500,2.015500,2.015500,2.015500
1188951600,2.015400,2.015400,2.015400,2.015400
1188951720,2.015500,2.015600,2.015400,2.015600
1188951780,2.015700,2.015700,2.015500,2.015500
1188951900,2.015400,2.015400,2.015400,2.015400
1188952020,2.015300,2.015300,2.015300,2.015300
1188952080,2.015200,2.015300,2.015100,2.015100
1188952200,2.015000,2.015100,2.014900,2.014900
1188952260,2.014800,2.014800,2.014500,2.014700
1188952320,2.014600,2.014900,2.014600,2.014900
1188952440,2.015000,2.015000,2.014900,2.014900
1188952500,2.015000,2.015200,2.015000,2.015100
1188952560,2.015200,2.015200,2.015000,2.015000
1188952620,2.014900,2.015000,2.014900,2.015000
1188952680,2.015100,2.015100,2.015100,2.015100
1188952740,2.015200,2.015200,2.015200,2.015200
1188952800,2.015100,2.015200,2.015000,2.015100
1188952860,2.015000,2.015000,2.015000,2.015000
1188953100,2.015100,2.015100,2.015100,2.015100
1188953160,2.015000,2.015000,2.015000,2.015000
1188953340,2.015100,2.015300,2.015100,2.015300
1188953400,2.015200,2.015200,2.015000,2.015000
1188953520,2.015100,2.015200,2.015100,2.015100
1188953580,2.015200,2.015300,2.015200,2.015200
1188953640,2.015300,2.015300,2.015100,2.015100
1188953700,2.015200,2.015300,2.015100,2.015200
1188953760,2.015300,2.015500,2.015200,2.015200
1188953820,2.015300,2.015400,2.015300,2.015300
1188953880,2.015400,2.015400,2.015300,2.015400
1188953940,2.015300,2.015300,2.015200,2.015300
1188954000,2.015400,2.015400,2.015300,2.015300
1188954120,2.015400,2.015400,2.015300,2.015300
1188954300,2.015400,2.015400,2.015400,2.015400
1188954360,2.015300,2.015400,2.015300,2.015400
1188954540,2.015300,2.015400,2.015300,2.015400
1188954600,2.015300,2.015400,2.015300,2.015300
1188954660,2.015400,2.015400,2.015300,2.015400
1188954720,2.015300,2.015300,2.015300,2.015300
1188954780,2.015400,2.015500,2.015400,2.015500
1188954840,2.015700,2.015800,2.015700,2.015800
1188954900,2.015700,2.015700,2.015700,2.015700
1188954960,2.015800,2.015800,2.015700,2.015700
1188955020,2.015800,2.015900,2.015800,2.015900
1188955080,2.015800,2.015900,2.015700,2.015700
1188955140,2.015800,2.015800,2.015700,2.015800
1188955200,2.015900,2.016000,2.015900,2.016000
1188955440,2.015900,2.016000,2.015900,2.015900
1188955500,2.015800,2.015900,2.015800,2.015900
1188955620,2.016000,2.016200,2.016000,2.016200
1188955680,2.016300,2.016400,2.016300,2.016300
1188955740,2.016200,2.016200,2.016000,2.016000
1188955860,2.015900,2.015900,2.015800,2.015800
1188955920,2.015700,2.015800,2.015700,2.015700
1188955980,2.015600,2.015900,2.015600,2.015800
1188956040,2.015900,2.015900,2.015800,2.015900
1188956160,2.015800,2.016100,2.015800,2.016000
1188956220,2.016100,2.016100,2.016100,2.016100
1188956400,2.016000,2.016100,2.015900,2.016100
1188956460,2.016000,2.016000,2.016000,2.016000
1188956580,2.015900,2.016000,2.015900,2.016000
1188956640,2.016100,2.016100,2.016100,2.016100
1188956700,2.016000,2.016000,2.016000,2.016000
1188956940,2.016100,2.016200,2.016100,2.016200
1188957000,2.016100,2.016200,2.016100,2.016200
1188957060,2.016100,2.016200,2.016100,2.016100
1188957180,2.016200,2.016200,2.016200,2.016200
1188957300,2.016300,2.016300,2.016100,2.016100
1188957360,2.016200,2.016200,2.016100,2.016100
1188957420,2.016000,2.016000,2.016000,2.016000
1188957600,2.015900,2.016000,2.015900,2.016000
1188957660,2.015800,2.015800,2.015800,2.015800
1188957720,2.015900,2.016100,2.015800,2.015900
1188957780,2.016000,2.016000,2.015800,2.015800
1188957840,2.015900,2.015900,2.015400,2.015500
1188957900,2.015300,2.015400,2.015000,2.015000
1188957960,2.015100,2.015400,2.015000,2.015300
1188958080,2.015400,2.015500,2.015400,2.015500
1188958140,2.015600,2.015700,2.015600,2.015600
1188958200,2.015500,2.015500,2.015500,2.015500
1188958260,2.015600,2.015600,2.015500,2.015600
1188958320,2.015700,2.015700,2.015600,2.015700
1188958380,2.015800,2.015800,2.015700,2.015700
1188958440,2.015800,2.015800,2.015600,2.015600
1188958500,2.015700,2.015800,2.015500,2.015700
1188958560,2.015800,2.016000,2.015700,2.015800
1188958620,2.015900,2.015900,2.015800,2.015800
1188958680,2.015900,2.015900,2.015800,2.015900
1188958740,2.015800,2.015800,2.015700,2.015800
1188958860,2.015700,2.015700,2.015700,2.015700
1188958920,2.015800,2.015900,2.015800,2.015900
1188958980,2.016000,2.016000,2.015800,2.015900
1188959160,2.015800,2.015800,2.015800,2.015800
1188959220,2.015900,2.015900,2.015800,2.015800
1188959280,2.015700,2.015800,2.015700,2.015700
1188959580,2.015600,2.015600,2.015400,2.015400
1188959640,2.015300,2.015400,2.015200,2.015300
1188959700,2.015200,2.015300,2.015200,2.015200
1188959760,2.015300,2.015300,2.015100,2.015100
1188959820,2.015200,2.015200,2.015200,2.015200
1188959880,2.015100,2.015800,2.015100,2.015700
1188960000,2.015800,2.015800,2.015600,2.015700
1188960240,2.015800,2.016200,2.015800,2.016100
1188960300,2.016000,2.016000,2.015800,2.015800
1188960840,2.015700,2.015700,2.015100,2.015100
1188960900,2.015000,2.015000,2.015000,2.015000
1188961080,2.014900,2.014900,2.014100,2.014100
1188961260,2.013600,2.013600,2.013600,2.013600
1188961380,2.013600,2.014000,2.013600,2.013900
1188961440,2.014000,2.014100,2.014000,2.014000
1188961500,2.014100,2.014200,2.014100,2.014200
1188961560,2.014400,2.015000,2.014400,2.014900
1188961620,2.014800,2.014800,2.014700,2.014700
1188961680,2.014800,2.014900,2.014800,2.014800
1188961740,2.014900,2.015000,2.014600,2.014700
1188961800,2.014800,2.014900,2.014500,2.014600
1188961860,2.014500,2.014500,2.014500,2.014500
1188961920,2.014600,2.014800,2.014600,2.014700
1188962040,2.014600,2.014700,2.014600,2.014600
1188962100,2.014700,2.014700,2.014700,2.014700
1188962160,2.014600,2.014600,2.014500,2.014500
1188962280,2.014400,2.014400,2.014300,2.014300
1188962340,2.014400,2.014500,2.014300,2.014300
1188962520,2.014400,2.014400,2.013900,2.014100
1188962580,2.014200,2.014200,2.014200,2.014200
1188962640,2.014100,2.014100,2.014100,2.014100
1188963300,2.014200,2.014200,2.014100,2.014100
1188963360,2.014200,2.014200,2.014100,2.014100
1188963420,2.014000,2.014000,2.014000,2.014000
1188963480,2.014100,2.014100,2.014100,2.014100
1188963600,2.014000,2.014100,2.014000,2.014100
1188963720,2.014200,2.014200,2.014200,2.014200
1188963840,2.014300,2.014300,2.014200,2.014200
1188963900,2.014100,2.014200,2.014100,2.014200
1188963960,2.014000,2.014200,2.014000,2.014200
1188964080,2.014300,2.014300,2.014300,2.014300
1188964140,2.014400,2.014400,2.014400,2.014400
1188964200,2.014300,2.014700,2.014300,2.014600
1188964260,2.014700,2.014700,2.014600,2.014600
1188964320,2.014700,2.015000,2.014700,2.014800
1188964380,2.014700,2.014800,2.014700,2.014800
1188964440,2.014700,2.014700,2.014600,2.014700
1188964500,2.014800,2.014800,2.014600,2.014600
1188964560,2.014500,2.014500,2.014500,2.014500
1188964620,2.014400,2.014400,2.014400,2.014400
1188964680,2.014500,2.014700,2.014500,2.014600
1188964740,2.014500,2.014600,2.014400,2.014600
