time,open,high,low,close
1471838400,0.964090,0.964150,0.964090,0.964140
1471838460,0.964090,0.964120,0.963990,0.963990
1471838520,0.963950,0.963950,0.963800,0.963800
1471838580,0.963800,0.963820,0.963800,0.963820
1471838640,0.963770,0.963780,0.963750,0.963770
1471838700,0.963770,0.963770,0.963750,0.963770
1471838760,0.963770,0.963810,0.963770,0.963780
1471838820,0.963770,0.963820,0.963770,0.963800
1471838880,0.963800,0.963830,0.963800,0.963830
1471838940,0.963830,0.963830,0.963770,0.963820
1471839000,0.963820,0.963820,0.963770,0.963770
1471839060,0.963760,0.963770,0.963760,0.963770
1471839120,0.963780,0.963810,0.963770,0.963810
1471839180,0.963810,0.963810,0.963790,0.963790
1471839240,0.963790,0.963790,0.963660,0.963660
1471839300,0.963660,0.963680,0.963500,0.963560
1471839360,0.963600,0.963680,0.963600,0.963660
1471839420,0.963700,0.963740,0.963690,0.963690
1471839480,0.963690,0.963720,0.963650,0.963720
1471839540,0.963730,0.963750,0.963710,0.963720
1471839600,0.963710,0.963740,0.963700,0.963740
1471839660,0.963680,0.963720,0.963680,0.963710
1471839720,0.963700,0.963700,0.963680,0.963680
1471839780,0.963690,0.963690,0.963680,0.963680
1471839840,0.963690,0.963690,0.963690,0.963690
1471839900,0.963680,0.963690,0.963680,0.963680
1471839960,0.963690,0.963690,0.963680,0.963680
1471840080,0.963670,0.963670,0.963670,0.963670
1471840140,0.963670,0.963690,0.963670,0.963690
1471840200,0.963690,0.963690,0.963590,0.963590
1471840260,0.963590,0.963590,0.963580,0.963580
1471840320,0.963560,0.963560,0.963550,0.963550
1471840380,0.963580,0.963610,0.963560,0.963560
1471840440,0.963550,0.963550,0.963530,0.963530
1471840500,0.963530,0.963620,0.963530,0.963570
1471840560,0.963570,0.963690,0.963570,0.963690
1471840620,0.963660,0.963660,0.963640,0.963640
1471840680,0.963610,0.963610,0.963600,0.963610
1471840740,0.963600,0.963640,0.963590,0.963640
1471840800,0.963640,0.963710,0.963640,0.963710
1471840860,0.963710,0.963710,0.963640,0.963670
1471840920,0.963690,0.963720,0.963690,0.963690
1471840980,0.963690,0.963690,0.963640,0.963640
1471841040,0.963640,0.963670,0.963640,0.963670
1471841100,0.963670,0.963720,0.963670,0.963720
1471841160,0.963720,0.963750,0.963690,0.963750
1471841220,0.963760,0.963760,0.963740,0.963760
1471841280,0.963740,0.963770,0.963740,0.963760
1471841340,0.963740,0.963790,0.963720,0.963790
1471841400,0.963810,0.963810,0.963790,0.963790
1471841460,0.963800,0.963800,0.963720,0.963720
1471841520,0.963720,0.963720,0.963690,0.963690
1471841580,0.963700,0.963770,0.963690,0.963750
1471841640,0.963770,0.963800,0.963770,0.963800
1471841700,0.963810,0.963890,0.963810,0.963870
1471841760,0.963880,0.963880,0.963840,0.963840
1471841820,0.963850,0.963860,0.963840,0.963860
1471841880,0.963860,0.963860,0.963820,0.963850
1471841940,0.963830,0.963830,0.963750,0.963750
1471842000,0.963760,0.963770,0.963750,0.963770
1471842060,0.963760,0.963830,0.963760,0.963820
1471842120,0.963830,0.963890,0.963830,0.963890
1471842180,0.963920,0.963920,0.963840,0.963870
1471842240,0.963870,0.963870,0.963850,0.963850
1471842300,0.963860,0.963890,0.963810,0.963820
1471842360,0.963820,0.963880,0.963820,0.963880
1471842420,0.963890,0.964040,0.963890,0.964030
1471842480,0.964020,0.964040,0.963960,0.963970
1471842540,0.963990,0.964030,0.963940,0.963950
1471842600,0.963960,0.963970,0.963890,0.963910
1471842660,0.963910,0.963910,0.963870,0.963900
1471842720,0.963920,0.963930,0.963900,0.963920
1471842780,0.963920,0.964000,0.963920,0.963990
1471842840,0.963980,0.964090,0.963980,0.964070
1471842900,0.964040,0.964120,0.964040,0.964060
1471842960,0.964070,0.964110,0.964060,0.964110
1471843020,0.964090,0.964090,0.964060,0.964060
1471843080,0.964100,0.964100,0.964060,0.964090
1471843140,0.964090,0.964090,0.964040,0.964040
1471843200,0.964020,0.964070,0.964010,0.964050
1471843260,0.964040,0.964050,0.964010,0.964010
1471843320,0.963990,0.964060,0.963990,0.964050
1471843380,0.964050,0.964090,0.963990,0.964090
1471843440,0.964060,0.964070,0.963990,0.964040
1471843500,0.964050,0.964140,0.964050,0.964140
1471843560,0.964140,0.964140,0.964040,0.964050
1471843620,0.964070,0.964070,0.964040,0.964050
1471843680,0.964050,0.964100,0.964040,0.964050
1471843740,0.964070,0.964090,0.964050,0.964060
1471843800,0.964050,0.964150,0.964050,0.964140
1471843860,0.964140,0.964210,0.964140,0.964170
1471843920,0.964180,0.964190,0.964170,0.964180
1471843980,0.964180,0.964180,0.964160,0.964170
1471844040,0.964170,0.964180,0.964130,0.964180
1471844100,0.964170,0.964220,0.964170,0.964190
1471844160,0.964200,0.964350,0.964200,0.964350
1471844220,0.964340,0.964360,0.964280,0.964280
1471844280,0.964270,0.964270,0.964220,0.964230
1471844340,0.964220,0.964220,0.964190,0.964190
1471844400,0.964200,0.964300,0.964200,0.964240
1471844460,0.964260,0.964330,0.964210,0.964210
1471844520,0.964210,0.964210,0.964150,0.964170
1471844580,0.964160,0.964180,0.964160,0.964170
1471844640,0.964140,0.964140,0.964140,0.964140
1471844700,0.964140,0.964240,0.964140,0.964150
1471844760,0.964140,0.964190,0.964080,0.964150
1471844820,0.964130,0.964200,0.964090,0.964200
1471844880,0.964220,0.964330,0.964220,0.964300
1471844940,0.964280,0.964310,0.964230,0.964310
1471845000,0.964290,0.964290,0.964250,0.964260
1471845060,0.964250,0.964260,0.964240,0.964260
1471845120,0.964380,0.964430,0.964350,0.964420
1471845180,0.964400,0.964400,0.964350,0.964350
1471845240,0.964320,0.964600,0.964300,0.964560
1471845300,0.964550,0.964580,0.964450,0.964460
1471845360,0.964470,0.964490,0.964450,0.964460
1471845420,0.964480,0.964600,0.964480,0.964550
1471845480,0.964570,0.964570,0.964530,0.964550
1471845540,0.964560,0.964560,0.964470,0.964550
1471845600,0.964550,0.964550,0.964230,0.964250
1471845660,0.964250,0.964250,0.964050,0.964080
1471845720,0.964060,0.964080,0.963900,0.963900
1471845780,0.963900,0.963900,0.963750,0.963780
1471845840,0.963790,0.964170,0.963780,0.964160
1471845900,0.964150,0.964260,0.963970,0.964110
1471845960,0.964100,0.964110,0.964010,0.964060
1471846020,0.964060,0.964080,0.963950,0.963970
1471846080,0.963980,0.964000,0.963940,0.963940
1471846140,0.963920,0.963920,0.963840,0.963900
1471846200,0.963900,0.964080,0.963900,0.964080
1471846260,0.964060,0.964060,0.963920,0.963950
1471846320,0.963950,0.963980,0.963900,0.963920
1471846380,0.963920,0.963920,0.963800,0.963820
1471846440,0.963810,0.963810,0.963740,0.963790
1471846500,0.963810,0.963860,0.963790,0.963820
1471846560,0.963830,0.963880,0.963780,0.963780
1471846620,0.963800,0.963800,0.963720,0.963720
1471846680,0.963740,0.963810,0.963740,0.963790
1471846740,0.963790,0.963850,0.963790,0.963820
1471846800,0.963840,0.963890,0.963840,0.963880
1471846860,0.963880,0.964060,0.963880,0.963960
1471846920,0.963960,0.964030,0.963800,0.964030
1471846980,0.964020,0.964320,0.963970,0.964260
1471847040,0.964240,0.964370,0.964200,0.964320
1471847100,0.964320,0.964410,0.964240,0.964410
1471847160,0.964410,0.964430,0.964300,0.964370
1471847220,0.964360,0.964360,0.964220,0.964320
1471847280,0.964340,0.964490,0.964340,0.964420
1471847340,0.964420,0.964420,0.964290,0.964310
1471847400,0.964320,0.964500,0.964260,0.964480
1471847460,0.964500,0.964510,0.964370,0.964460
1471847520,0.964460,0.964460,0.964340,0.964350
1471847580,0.964330,0.964330,0.964240,0.964240
1471847640,0.964230,0.964230,0.964160,0.964170
1471847700,0.964170,0.964170,0.963980,0.964060
1471847760,0.964070,0.964070,0.963920,0.963970
1471847820,0.964010,0.964060,0.964010,0.964030
1471847880,0.964040,0.964080,0.963980,0.964010
1471847940,0.964010,0.964050,0.964000,0.964010
1471848000,0.964020,0.964020,0.963930,0.963970
1471848060,0.963960,0.963970,0.963630,0.963630
1471848120,0.963620,0.963700,0.963600,0.963670
1471848180,0.963700,0.963750,0.963620,0.963620
1471848240,0.963630,0.963670,0.963620,0.963670
1471848300,0.963660,0.963750,0.963650,0.963700
1471848360,0.963690,0.963730,0.963690,0.963710
1471848420,0.963730,0.963840,0.963730,0.963790
1471848480,0.963810,0.963910,0.963810,0.963900
1471848540,0.963900,0.963940,0.963900,0.963910
1471848600,0.963900,0.963900,0.963800,0.963800
1471848660,0.963800,0.963810,0.963780,0.963810
1471848720,0.963810,0.963810,0.963790,0.963790
1471848780,0.963790,0.963810,0.963750,0.963790
1471848840,0.963810,0.963840,0.963740,0.963770
1471848900,0.963770,0.963800,0.963750,0.963780
1471848960,0.963780,0.963880,0.963750,0.963750
1471849020,0.963740,0.963750,0.963620,0.963650
1471849080,0.963660,0.963660,0.963600,0.963600
1471849140,0.963590,0.963790,0.963470,0.963790
1471849200,0.963800,0.963840,0.963560,0.963580
1471849260,0.963570,0.963630,0.963320,0.963610
1471849320,0.963610,0.963730,0.963560,0.963700
1471849380,0.963730,0.963830,0.963630,0.963810
1471849440,0.963820,0.963890,0.963820,0.963820
1471849500,0.963800,0.963800,0.963700,0.963700
1471849560,0.963680,0.963680,0.963230,0.963350
1471849620,0.963360,0.963380,0.963130,0.963320
1471849680,0.963300,0.963690,0.963220,0.963690
1471849740,0.963680,0.963690,0.963450,0.963450
1471849800,0.963450,0.963510,0.963360,0.963510
1471849860,0.963510,0.963630,0.963510,0.963550
1471849920,0.963550,0.963550,0.963040,0.963080
1471849980,0.963060,0.963180,0.962990,0.963180
1471850040,0.963170,0.963300,0.963140,0.963270
1471850100,0.963250,0.963360,0.963190,0.963300
1471850160,0.963310,0.963390,0.963260,0.963330
1471850220,0.963310,0.963460,0.963300,0.963350
1471850280,0.963330,0.963610,0.963320,0.963610
1471850340,0.963610,0.963610,0.963540,0.963600
1471850400,0.963610,0.963820,0.963590,0.963820
1471850460,0.963820,0.963890,0.963750,0.963750
1471850520,0.963750,0.963890,0.963710,0.963890
1471850580,0.963860,0.964050,0.963790,0.964030
1471850640,0.964020,0.964060,0.963940,0.963970
1471850700,0.963990,0.964050,0.963980,0.964050
1471850760,0.964030,0.964080,0.963990,0.963990
1471850820,0.964000,0.964090,0.963800,0.964070
1471850880,0.964050,0.964070,0.963940,0.963990
1471850940,0.963940,0.963940,0.963540,0.963730
1471851000,0.963730,0.964010,0.963710,0.963990
1471851060,0.964030,0.964190,0.964030,0.964190
1471851120,0.964210,0.964390,0.964210,0.964390
1471851180,0.964380,0.964630,0.964380,0.964630
1471851240,0.964640,0.964640,0.964520,0.964540
1471851300,0.964550,0.964640,0.964350,0.964350
1471851360,0.964330,0.964450,0.964240,0.964450
1471851420,0.964440,0.964460,0.964290,0.964460
1471851480,0.964460,0.964550,0.964380,0.964460
1471851540,0.964460,0.964730,0.964420,0.964710
1471851600,0.964770,0.964770,0.964530,0.964530
1471851660,0.964530,0.964580,0.964240,0.964240
1471851720,0.964260,0.964260,0.964160,0.964170
1471851780,0.964170,0.964170,0.963930,0.964150
1471851840,0.964130,0.964270,0.964060,0.964230
1471851900,0.964210,0.964210,0.963970,0.963970
1471851960,0.963980,0.964070,0.963970,0.963970
1471852020,0.963960,0.964020,0.963960,0.964000
1471852080,0.964050,0.964150,0.963990,0.964150
1471852140,0.964160,0.964210,0.964150,0.964210
1471852200,0.964210,0.964210,0.964120,0.964120
1471852260,0.964090,0.964280,0.964090,0.964200
1471852320,0.964220,0.964310,0.964130,0.964290
1471852380,0.964300,0.964320,0.964240,0.964240
1471852440,0.964250,0.964350,0.964250,0.964340
1471852500,0.964340,0.964520,0.964340,0.964450
1471852560,0.964450,0.964480,0.964290,0.964310
1471852620,0.964300,0.964360,0.964220,0.964350
1471852680,0.964350,0.964350,0.964190,0.964260
1471852740,0.964250,0.964580,0.964220,0.964380
1471852800,0.964360,0.964380,0.964360,0.964360
1471852860,0.964360,0.964370,0.964270,0.964310
1471852920,0.964320,0.964430,0.964320,0.964360
1471852980,0.964350,0.964380,0.964320,0.964350
1471853040,0.964330,0.964350,0.964250,0.964340
1471853100,0.964350,0.964410,0.964340,0.964380
1471853160,0.964370,0.964390,0.964260,0.964360
1471853220,0.964350,0.964390,0.964330,0.964350
1471853280,0.964330,0.964350,0.964250,0.964330
1471853340,0.964310,0.964350,0.964200,0.964330
1471853400,0.964350,0.964360,0.964330,0.964340
1471853460,0.964350,0.964360,0.964340,0.964340
1471853520,0.964350,0.964350,0.964280,0.964300
1471853580,0.964310,0.964350,0.964230,0.964320
1471853640,0.964310,0.964520,0.964310,0.964520
1471853700,0.964500,0.964590,0.964440,0.964450
1471853760,0.964460,0.964600,0.964460,0.964520
1471853820,0.964530,0.964530,0.964450,0.964510
1471853880,0.964500,0.964550,0.964500,0.964530
1471853940,0.964510,0.964510,0.964430,0.964440
1471854000,0.964440,0.964470,0.964430,0.964450
1471854060,0.964470,0.964470,0.964340,0.964340
1471854120,0.964350,0.964350,0.964240,0.964250
1471854180,0.964240,0.964290,0.964100,0.964150
1471854240,0.964090,0.964110,0.963990,0.963990
1471854300,0.963970,0.964060,0.963960,0.964050
1471854360,0.964050,0.964150,0.963960,0.963980
1471854420,0.964000,0.964060,0.963980,0.964050
1471854480,0.964030,0.964150,0.964010,0.964140
1471854540,0.964110,0.964140,0.964100,0.964100
1471854600,0.964100,0.964100,0.964080,0.964080
1471854660,0.964100,0.964100,0.964080,0.964100
1471854720,0.964140,0.964240,0.964050,0.964050
1471854780,0.964050,0.964430,0.964050,0.964430
1471854840,0.964450,0.964680,0.964450,0.964680
1471854900,0.964660,0.964660,0.964540,0.964580
1471854960,0.964590,0.964620,0.964520,0.964520
1471855020,0.964520,0.964630,0.964430,0.964630
1471855080,0.964660,0.964710,0.964460,0.964470
1471855140,0.964490,0.964490,0.964410,0.964430
1471855200,0.964430,0.964500,0.964430,0.964430
1471855260,0.964410,0.964410,0.964330,0.964390
1471855320,0.964380,0.964850,0.964370,0.964770
1471855380,0.964780,0.964780,0.963790,0.963970
1471855440,0.963970,0.964360,0.963940,0.964350
1471855500,0.964310,0.964380,0.964250,0.964370
1471855560,0.964390,0.964390,0.964260,0.964260
1471855620,0.964280,0.964280,0.964060,0.964120
1471855680,0.964110,0.964110,0.963950,0.964050
1471855740,0.964050,0.964150,0.963900,0.963900
1471855800,0.963910,0.963930,0.963750,0.963840
1471855860,0.963870,0.963880,0.963750,0.963790
1471855920,0.963790,0.963790,0.963600,0.963730
1471855980,0.963720,0.963720,0.963410,0.963500
1471856040,0.963530,0.963590,0.963450,0.963450
1471856100,0.963450,0.963500,0.963330,0.963330
1471856160,0.963310,0.963340,0.963250,0.963310
1471856220,0.963300,0.963300,0.963150,0.963150
1471856280,0.963160,0.963160,0.962940,0.963040
1471856340,0.963020,0.963060,0.962880,0.962880
1471856400,0.962900,0.962920,0.962850,0.962920
1471856460,0.962950,0.962980,0.962020,0.962100
1471856520,0.962100,0.962300,0.962050,0.962260
1471856580,0.962270,0.962310,0.962040,0.962110
1471856640,0.962080,0.962510,0.961990,0.962510
1471856700,0.962510,0.962640,0.962450,0.962480
1471856760,0.962480,0.962560,0.962400,0.962560
1471856820,0.962580,0.962630,0.962520,0.962520
1471856880,0.962530,0.962530,0.962340,0.962450
1471856940,0.962470,0.962530,0.962440,0.962530
1471857000,0.962570,0.962570,0.962430,0.962450
1471857060,0.962430,0.962510,0.962360,0.962500
1471857120,0.962510,0.962580,0.962440,0.962540
1471857180,0.962570,0.962810,0.962570,0.962790
1471857240,0.962780,0.962780,0.962680,0.962760
1471857300,0.962740,0.962760,0.962700,0.962720
1471857360,0.962710,0.962810,0.962690,0.962690
1471857420,0.962690,0.962690,0.962590,0.962590
1471857480,0.962590,0.962660,0.962500,0.962500
1471857540,0.962510,0.962560,0.962420,0.962460
1471857600,0.962440,0.962440,0.962240,0.962250
1471857660,0.962250,0.962340,0.962020,0.962340
1471857720,0.962360,0.962510,0.962310,0.962390
1471857780,0.962380,0.962400,0.962340,0.962340
1471857840,0.962350,0.962670,0.962350,0.962620
1471857900,0.962610,0.962950,0.962610,0.962700
1471857960,0.962680,0.962690,0.962610,0.962610
1471858020,0.962620,0.962680,0.962590,0.962680
1471858080,0.962700,0.962700,0.962600,0.962620
1471858140,0.962600,0.962620,0.962480,0.962620
1471858200,0.962620,0.962820,0.962620,0.962820
1471858260,0.962820,0.962860,0.962820,0.962860
1471858320,0.962860,0.962990,0.962860,0.962970
1471858380,0.962990,0.962990,0.962990,0.962990
1471858440,0.962990,0.963070,0.962970,0.963050
1471858500,0.963050,0.963100,0.963050,0.963070
1471858560,0.963070,0.963120,0.962950,0.962970
1471858620,0.962970,0.962990,0.962880,0.962950
1471858680,0.962930,0.962930,0.962870,0.962890
1471858740,0.962920,0.962930,0.962820,0.962820
1471858800,0.962820,0.962880,0.962800,0.962880
1471858860,0.962860,0.962880,0.962810,0.962810
1471858920,0.962820,0.962840,0.962680,0.962760
1471858980,0.962760,0.962960,0.962760,0.962960
1471859040,0.962960,0.963030,0.962960,0.962960
1471859100,0.962960,0.963120,0.962960,0.963120
1471859160,0.963130,0.963150,0.963070,0.963130
1471859220,0.963130,0.963130,0.963070,0.963080
1471859280,0.963080,0.963080,0.962960,0.962960
1471859340,0.962950,0.962950,0.962890,0.962890
1471859400,0.962870,0.962940,0.962790,0.962940
1471859460,0.962960,0.963070,0.962960,0.963050
1471859520,0.963040,0.963050,0.962930,0.962930
1471859580,0.962950,0.963000,0.962940,0.962970
1471859640,0.962950,0.962950,0.962890,0.962890
1471859700,0.962890,0.963070,0.962870,0.963060
1471859760,0.963060,0.963190,0.963060,0.963180
1471859820,0.963200,0.963310,0.963200,0.963250
1471859880,0.963250,0.963250,0.963160,0.963240
1471859940,0.963230,0.963230,0.962980,0.963020
1471860000,0.963030,0.963070,0.963000,0.963070
1471860060,0.963080,0.963140,0.962990,0.963050
1471860120,0.963050,0.963110,0.963050,0.963060
1471860180,0.963040,0.963090,0.962980,0.963060
1471860240,0.963060,0.963070,0.963050,0.963050
1471860300,0.963050,0.963050,0.963030,0.963040
1471860360,0.963060,0.963060,0.963030,0.963030
1471860420,0.963030,0.963060,0.962970,0.963050
1471860480,0.963050,0.963050,0.962970,0.963050
1471860540,0.963040,0.963050,0.962980,0.963050
1471860600,0.963090,0.963190,0.963090,0.963190
1471860660,0.963190,0.963190,0.963140,0.963140
1471860720,0.963140,0.963180,0.963140,0.963180
1471860780,0.963180,0.963190,0.963140,0.963190
1471860840,0.963190,0.963270,0.963190,0.963250
1471860900,0.963250,0.963250,0.963080,0.963100
1471860960,0.963070,0.963190,0.963070,0.963190
1471861020,0.963190,0.963320,0.963190,0.963300
1471861080,0.963300,0.963350,0.963300,0.963350
1471861140,0.963340,0.963380,0.963310,0.963360
1471861200,0.963360,0.963400,0.963260,0.963260
1471861260,0.963270,0.963280,0.962990,0.963150
1471861320,0.963170,0.963170,0.963120,0.963120
1471861380,0.963130,0.963210,0.963130,0.963190
1471861440,0.963190,0.963190,0.963100,0.963100
1471861500,0.963100,0.963190,0.963100,0.963190
1471861560,0.963200,0.963200,0.963170,0.963170
1471861620,0.963150,0.963150,0.963130,0.963130
1471861680,0.963150,0.963220,0.963150,0.963210
1471861740,0.963220,0.963230,0.963220,0.963230
1471861800,0.963240,0.963320,0.963240,0.963320
1471861860,0.963290,0.963540,0.963140,0.963540
1471861920,0.963540,0.963560,0.963260,0.963260
1471861980,0.963260,0.963260,0.963240,0.963240
1471862040,0.963270,0.963300,0.963270,0.963300
1471862100,0.963320,0.963350,0.963320,0.963320
1471862160,0.963320,0.963400,0.963320,0.963330
1471862220,0.963330,0.963330,0.963250,0.963250
1471862280,0.963250,0.963380,0.963230,0.963380
1471862340,0.963360,0.963370,0.963340,0.963340
1471862400,0.963310,0.963330,0.963260,0.963300
1471862460,0.963310,0.963320,0.963310,0.963310
1471862520,0.963290,0.963310,0.963230,0.963290
1471862580,0.963270,0.963330,0.963230,0.963290
1471862640,0.963260,0.963310,0.963250,0.963290
1471862700,0.963310,0.963310,0.963290,0.963290
1471862760,0.963260,0.963320,0.963250,0.963320
1471862820,0.963310,0.963400,0.963300,0.963320
1471862880,0.963310,0.963310,0.963290,0.963310
1471862940,0.963310,0.963360,0.963300,0.963320
1471863000,0.963330,0.963390,0.963330,0.963390
1471863060,0.963410,0.963430,0.963400,0.963430
1471863120,0.963410,0.963410,0.963370,0.963370
1471863180,0.963380,0.963390,0.963350,0.963390
1471863240,0.963390,0.963390,0.963350,0.963390
1471863300,0.963430,0.963470,0.963410,0.963410
1471863360,0.963410,0.963410,0.963360,0.963360
1471863420,0.963360,0.963410,0.963360,0.963410
1471863480,0.963440,0.963450,0.963440,0.963440
1471863540,0.963440,0.963440,0.963400,0.963420
1471863600,0.963420,0.963440,0.963310,0.963310
1471863660,0.963310,0.963380,0.963220,0.963310
1471863720,0.963310,0.963330,0.962950,0.963160
1471863780,0.963160,0.963170,0.962970,0.962970
1471863840,0.962970,0.963000,0.962900,0.963000
1471863900,0.962990,0.963010,0.962910,0.962990
1471863960,0.963010,0.963030,0.962940,0.962950
1471864020,0.962950,0.962970,0.962930,0.962930
1471864080,0.962920,0.962920,0.962840,0.962870
1471864140,0.962880,0.962920,0.962870,0.962900
1471864200,0.962880,0.962890,0.962850,0.962870
1471864260,0.962860,0.962860,0.962860,0.962860
1471864320,0.962860,0.962920,0.962830,0.962920
1471864380,0.962930,0.963010,0.962910,0.962960
1471864440,0.962960,0.963020,0.962960,0.963020
1471864500,0.963030,0.963030,0.963030,0.963030
1471864560,0.963030,0.963040,0.962950,0.962950
1471864620,0.962950,0.962950,0.962850,0.962850
1471864680,0.962820,0.962820,0.962770,0.962770
1471864740,0.962770,0.962770,0.962750,0.962750
1471864800,0.962750,0.962750,0.962560,0.962650
1471864860,0.962640,0.962650,0.962640,0.962640
1471864920,0.962650,0.962740,0.962630,0.962740
1471864980,0.962750,0.962760,0.962740,0.962740
1471865040,0.962750,0.962750,0.962750,0.962750
1471865100,0.962750,0.962770,0.962750,0.962750
1471865160,0.962760,0.962760,0.962710,0.962710
1471865220,0.962700,0.962770,0.962700,0.962770
1471865280,0.962780,0.962850,0.962760,0.962770
1471865340,0.962770,0.962780,0.962760,0.962780
1471865400,0.962840,0.962870,0.962760,0.962770
1471865460,0.962780,0.962780,0.962710,0.962760
1471865520,0.962780,0.962840,0.962770,0.962820
1471865580,0.962810,0.962820,0.962760,0.962760
1471865640,0.962780,0.962780,0.962770,0.962770
1471865700,0.962760,0.962840,0.962750,0.962840
1471865760,0.962820,0.962820,0.962750,0.962750
1471865820,0.962780,0.962810,0.962760,0.962760
1471865880,0.962730,0.962730,0.962630,0.962630
1471865940,0.962630,0.962630,0.962530,0.962560
1471866000,0.962560,0.962660,0.962560,0.962660
1471866060,0.962660,0.962760,0.962660,0.962660
1471866120,0.962650,0.962660,0.962590,0.962640
1471866180,0.962630,0.962640,0.962630,0.962640
1471866240,0.962650,0.962730,0.962550,0.962610
1471866300,0.962630,0.962770,0.962630,0.962770
1471866360,0.962790,0.962850,0.962750,0.962830
1471866420,0.962840,0.962860,0.962840,0.962860
1471866480,0.962850,0.962940,0.962850,0.962940
1471866540,0.962940,0.963120,0.962940,0.963120
1471866600,0.963130,0.963150,0.962970,0.962970
1471866660,0.962970,0.963050,0.962960,0.963030
1471866720,0.963020,0.963070,0.963010,0.963030
1471866780,0.963040,0.963120,0.963030,0.963100
1471866840,0.963090,0.963110,0.963040,0.963060
1471866900,0.963050,0.963060,0.962940,0.962940
1471866960,0.962940,0.962960,0.962920,0.962920
1471867020,0.962920,0.962930,0.962860,0.962930
1471867080,0.962920,0.962930,0.962860,0.962910
1471867140,0.962920,0.963010,0.962910,0.963000
1471867200,0.962980,0.963050,0.962920,0.963040
1471867260,0.963040,0.963140,0.963020,0.963140
1471867320,0.963140,0.963230,0.963140,0.963230
1471867380,0.963260,0.963330,0.963210,0.963330
1471867440,0.963340,0.963480,0.963330,0.963480
1471867500,0.963450,0.963450,0.963150,0.963190
1471867560,0.963170,0.963280,0.963170,0.963210
1471867620,0.963210,0.963280,0.963190,0.963240
1471867680,0.963250,0.963380,0.963250,0.963380
1471867740,0.963370,0.963450,0.963370,0.963380
1471867800,0.963380,0.963410,0.963300,0.963340
1471867860,0.963330,0.963330,0.963230,0.963230
1471867920,0.963230,0.963230,0.963090,0.963130
1471867980,0.963120,0.963130,0.962920,0.962920
1471868040,0.962930,0.962930,0.962830,0.962830
1471868100,0.962830,0.962840,0.962720,0.962790
1471868160,0.962770,0.962930,0.962770,0.962920
1471868220,0.962930,0.962940,0.962860,0.962880
1471868280,0.962870,0.962950,0.962830,0.962920
1471868340,0.962910,0.963090,0.962880,0.963050
1471868400,0.963030,0.963030,0.962810,0.962810
1471868460,0.962820,0.962820,0.962660,0.962660
1471868520,0.962630,0.962660,0.962500,0.962550
1471868580,0.962540,0.962570,0.962520,0.962550
1471868640,0.962530,0.962660,0.962480,0.962500
1471868700,0.962500,0.962570,0.962480,0.962560
1471868760,0.962570,0.962630,0.962510,0.962620
1471868820,0.962600,0.962670,0.962580,0.962670
1471868880,0.962660,0.962690,0.962650,0.962670
1471868940,0.962680,0.962750,0.962640,0.962640
1471869000,0.962620,0.962660,0.962600,0.962640
1471869060,0.962620,0.962650,0.962600,0.962610
1471869120,0.962590,0.962700,0.962570,0.962660
1471869180,0.962660,0.962720,0.962560,0.962720
1471869240,0.962730,0.962830,0.962730,0.962760
1471869300,0.962760,0.962820,0.962670,0.962780
1471869360,0.962790,0.962790,0.962660,0.962670
1471869420,0.962690,0.962730,0.962670,0.962720
1471869480,0.962730,0.962730,0.962570,0.962570
1471869540,0.962620,0.962630,0.962550,0.962550
1471869600,0.962550,0.962550,0.962460,0.962500
1471869660,0.962520,0.962570,0.962450,0.962570
1471869720,0.962580,0.962620,0.962510,0.962540
1471869780,0.962530,0.962570,0.962440,0.962440
1471869840,0.962430,0.962440,0.962210,0.962300
1471869900,0.962290,0.962460,0.962290,0.962430
1471869960,0.962430,0.962430,0.962300,0.962390
1471870020,0.962380,0.962440,0.962360,0.962380
1471870080,0.962370,0.962390,0.962330,0.962370
1471870140,0.962350,0.962350,0.962270,0.962320
1471870200,0.962330,0.962570,0.962330,0.962540
1471870260,0.962500,0.962540,0.962450,0.962460
1471870320,0.962470,0.962470,0.962420,0.962470
1471870380,0.962460,0.962470,0.962410,0.962410
1471870440,0.962410,0.962540,0.962410,0.962510
1471870500,0.962520,0.962550,0.962470,0.962530
1471870560,0.962540,0.962540,0.962400,0.962400
1471870620,0.962390,0.962390,0.962200,0.962200
1471870680,0.962200,0.962260,0.962140,0.962200
1471870740,0.962190,0.962230,0.961990,0.962160
1471870800,0.962150,0.962170,0.962020,0.962020
1471870860,0.962030,0.962040,0.961940,0.961990
1471870920,0.961980,0.962080,0.961980,0.962070
1471870980,0.962070,0.962110,0.962030,0.962110
1471871040,0.962090,0.962100,0.962030,0.962100
1471871100,0.962080,0.962110,0.962030,0.962100
1471871160,0.962110,0.962300,0.962100,0.962270
1471871220,0.962270,0.962470,0.962270,0.962370
1471871280,0.962390,0.962400,0.962180,0.962190
1471871340,0.962210,0.962220,0.961890,0.961920
1471871400,0.961900,0.961970,0.961820,0.961930
1471871460,0.961910,0.961980,0.961910,0.961970
1471871520,0.961980,0.961980,0.961820,0.961860
1471871580,0.961850,0.961870,0.961740,0.961860
1471871640,0.961830,0.961830,0.961660,0.961780
1471871700,0.961800,0.961850,0.961650,0.961730
1471871760,0.961730,0.961850,0.961670,0.961840
1471871820,0.961850,0.961980,0.961830,0.961900
1471871880,0.961920,0.961970,0.961910,0.961920
1471871940,0.961920,0.961930,0.961850,0.961850
1471872000,0.961840,0.961850,0.961800,0.961830
1471872060,0.961830,0.961830,0.961630,0.961650
1471872120,0.961650,0.961710,0.961530,0.961610
1471872180,0.961590,0.961590,0.961500,0.961510
1471872240,0.961510,0.961570,0.961500,0.961500
1471872300,0.961500,0.961760,0.961500,0.961740
1471872360,0.961730,0.961730,0.961570,0.961570
1471872420,0.961610,0.961630,0.961540,0.961540
1471872480,0.961540,0.961540,0.961480,0.961500
1471872540,0.961500,0.961500,0.961330,0.961360
1471872600,0.961380,0.961530,0.961380,0.961440
1471872660,0.961420,0.961470,0.961380,0.961460
1471872720,0.961480,0.961730,0.961440,0.961640
1471872780,0.961650,0.961660,0.961580,0.961630
1471872840,0.961600,0.961750,0.961600,0.961740
1471872900,0.961720,0.961820,0.961700,0.961760
1471872960,0.961770,0.961930,0.961740,0.961850
1471873020,0.961850,0.961920,0.961850,0.961920
1471873080,0.961920,0.961930,0.961910,0.961920
1471873140,0.961910,0.961930,0.961850,0.961850
1471873200,0.961840,0.961910,0.961830,0.961910
1471873260,0.961900,0.962020,0.961860,0.962000
1471873320,0.962010,0.962010,0.961920,0.961950
1471873380,0.961950,0.961950,0.961860,0.961910
1471873440,0.961900,0.962000,0.961870,0.961990
1471873500,0.961990,0.962010,0.961980,0.962010
1471873560,0.962000,0.962020,0.961870,0.961870
1471873620,0.961870,0.961870,0.961750,0.961750
1471873680,0.961760,0.961760,0.961670,0.961680
1471873740,0.961680,0.961680,0.961570,0.961650
1471873800,0.961630,0.961670,0.961570,0.961670
1471873860,0.961670,0.961680,0.961550,0.961670
1471873920,0.961660,0.961660,0.961480,0.961490
1471873980,0.961520,0.961670,0.961520,0.961670
1471874040,0.961660,0.961760,0.961650,0.961750
1471874100,0.961730,0.961750,0.961670,0.961730
1471874160,0.961720,0.961730,0.961640,0.961660
1471874220,0.961670,0.961690,0.961550,0.961650
1471874280,0.961650,0.961760,0.961650,0.961760
1471874340,0.961760,0.961850,0.961760,0.961840
1471874400,0.961860,0.961970,0.961810,0.961940
1471874460,0.961930,0.962030,0.961920,0.961980
1471874520,0.961990,0.962040,0.961940,0.961970
1471874580,0.961980,0.962030,0.961950,0.962030
1471874640,0.962020,0.962020,0.961840,0.961960
1471874700,0.961960,0.962030,0.961930,0.961960
1471874760,0.961950,0.961950,0.961790,0.961850
1471874820,0.961830,0.961910,0.961820,0.961890
1471874880,0.961870,0.961940,0.961850,0.961920
1471874940,0.961900,0.962110,0.961900,0.962090
1471875000,0.962100,0.962130,0.962020,0.962120
1471875060,0.962100,0.962180,0.961930,0.961950
1471875120,0.961950,0.962020,0.961940,0.962000
1471875180,0.962010,0.962080,0.961990,0.962080
1471875240,0.962100,0.962300,0.962090,0.962300
1471875300,0.962300,0.962380,0.962260,0.962260
1471875360,0.962280,0.962300,0.962250,0.962300
1471875420,0.962320,0.962440,0.962320,0.962440
1471875480,0.962440,0.962460,0.962370,0.962460
1471875540,0.962440,0.962520,0.962390,0.962520
1471875600,0.962520,0.962530,0.962490,0.962490
1471875660,0.962490,0.962530,0.962450,0.962530
1471875720,0.962560,0.962580,0.962450,0.962450
1471875780,0.962450,0.962460,0.962420,0.962460
1471875840,0.962440,0.962440,0.962380,0.962430
1471875900,0.962430,0.962460,0.962270,0.962380
1471875960,0.962380,0.962430,0.962380,0.962400
1471876020,0.962400,0.962420,0.962390,0.962420
1471876080,0.962420,0.962490,0.962400,0.962470
1471876140,0.962470,0.962490,0.962410,0.962490
1471876200,0.962460,0.962600,0.962460,0.962570
1471876260,0.962590,0.962590,0.962500,0.962500
1471876320,0.962500,0.962520,0.962480,0.962480
1471876380,0.962470,0.962490,0.962420,0.962460
1471876440,0.962470,0.962470,0.962410,0.962410
1471876500,0.962410,0.962420,0.962320,0.962320
1471876560,0.962310,0.962310,0.962250,0.962280
1471876620,0.962280,0.962280,0.962150,0.962200
1471876680,0.962180,0.962200,0.962120,0.962130
1471876740,0.962130,0.962200,0.962130,0.962160
1471876800,0.962160,0.962200,0.961930,0.961940
1471876860,0.961890,0.961920,0.961790,0.961890
1471876920,0.961870,0.961870,0.961540,0.961540
1471876980,0.961530,0.961620,0.961490,0.961540
1471877040,0.961530,0.961720,0.961520,0.961690
1471877100,0.961690,0.961700,0.961520,0.961670
1471877160,0.961690,0.961720,0.961680,0.961700
1471877220,0.961730,0.961730,0.961680,0.961710
1471877280,0.961710,0.961750,0.961670,0.961740
1471877340,0.961730,0.961740,0.961690,0.961690
1471877400,0.961700,0.961730,0.961650,0.961650
1471877460,0.961660,0.961820,0.961660,0.961800
1471877520,0.961780,0.961780,0.961490,0.961490
1471877580,0.961470,0.961540,0.961160,0.961160
1471877640,0.961140,0.961360,0.961100,0.961360
1471877700,0.961370,0.961480,0.961350,0.961460
1471877760,0.961450,0.961570,0.961340,0.961340
1471877820,0.961360,0.961390,0.961270,0.961270
1471877880,0.961300,0.961320,0.961070,0.961230
1471877940,0.961230,0.961600,0.961230,0.961540
1471878000,0.961560,0.961770,0.961490,0.961540
1471878060,0.961540,0.961550,0.961370,0.961380
1471878120,0.961360,0.961570,0.961320,0.961570
1471878180,0.961590,0.961750,0.961590,0.961750
1471878240,0.961740,0.961810,0.961690,0.961750
1471878300,0.961740,0.961820,0.961590,0.961810
1471878360,0.961800,0.962000,0.961720,0.961980
1471878420,0.961960,0.961990,0.961770,0.961960
1471878480,0.961940,0.961940,0.961650,0.961720
1471878540,0.961710,0.961720,0.961620,0.961630
1471878600,0.961630,0.961630,0.961520,0.961520
1471878660,0.961540,0.961720,0.961540,0.961590
1471878720,0.961610,0.961710,0.961600,0.961710
1471878780,0.961700,0.961750,0.961650,0.961750
1471878840,0.961740,0.961810,0.961710,0.961750
1471878900,0.961760,0.961780,0.961690,0.961730
1471878960,0.961710,0.961850,0.961710,0.961850
1471879020,0.961880,0.961940,0.961740,0.961840
1471879080,0.961820,0.961930,0.961800,0.961800
1471879140,0.961790,0.961910,0.961720,0.961910
1471879200,0.961890,0.961960,0.961540,0.961540
1471879260,0.961590,0.961590,0.961420,0.961470
1471879320,0.961470,0.961540,0.961450,0.961460
1471879380,0.961460,0.961540,0.961400,0.961400
1471879440,0.961400,0.961500,0.961400,0.961500
1471879500,0.961520,0.961810,0.961520,0.961810
1471879560,0.961820,0.961840,0.961720,0.961720
1471879620,0.961710,0.961740,0.961400,0.961400
1471879680,0.961400,0.961550,0.961350,0.961550
1471879740,0.961560,0.961650,0.961530,0.961590
1471879800,0.961630,0.961770,0.961630,0.961710
1471879860,0.961700,0.961730,0.961570,0.961730
1471879920,0.961730,0.961940,0.961730,0.961940
1471879980,0.961920,0.961920,0.961680,0.961760
1471880040,0.961760,0.961830,0.961720,0.961720
1471880100,0.961710,0.961740,0.961680,0.961710
1471880160,0.961710,0.961880,0.961680,0.961880
1471880220,0.961900,0.962070,0.961900,0.962040
1471880280,0.962060,0.962170,0.962060,0.962170
1471880340,0.962170,0.962230,0.962020,0.962090
1471880400,0.962080,0.962100,0.962080,0.962080
1471880460,0.962070,0.962230,0.962000,0.962180
1471880520,0.962180,0.962190,0.962160,0.962160
1471880580,0.962180,0.962190,0.962140,0.962190
1471880640,0.962200,0.962360,0.962200,0.962300
1471880700,0.962300,0.962410,0.962300,0.962370
1471880760,0.962350,0.962370,0.962240,0.962240
1471880820,0.962220,0.962250,0.962150,0.962150
1471880880,0.962150,0.962510,0.962150,0.962480
1471880940,0.962460,0.962570,0.962380,0.962460
1471881000,0.962480,0.962510,0.962420,0.962510
1471881060,0.962510,0.962580,0.962470,0.962550
1471881120,0.962570,0.962770,0.962570,0.962610
1471881180,0.962620,0.962690,0.962580,0.962580
1471881240,0.962580,0.962680,0.962480,0.962480
1471881300,0.962490,0.962530,0.962480,0.962500
1471881360,0.962480,0.962480,0.962380,0.962470
1471881420,0.962480,0.962490,0.962400,0.962400
1471881480,0.962430,0.962550,0.962430,0.962550
1471881540,0.962560,0.962660,0.962530,0.962640
1471881600,0.962630,0.962630,0.962380,0.962380
1471881660,0.962400,0.962490,0.962400,0.962450
1471881720,0.962460,0.962490,0.962460,0.962470
1471881780,0.962460,0.962470,0.962380,0.962380
1471881840,0.962380,0.962380,0.962210,0.962260
1471881900,0.962250,0.962250,0.962060,0.962080
1471881960,0.962060,0.962090,0.961940,0.962010
1471882020,0.962060,0.962060,0.961980,0.961980
1471882080,0.961990,0.962010,0.961980,0.962000
1471882140,0.962020,0.962020,0.961920,0.961920
1471882200,0.961900,0.961900,0.961840,0.961900
1471882260,0.961910,0.961920,0.961910,0.961910
1471882320,0.961910,0.961910,0.961870,0.961890
1471882380,0.961910,0.961910,0.961840,0.961910
1471882440,0.961880,0.962180,0.961880,0.962130
1471882500,0.962160,0.962180,0.962110,0.962120
1471882560,0.962140,0.962140,0.962110,0.962110
1471882620,0.962100,0.962190,0.962100,0.962180
1471882680,0.962170,0.962170,0.962100,0.962100
1471882740,0.962080,0.962110,0.962070,0.962110
1471882800,0.962100,0.962100,0.961970,0.961980
1471882860,0.961990,0.962070,0.961930,0.962020
1471882920,0.962040,0.962300,0.962030,0.962300
1471882980,0.962290,0.962290,0.962180,0.962260
1471883040,0.962280,0.962290,0.962040,0.962050
1471883100,0.962040,0.962120,0.961990,0.962010
1471883160,0.962030,0.962050,0.961930,0.961960
1471883220,0.961980,0.961980,0.961840,0.961840
1471883280,0.961840,0.961900,0.961840,0.961860
1471883340,0.961870,0.961920,0.961850,0.961850
1471883400,0.961850,0.962000,0.961700,0.961760
1471883460,0.961760,0.961760,0.961720,0.961720
1471883520,0.961730,0.961730,0.961710,0.961720
1471883580,0.961720,0.961720,0.961610,0.961650
1471883640,0.961650,0.961740,0.961650,0.961720
1471883700,0.961730,0.961730,0.961670,0.961670
1471883760,0.961670,0.961740,0.961670,0.961740
1471883820,0.961740,0.961740,0.961680,0.961690
1471883880,0.961690,0.961800,0.961690,0.961760
1471883940,0.961740,0.961820,0.961690,0.961760
1471884000,0.961750,0.961750,0.961650,0.961670
1471884060,0.961710,0.961720,0.961680,0.961680
1471884120,0.961680,0.961710,0.961660,0.961710
1471884180,0.961720,0.961730,0.961710,0.961720
1471884240,0.961730,0.961740,0.961660,0.961690
1471884300,0.961680,0.961690,0.961660,0.961660
1471884360,0.961690,0.961710,0.961620,0.961670
1471884420,0.961650,0.961720,0.961630,0.961680
1471884480,0.961670,0.961690,0.961650,0.961690
1471884540,0.961700,0.961710,0.961670,0.961700
1471884600,0.961710,0.961710,0.961690,0.961700
1471884660,0.961690,0.961690,0.961660,0.961670
1471884720,0.961690,0.961730,0.961670,0.961670
1471884780,0.961690,0.961690,0.961680,0.961690
1471884840,0.961700,0.961720,0.961680,0.961700
1471884900,0.961700,0.961700,0.961630,0.961640
1471884960,0.961630,0.961700,0.961630,0.961650
1471885020,0.961640,0.961670,0.961630,0.961650
1471885080,0.961640,0.961760,0.961640,0.961740
1471885140,0.961760,0.961760,0.961660,0.961660
1471885200,0.961660,0.961680,0.961570,0.961580
1471885260,0.961570,0.961640,0.961570,0.961630
1471885320,0.961640,0.961650,0.961620,0.961640
1471885380,0.961640,0.961640,0.961550,0.961550
1471885440,0.961550,0.961550,0.961480,0.961480
1471885500,0.961500,0.961540,0.961490,0.961540
1471885560,0.961550,0.961610,0.961550,0.961610
1471885620,0.961590,0.961590,0.961570,0.961570
1471885680,0.961580,0.961600,0.961560,0.961600
1471885740,0.961580,0.961620,0.961570,0.961600
1471885800,0.961590,0.961600,0.961560,0.961590
1471885860,0.961570,0.961580,0.961570,0.961580
1471885920,0.961570,0.961570,0.961550,0.961550
1471885980,0.961550,0.961550,0.961550,0.961550
1471886040,0.961630,0.961640,0.961620,0.961620
1471886100,0.961640,0.961720,0.961640,0.961720
1471886160,0.961730,0.961770,0.961730,0.961730
1471886220,0.961730,0.961730,0.961640,0.961650
1471886280,0.961660,0.961710,0.961660,0.961680
1471886340,0.961680,0.961680,0.961650,0.961650
1471886400,0.961660,0.961660,0.961650,0.961650
1471886460,0.961640,0.961660,0.961640,0.961660
1471886520,0.961660,0.961660,0.961590,0.961630
1471886580,0.961640,0.961740,0.961640,0.961670
1471886640,0.961660,0.961690,0.961640,0.961640
1471886700,0.961650,0.961660,0.961640,0.961640
1471886760,0.961640,0.961720,0.961640,0.961660
1471886820,0.961650,0.961650,0.961630,0.961630
1471886880,0.961620,0.961620,0.961550,0.961550
1471886940,0.961530,0.961540,0.961530,0.961540
1471887000,0.961540,0.961630,0.961540,0.961630
1471887060,0.961640,0.961640,0.961630,0.961640
1471887120,0.961630,0.961640,0.961630,0.961630
1471887180,0.961630,0.961630,0.961600,0.961610
1471887240,0.961600,0.961630,0.961590,0.961590
1471887300,0.961630,0.961640,0.961630,0.961640
1471887360,0.961640,0.961740,0.961630,0.961740
1471887420,0.961740,0.961740,0.961740,0.961740
1471887480,0.961730,0.961820,0.961730,0.961780
1471887540,0.961800,0.961810,0.961750,0.961770
1471887600,0.961780,0.961790,0.961730,0.961740
1471887660,0.961720,0.961730,0.961650,0.961730
1471887720,0.961720,0.961870,0.961720,0.961870
1471887780,0.961890,0.961900,0.961860,0.961860
1471887840,0.961850,0.961850,0.961830,0.961840
1471887900,0.961810,0.961810,0.961760,0.961760
1471887960,0.961740,0.961740,0.961670,0.961670
1471888020,0.961670,0.961670,0.961630,0.961650
1471888080,0.961660,0.961700,0.961660,0.961700
1471888140,0.961710,0.961820,0.961700,0.961760
1471888200,0.961740,0.961740,0.961670,0.961670
1471888260,0.961680,0.961680,0.961660,0.961680
1471888320,0.961690,0.961690,0.961680,0.961690
1471888380,0.961710,0.961730,0.961710,0.961720
1471888440,0.961730,0.961730,0.961660,0.961660
1471888500,0.961670,0.961710,0.961670,0.961680
1471888560,0.961680,0.961730,0.961680,0.961730
1471888620,0.961760,0.961920,0.961760,0.961920
1471888680,0.961950,0.962010,0.961950,0.961950
1471888740,0.961920,0.962040,0.961920,0.962030
1471888800,0.962030,0.962030,0.962000,0.962000
1471888860,0.961990,0.961990,0.961990,0.961990
1471888920,0.962010,0.962010,0.961990,0.962000
1471888980,0.962000,0.962000,0.961990,0.962000
1471889040,0.962000,0.962000,0.961920,0.961920
1471889160,0.961900,0.961910,0.961830,0.961830
1471889220,0.961830,0.961830,0.961800,0.961810
1471889280,0.961820,0.961820,0.961800,0.961800
1471889340,0.961820,0.961820,0.961810,0.961810
1471889460,0.961760,0.961820,0.961760,0.961820
1471889520,0.961800,0.961800,0.961800,0.961800
1471889580,0.961810,0.961820,0.961810,0.961810
1471889640,0.961800,0.961810,0.961800,0.961800
1471889700,0.961810,0.961810,0.961810,0.961810
1471889760,0.961770,0.961770,0.961740,0.961740
1471889820,0.961740,0.961830,0.961730,0.961830
1471889880,0.961830,0.961860,0.961830,0.961840
1471889940,0.961820,0.961830,0.961820,0.961830
1471890000,0.961820,0.961830,0.961820,0.961830
1471890060,0.961820,0.961820,0.961740,0.961740
1471890120,0.961730,0.961730,0.961650,0.961650
1471890180,0.961650,0.961650,0.961630,0.961630
1471890240,0.961650,0.961700,0.961650,0.961670
1471890300,0.961680,0.961680,0.961640,0.961640
1471890360,0.961640,0.961640,0.961640,0.961640
1471890420,0.961620,0.961630,0.961620,0.961630
1471890480,0.961620,0.961660,0.961600,0.961660
1471890540,0.961690,0.961690,0.961660,0.961670
1471890600,0.961680,0.961730,0.961680,0.961720
1471890660,0.961740,0.961740,0.961730,0.961730
1471890720,0.961710,0.961720,0.961710,0.961720
1471890780,0.961740,0.961740,0.961730,0.961730
1471890840,0.961710,0.961710,0.961590,0.961620
1471890900,0.961600,0.961630,0.961600,0.961620
1471890960,0.961630,0.961650,0.961630,0.961650
1471891020,0.961630,0.961630,0.961570,0.961590
1471891080,0.961590,0.961590,0.961570,0.961580
1471891140,0.961570,0.961620,0.961570,0.961570
1471891200,0.961590,0.961630,0.961590,0.961620
1471891260,0.961600,0.961620,0.961560,0.961560
1471891320,0.961550,0.961550,0.961530,0.961530
1471891380,0.961540,0.961540,0.961540,0.961540
1471891440,0.961530,0.961530,0.961460,0.961460
1471891500,0.961450,0.961450,0.961440,0.961440
1471891560,0.961440,0.961440,0.961440,0.961440
1471891620,0.961420,0.961470,0.961390,0.961470
1471891680,0.961460,0.961460,0.961410,0.961450
1471891740,0.961430,0.961430,0.961380,0.961380
1471891800,0.961400,0.961400,0.961300,0.961330
1471891860,0.961340,0.961410,0.961330,0.961370
1471891920,0.961350,0.961370,0.961350,0.961360
1471891980,0.961360,0.961390,0.961360,0.961370
1471892040,0.961360,0.961360,0.961350,0.961350
1471892100,0.961360,0.961550,0.961360,0.961470
1471892160,0.961460,0.961650,0.961460,0.961610
1471892220,0.961590,0.961590,0.961500,0.961500
1471892280,0.961530,0.961530,0.961450,0.961470
1471892340,0.961450,0.961550,0.961390,0.961400
1471892400,0.961410,0.961650,0.961410,0.961620
1471892460,0.961630,0.961710,0.961630,0.961710
1471892520,0.961720,0.961720,0.961660,0.961720
1471892580,0.961700,0.961740,0.961660,0.961740
1471892640,0.961730,0.961730,0.961660,0.961660
1471892700,0.961640,0.961670,0.961630,0.961650
1471892760,0.961630,0.961630,0.961560,0.961610
1471892820,0.961640,0.961650,0.961630,0.961640
1471892880,0.961650,0.961650,0.961650,0.961650
1471892940,0.961650,0.961650,0.961630,0.961650
1471893000,0.961650,0.961670,0.961650,0.961670
1471893060,0.961690,0.961750,0.961690,0.961750
1471893120,0.961750,0.961750,0.961750,0.961750
1471893180,0.961750,0.961750,0.961670,0.961670
1471893240,0.961660,0.961670,0.961650,0.961650
1471893300,0.961640,0.961660,0.961620,0.961650
1471893360,0.961630,0.961650,0.961630,0.961650
1471893420,0.961650,0.961670,0.961630,0.961640
1471893480,0.961600,0.961620,0.961600,0.961600
1471893540,0.961600,0.961600,0.961580,0.961580
1471893600,0.961630,0.961640,0.961500,0.961520
1471893660,0.961540,0.961570,0.961530,0.961550
1471893720,0.961560,0.961620,0.961560,0.961620
1471893780,0.961640,0.961640,0.961550,0.961550
1471893840,0.961530,0.961530,0.961520,0.961520
1471893900,0.961490,0.961490,0.961490,0.961490
1471893960,0.961500,0.961530,0.961500,0.961530
1471894020,0.961540,0.961550,0.961540,0.961550
1471894080,0.961570,0.961630,0.961570,0.961590
1471894140,0.961590,0.961590,0.961590,0.961590
1471894200,0.961600,0.961620,0.961520,0.961530
1471894260,0.961540,0.961540,0.961540,0.961540
1471894320,0.961540,0.961540,0.961490,0.961510
1471894380,0.961520,0.961540,0.961470,0.961470
1471894440,0.961490,0.961550,0.961480,0.961550
1471894500,0.961550,0.961560,0.961540,0.961560
1471894560,0.961550,0.961640,0.961550,0.961640
1471894620,0.961630,0.961640,0.961630,0.961640
1471894680,0.961630,0.961640,0.961630,0.961640
1471894740,0.961630,0.961640,0.961630,0.961630
1471894800,0.961620,0.961620,0.961550,0.961550
1471894860,0.961550,0.961550,0.961540,0.961540
1471894920,0.961540,0.961560,0.961540,0.961550
1471894980,0.961540,0.961550,0.961520,0.961550
1471895040,0.961610,0.961620,0.961580,0.961580
1471895100,0.961580,0.961620,0.961560,0.961580
1471895160,0.961610,0.961750,0.961590,0.961630
1471895220,0.961640,0.961640,0.961630,0.961640
1471895280,0.961620,0.961630,0.961620,0.961630
1471895340,0.961610,0.961640,0.961610,0.961640
1471895400,0.961630,0.961630,0.961570,0.961580
1471895460,0.961570,0.961570,0.961570,0.961570
1471895520,0.961560,0.961650,0.961560,0.961650
1471895580,0.961680,0.961760,0.961670,0.961690
1471895640,0.961700,0.961750,0.961680,0.961750
1471895700,0.961740,0.961750,0.961670,0.961740
1471895760,0.961730,0.961770,0.961680,0.961770
1471895820,0.961760,0.961760,0.961690,0.961750
1471895880,0.961720,0.961720,0.961650,0.961650
1471895940,0.961600,0.961680,0.961600,0.961660
1471896000,0.961650,0.961780,0.961610,0.961690
1471896060,0.961680,0.961680,0.961600,0.961600
1471896120,0.961600,0.961600,0.961570,0.961570
1471896180,0.961580,0.961670,0.961570,0.961670
1471896240,0.961640,0.961700,0.961640,0.961700
1471896300,0.961670,0.961700,0.961670,0.961690
1471896360,0.961680,0.961720,0.961680,0.961680
1471896420,0.961680,0.961700,0.961660,0.961700
1471896480,0.961700,0.961700,0.961700,0.961700
1471896540,0.961680,0.961730,0.961680,0.961730
1471896600,0.961710,0.961750,0.961710,0.961730
1471896660,0.961740,0.961760,0.961740,0.961760
1471896720,0.961760,0.961780,0.961760,0.961780
1471896780,0.961740,0.961740,0.961740,0.961740
1471896840,0.961750,0.961790,0.961750,0.961780
1471896900,0.961770,0.961770,0.961760,0.961760
1471896960,0.961760,0.961780,0.961760,0.961780
1471897020,0.961770,0.961770,0.961760,0.961760
1471897080,0.961770,0.961770,0.961700,0.961700
1471897140,0.961730,0.961760,0.961730,0.961740
1471897200,0.961730,0.961790,0.961730,0.961770
1471897260,0.961780,0.961790,0.961780,0.961790
1471897320,0.961800,0.961800,0.961770,0.961800
1471897380,0.961790,0.961810,0.961780,0.961780
1471897440,0.961770,0.961850,0.961770,0.961790
1471897500,0.961790,0.961790,0.961760,0.961780
1471897620,0.961770,0.961770,0.961660,0.961770
1471897680,0.961770,0.961780,0.961770,0.961780
1471897740,0.961780,0.961860,0.961780,0.961850
1471897800,0.961850,0.961910,0.961850,0.961910
1471897860,0.961920,0.961930,0.961920,0.961920
1471897920,0.961910,0.961960,0.961910,0.961960
1471897980,0.961950,0.961950,0.961920,0.961940
1471898040,0.961940,0.961950,0.961890,0.961890
1471898100,0.961890,0.961890,0.961850,0.961850
1471898160,0.961850,0.961850,0.961840,0.961840
1471898220,0.961830,0.961830,0.961830,0.961830
1471898280,0.961820,0.961830,0.961810,0.961810
1471898340,0.961820,0.961860,0.961810,0.961810
1471898400,0.961810,0.961830,0.961810,0.961830
1471898460,0.961830,0.961860,0.961830,0.961860
1471898520,0.961800,0.961840,0.961800,0.961840
1471898580,0.961870,0.961880,0.961860,0.961860
1471898640,0.961890,0.961890,0.961870,0.961890
1471898700,0.961890,0.961990,0.961830,0.961990
1471898760,0.961930,0.961930,0.961930,0.961930
1471898820,0.961970,0.961970,0.961970,0.961970
1471898880,0.961960,0.961960,0.961910,0.961930
1471898940,0.961910,0.961910,0.961900,0.961900
1471899000,0.961880,0.961910,0.961880,0.961910
1471899060,0.961910,0.961930,0.961860,0.961930
1471899120,0.961930,0.961930,0.961900,0.961900
1471899180,0.961910,0.961910,0.961900,0.961900
1471899240,0.961920,0.961920,0.961890,0.961890
1471899300,0.961900,0.962010,0.961900,0.962010
1471899360,0.962030,0.962050,0.962030,0.962050
1471899420,0.962080,0.962170,0.962080,0.962150
1471899480,0.962130,0.962130,0.962100,0.962100
1471899540,0.962110,0.962330,0.962070,0.962330
1471899600,0.962340,0.962560,0.962210,0.962210
1471899660,0.962220,0.962360,0.962220,0.962360
1471899720,0.962180,0.962350,0.962180,0.962340
1471899780,0.962330,0.962330,0.962190,0.962190
1471899840,0.962260,0.962260,0.962240,0.962260
1471899900,0.962220,0.962290,0.962220,0.962290
1471899960,0.962250,0.962270,0.962230,0.962260
1471900020,0.962230,0.962230,0.962010,0.962070
1471900080,0.962130,0.962130,0.962110,0.962110
1471900140,0.962140,0.962140,0.962140,0.962140
1471900200,0.962130,0.962170,0.962130,0.962170
1471900260,0.962140,0.962190,0.962140,0.962180
1471900320,0.962070,0.962070,0.962070,0.962070
1471900380,0.962200,0.962220,0.962200,0.962220
1471900440,0.962120,0.962120,0.962120,0.962120
1471900500,0.961970,0.962220,0.961970,0.962220
1471900560,0.962120,0.962120,0.962120,0.962120
1471900620,0.962190,0.962190,0.962190,0.962190
1471900680,0.962200,0.962230,0.962200,0.962210
1471900740,0.962190,0.962190,0.962120,0.962150
1471900860,0.961900,0.962120,0.961900,0.962120
1471900920,0.962140,0.962140,0.962140,0.962140
1471900980,0.962030,0.962040,0.962030,0.962040
1471901220,0.962070,0.962090,0.962070,0.962090
1471901280,0.962150,0.962150,0.962150,0.962150
1471901340,0.962100,0.962100,0.962100,0.962100
1471901400,0.962090,0.962140,0.962090,0.962100
1471901460,0.962080,0.962080,0.962080,0.962080
1471901520,0.962050,0.962050,0.962050,0.962050
1471901580,0.962030,0.962050,0.962020,0.962020
1471901640,0.962010,0.962020,0.962010,0.962020
1471901700,0.962010,0.962080,0.962010,0.962080
1471901760,0.962060,0.962060,0.961630,0.961760
1471901820,0.961750,0.961750,0.961680,0.961680
1471901880,0.961750,0.961780,0.961710,0.961750
1471901940,0.961520,0.961720,0.961520,0.961720
1471902000,0.961720,0.961720,0.961620,0.961630
1471902060,0.961620,0.961620,0.961620,0.961620
1471902120,0.961500,0.961500,0.961440,0.961440
1471902180,0.961450,0.961510,0.961440,0.961510
1471902240,0.961500,0.961500,0.961500,0.961500
1471902300,0.961630,0.961630,0.961630,0.961630
1471902360,0.961530,0.961530,0.961520,0.961520
1471902420,0.961530,0.961640,0.961530,0.961630
1471902480,0.961620,0.961620,0.961620,0.961620
1471902540,0.961640,0.961750,0.961620,0.961750
1471902600,0.961830,0.961890,0.961810,0.961820
1471902660,0.961820,0.961820,0.961820,0.961820
1471902720,0.961810,0.961820,0.961810,0.961810
1471902780,0.961800,0.961800,0.961780,0.961790
1471902840,0.961770,0.961790,0.961770,0.961770
1471902900,0.961800,0.962150,0.961800,0.962150
1471902960,0.962150,0.962210,0.962150,0.962210
1471903020,0.962240,0.962470,0.962220,0.962230
1471903080,0.962210,0.962350,0.962170,0.962210
1471903140,0.962180,0.962180,0.962180,0.962180
1471903200,0.962170,0.962170,0.961830,0.961890
1471903260,0.961870,0.961930,0.961860,0.961890
1471903320,0.961880,0.961960,0.961830,0.961870
1471903380,0.961870,0.961940,0.961870,0.961940
1471903440,0.961960,0.961970,0.961930,0.961970
1471903500,0.961960,0.961980,0.961950,0.961980
1471903560,0.962000,0.962000,0.962000,0.962000
1471903620,0.961970,0.962010,0.961970,0.962010
1471903680,0.962000,0.962000,0.961970,0.961970
1471903740,0.961970,0.961970,0.961960,0.961960
1471903800,0.961930,0.962010,0.961860,0.962010
1471903860,0.962020,0.962020,0.962000,0.962000
1471903920,0.962030,0.962030,0.962030,0.962030
1471903980,0.961990,0.962110,0.961980,0.962110
1471904040,0.962080,0.962100,0.962050,0.962050
1471904100,0.962040,0.962040,0.962040,0.962040
1471904160,0.962060,0.962060,0.962030,0.962030
1471904220,0.962010,0.962010,0.962010,0.962010
1471904280,0.961990,0.962000,0.961990,0.961990
1471904340,0.961990,0.962110,0.961980,0.962110
1471904400,0.962090,0.962100,0.962080,0.962100
1471904460,0.962110,0.962110,0.962110,0.962110
1471904520,0.962090,0.962090,0.962080,0.962080
1471904580,0.962050,0.962050,0.962050,0.962050
1471904640,0.962050,0.962150,0.962050,0.962130
1471904700,0.962130,0.962130,0.962090,0.962110
1471904760,0.962140,0.962140,0.962140,0.962140
1471904820,0.962080,0.962090,0.962080,0.962090
1471904880,0.962080,0.962090,0.962080,0.962090
1471904940,0.962070,0.962120,0.962070,0.962120
1471905000,0.962070,0.962080,0.962070,0.962070
1471905060,0.962080,0.962080,0.962070,0.962080
1471905120,0.962080,0.962080,0.962080,0.962080
1471905180,0.962050,0.962050,0.962050,0.962050
1471905240,0.962040,0.962050,0.962040,0.962050
1471905300,0.962040,0.962040,0.962040,0.962040
1471905360,0.962070,0.962100,0.962070,0.962100
1471905420,0.962090,0.962090,0.962090,0.962090
1471905480,0.962100,0.962100,0.962100,0.962100
1471905540,0.962090,0.962090,0.962040,0.962040
1471905600,0.962040,0.962100,0.962040,0.962090
1471905660,0.962080,0.962080,0.962080,0.962080
1471905720,0.962060,0.962080,0.962050,0.962080
1471905780,0.962080,0.962080,0.962080,0.962080
1471905840,0.962060,0.962180,0.962060,0.962180
1471905900,0.962180,0.962230,0.962180,0.962200
1471905960,0.962230,0.962390,0.962230,0.962300
1471906020,0.962270,0.962410,0.962270,0.962330
1471906080,0.962360,0.962360,0.962330,0.962330
1471906140,0.962330,0.962340,0.962220,0.962220
1471906200,0.962230,0.962230,0.962140,0.962140
1471906260,0.962130,0.962160,0.961950,0.961960
1471906320,0.961940,0.961970,0.961830,0.961890
1471906380,0.961860,0.961900,0.961740,0.961850
1471906440,0.961840,0.962000,0.961840,0.962000
1471906500,0.962010,0.962090,0.961850,0.961990
1471906560,0.961990,0.962010,0.961780,0.961870
1471906620,0.961870,0.961920,0.961860,0.961890
1471906680,0.961890,0.961910,0.961860,0.961910
1471906740,0.961920,0.962260,0.961910,0.962220
1471906800,0.962210,0.962350,0.962210,0.962300
1471906860,0.962350,0.962380,0.962280,0.962380
1471906920,0.962380,0.962520,0.962290,0.962440
1471906980,0.962510,0.962510,0.962360,0.962500
1471907040,0.962500,0.962500,0.962470,0.962470
1471907100,0.962470,0.962470,0.962430,0.962430
1471907160,0.962430,0.962500,0.962420,0.962500
1471907220,0.962500,0.962500,0.962500,0.962500
1471907280,0.962500,0.962500,0.962400,0.962430
1471907340,0.962440,0.962440,0.962400,0.962400
1471907400,0.962400,0.962400,0.962310,0.962320
1471907460,0.962320,0.962320,0.962300,0.962300
1471907520,0.962300,0.962340,0.962300,0.962320
1471907580,0.962320,0.962360,0.962320,0.962350
1471907640,0.962360,0.962360,0.962350,0.962350
1471907700,0.962340,0.962380,0.962330,0.962380
1471907760,0.962380,0.962380,0.962370,0.962370
1471907820,0.962310,0.962410,0.962310,0.962400
1471907880,0.962390,0.962410,0.962390,0.962410
1471907940,0.962420,0.962420,0.962390,0.962400
1471908000,0.962400,0.962400,0.962400,0.962400
1471908060,0.962410,0.962410,0.962400,0.962400
1471908120,0.962400,0.962410,0.962370,0.962410
1471908180,0.962410,0.962410,0.962400,0.962400
1471908240,0.962410,0.962410,0.962400,0.962410
1471908300,0.962420,0.962420,0.962400,0.962410
1471908360,0.962420,0.962420,0.962400,0.962410
1471908420,0.962410,0.962410,0.962400,0.962410
1471908480,0.962400,0.962410,0.962390,0.962400
1471908540,0.962420,0.962460,0.962420,0.962420
1471908600,0.962430,0.962430,0.962420,0.962420
1471908660,0.962400,0.962460,0.962360,0.962460
1471908720,0.962460,0.962460,0.962450,0.962460
1471908780,0.962450,0.962490,0.962450,0.962490
1471908840,0.962480,0.962490,0.962480,0.962480
1471908900,0.962460,0.962460,0.962460,0.962460
1471908960,0.962440,0.962510,0.962430,0.962510
1471909020,0.962530,0.962620,0.962530,0.962620
1471909080,0.962630,0.962630,0.962630,0.962630
1471909140,0.962630,0.962630,0.962600,0.962600
1471909200,0.962590,0.962600,0.962590,0.962590
1471909260,0.962600,0.962600,0.962590,0.962590
1471909320,0.962600,0.962610,0.962590,0.962610
1471909380,0.962590,0.962590,0.962450,0.962480
1471909440,0.962460,0.962480,0.962430,0.962440
1471909500,0.962420,0.962630,0.962420,0.962520
1471909560,0.962550,0.962610,0.962530,0.962560
1471909620,0.962560,0.962560,0.962540,0.962550
1471909680,0.962530,0.962530,0.962480,0.962490
1471909740,0.962500,0.962600,0.962500,0.962600
1471909800,0.962590,0.962630,0.962560,0.962630
1471909920,0.962620,0.962650,0.962500,0.962500
1471909980,0.962500,0.962560,0.962430,0.962550
1471910040,0.962550,0.962550,0.962490,0.962510
1471910100,0.962530,0.962620,0.962480,0.962480
1471910160,0.962480,0.962480,0.962350,0.962370
1471910220,0.962360,0.962490,0.962360,0.962490
1471910280,0.962470,0.962470,0.962380,0.962380
1471910340,0.962360,0.963160,0.962360,0.963130
1471910400,0.963140,0.963180,0.962950,0.962950
1471910460,0.962950,0.962950,0.962820,0.962820
1471910520,0.962830,0.962830,0.962760,0.962780
1471910580,0.962770,0.962770,0.962610,0.962640
1471910640,0.962640,0.962670,0.962620,0.962670
1471910700,0.962680,0.962690,0.962500,0.962530
1471910760,0.962520,0.962520,0.962240,0.962260
1471910820,0.962270,0.962270,0.961930,0.961960
1471910880,0.961950,0.961980,0.961850,0.961940
1471910940,0.961930,0.961980,0.961750,0.961750
1471911000,0.961720,0.962080,0.961520,0.962080
1471911060,0.962070,0.962160,0.962010,0.962050
1471911120,0.962070,0.962150,0.961940,0.961950
1471911180,0.961930,0.961990,0.961830,0.961850
1471911240,0.961810,0.961930,0.961810,0.961830
1471911300,0.961800,0.961880,0.961580,0.961590
1471911360,0.961580,0.961580,0.961410,0.961480
1471911420,0.961520,0.961660,0.961520,0.961660
1471911480,0.961690,0.961690,0.961590,0.961610
1471911540,0.961630,0.961630,0.961580,0.961590
1471911600,0.961580,0.961580,0.961520,0.961530
1471911660,0.961550,0.961550,0.961400,0.961430
1471911720,0.961420,0.961450,0.961420,0.961440
1471911780,0.961420,0.961600,0.961420,0.961510
1471911840,0.961510,0.961510,0.961400,0.961440
1471911900,0.961470,0.961490,0.961350,0.961430
1471911960,0.961420,0.961500,0.961420,0.961500
1471912020,0.961510,0.961510,0.961420,0.961470
1471912080,0.961490,0.961510,0.961430,0.961510
1471912140,0.961530,0.961610,0.961520,0.961600
1471912200,0.961600,0.961670,0.961600,0.961670
1471912260,0.961680,0.961690,0.961680,0.961690
1471912320,0.961710,0.961780,0.961710,0.961780
1471912380,0.961780,0.961830,0.961730,0.961830
1471912440,0.961840,0.961870,0.961800,0.961830
1471912500,0.961850,0.961870,0.961850,0.961870
1471912560,0.961840,0.961840,0.961750,0.961800
1471912620,0.961810,0.961860,0.961700,0.961840
1471912680,0.961830,0.962020,0.961810,0.962020
1471912740,0.962010,0.962040,0.961970,0.962040
1471912800,0.962020,0.962060,0.961930,0.961990
1471912860,0.961970,0.961970,0.961870,0.961910
1471912920,0.961900,0.961970,0.961900,0.961970
1471912980,0.961980,0.962110,0.961980,0.962060
1471913040,0.962040,0.962070,0.961990,0.962000
1471913100,0.961990,0.962130,0.961970,0.962070
1471913160,0.962090,0.962120,0.962070,0.962100
1471913220,0.962070,0.962110,0.962030,0.962030
1471913280,0.962010,0.962030,0.961990,0.962020
1471913340,0.962010,0.962030,0.962000,0.962010
1471913400,0.962000,0.962020,0.962000,0.962000
1471913460,0.961980,0.961980,0.961910,0.961940
1471913520,0.961920,0.961930,0.961850,0.961870
1471913580,0.961890,0.962000,0.961890,0.962000
1471913640,0.961990,0.962000,0.961760,0.961840
1471913700,0.961820,0.962060,0.961690,0.962050
1471913760,0.962060,0.962200,0.962060,0.962200
1471913820,0.962210,0.962220,0.962060,0.962080
1471913880,0.962060,0.962060,0.962000,0.962050
1471913940,0.962050,0.962140,0.962030,0.962080
1471914000,0.962110,0.962130,0.962050,0.962090
1471914060,0.962090,0.962090,0.961980,0.961980
1471914120,0.961980,0.962000,0.961980,0.961990
1471914180,0.961980,0.961990,0.961870,0.961870
1471914240,0.961880,0.962120,0.961880,0.962090
1471914300,0.962070,0.962070,0.961940,0.962040
1471914360,0.962040,0.962050,0.961970,0.961970
1471914420,0.961950,0.961990,0.961950,0.961990
1471914480,0.962010,0.962060,0.962000,0.962060
1471914540,0.962060,0.962150,0.962060,0.962110
1471914600,0.962080,0.962240,0.962080,0.962240
1471914660,0.962250,0.962250,0.962250,0.962250
1471914720,0.962310,0.962310,0.961960,0.961960
1471914780,0.961980,0.962030,0.961960,0.961970
1471914840,0.961950,0.962030,0.961950,0.961970
1471914900,0.961960,0.962000,0.961960,0.962000
1471914960,0.962020,0.962060,0.962020,0.962030
1471915020,0.962040,0.962140,0.962040,0.962140
1471915080,0.962160,0.962160,0.962160,0.962160
1471915140,0.962140,0.962150,0.962070,0.962090
1471915200,0.962080,0.962080,0.962080,0.962080
1471915260,0.962100,0.962130,0.962100,0.962100
1471915320,0.962120,0.962140,0.962120,0.962140
1471915380,0.962120,0.962120,0.962100,0.962120
1471915440,0.962120,0.962150,0.962120,0.962130
1471915500,0.962130,0.962220,0.962130,0.962180
1471915560,0.962200,0.962310,0.962200,0.962230
1471915620,0.962250,0.962330,0.962250,0.962330
1471915680,0.962340,0.962390,0.962340,0.962350
1471915740,0.962350,0.962420,0.962350,0.962420
1471915800,0.962430,0.962590,0.962430,0.962480
1471915860,0.962490,0.962490,0.962400,0.962440
1471915920,0.962420,0.962420,0.962340,0.962340
1471915980,0.962360,0.962360,0.962160,0.962230
1471916040,0.962260,0.962420,0.962260,0.962410
1471916100,0.962390,0.962390,0.962340,0.962360
1471916160,0.962360,0.962410,0.962360,0.962410
1471916220,0.962420,0.962440,0.962410,0.962430
1471916280,0.962420,0.962490,0.962420,0.962490
1471916340,0.962570,0.962570,0.962450,0.962450
1471916400,0.962440,0.962440,0.962350,0.962350
1471916460,0.962380,0.962380,0.962160,0.962190
1471916520,0.962200,0.962220,0.962190,0.962210
1471916580,0.962200,0.962200,0.962070,0.962070
1471916640,0.962100,0.962110,0.962070,0.962070
1471916700,0.962070,0.962070,0.962020,0.962050
1471916760,0.962050,0.962070,0.962020,0.962050
1471916820,0.962050,0.962050,0.961950,0.961970
1471916880,0.961970,0.961970,0.961940,0.961960
1471916940,0.961940,0.961960,0.961940,0.961940
1471917000,0.961940,0.961960,0.961940,0.961950
1471917060,0.961940,0.961940,0.961780,0.961800
1471917120,0.961780,0.961920,0.961700,0.961800
1471917180,0.961780,0.961830,0.961770,0.961780
1471917240,0.961780,0.961800,0.961680,0.961800
1471917300,0.961800,0.961890,0.961780,0.961840
1471917360,0.961850,0.961900,0.961850,0.961860
1471917420,0.961840,0.961860,0.961800,0.961850
1471917480,0.961850,0.961860,0.961820,0.961830
1471917540,0.961810,0.961850,0.961780,0.961850
1471917600,0.961850,0.961900,0.961850,0.961900
1471917660,0.961920,0.962000,0.961920,0.962000
1471917720,0.962000,0.962030,0.961950,0.961970
1471917780,0.961970,0.962020,0.961940,0.961940
1471917840,0.961920,0.961940,0.961870,0.961900
1471917900,0.961910,0.961940,0.961860,0.961930
1471917960,0.961910,0.961920,0.961900,0.961900
1471918020,0.961900,0.961930,0.961890,0.961890
1471918080,0.961900,0.961910,0.961850,0.961870
1471918140,0.961870,0.961990,0.961870,0.961990
1471918200,0.962010,0.962050,0.962010,0.962050
1471918260,0.962040,0.962060,0.961990,0.962000
1471918320,0.962020,0.962060,0.961980,0.962040
1471918380,0.962010,0.962010,0.961950,0.961950
1471918440,0.961960,0.961960,0.961900,0.961900
1471918500,0.961900,0.961970,0.961900,0.961970
1471918560,0.961960,0.962040,0.961960,0.962040
1471918620,0.962060,0.962080,0.962050,0.962070
1471918680,0.962050,0.962050,0.961980,0.962040
1471918740,0.962070,0.962070,0.962020,0.962030
1471918800,0.962030,0.962030,0.962010,0.962010
1471918860,0.962020,0.962050,0.962020,0.962050
1471918920,0.962030,0.962040,0.961990,0.962000
1471918980,0.962010,0.962040,0.962010,0.962020
1471919040,0.962040,0.962130,0.962040,0.962130
1471919100,0.962110,0.962140,0.962110,0.962130
1471919160,0.962140,0.962180,0.962140,0.962170
1471919220,0.962170,0.962170,0.962130,0.962130
1471919280,0.962150,0.962150,0.962060,0.962060
1471919340,0.962060,0.962130,0.962060,0.962130
1471919400,0.962110,0.962140,0.962110,0.962130
1471919460,0.962100,0.962130,0.962100,0.962130
1471919520,0.962110,0.962130,0.962110,0.962130
1471919580,0.962110,0.962120,0.962110,0.962120
1471919640,0.962130,0.962130,0.962130,0.962130
1471919700,0.962130,0.962150,0.962130,0.962130
1471919760,0.962100,0.962120,0.962050,0.962050
1471919820,0.962050,0.962050,0.962010,0.962020
1471919880,0.962030,0.962060,0.962030,0.962050
1471919940,0.962040,0.962040,0.962010,0.962020
1471920000,0.962020,0.962020,0.961960,0.961960
1471920060,0.961960,0.961960,0.961900,0.961910
1471920120,0.961900,0.961900,0.961890,0.961890
1471920180,0.961910,0.961950,0.961870,0.961870
1471920240,0.961880,0.961880,0.961880,0.961880
1471920300,0.961880,0.961880,0.961850,0.961860
1471920360,0.961850,0.961850,0.961800,0.961810
1471920420,0.961800,0.961800,0.961720,0.961730
1471920480,0.961720,0.961800,0.961720,0.961740
1471920540,0.961750,0.961800,0.961750,0.961800
1471920600,0.961800,0.961820,0.961750,0.961760
1471920660,0.961760,0.961800,0.961760,0.961800
1471920720,0.961800,0.961800,0.961720,0.961720
1471920780,0.961710,0.961720,0.961610,0.961610
1471920840,0.961590,0.961610,0.961590,0.961590
1471920900,0.961590,0.961610,0.961580,0.961590
1471920960,0.961580,0.961660,0.961580,0.961640
1471921020,0.961650,0.961650,0.961550,0.961550
1471921080,0.961540,0.961540,0.961450,0.961490
1471921140,0.961490,0.961890,0.961490,0.961840
1471921200,0.961840,0.961840,0.961800,0.961800
1471921260,0.961790,0.961850,0.961790,0.961850
1471921320,0.961840,0.961860,0.961810,0.961820
1471921380,0.961840,0.961850,0.961800,0.961800
1471921440,0.961800,0.961800,0.961760,0.961760
1471921500,0.961750,0.961790,0.961730,0.961790
1471921560,0.961790,0.961790,0.961760,0.961760
1471921620,0.961750,0.961750,0.961740,0.961740
1471921680,0.961740,0.961740,0.961740,0.961740
1471921740,0.961740,0.961750,0.961730,0.961750
1471921800,0.961740,0.961740,0.961720,0.961720
1471921860,0.961700,0.961720,0.961680,0.961720
1471921920,0.961720,0.961720,0.961670,0.961690
1471921980,0.961680,0.961700,0.961670,0.961690
1471922040,0.961680,0.961690,0.961620,0.961630
1471922100,0.961640,0.961640,0.961600,0.961620
1471922160,0.961610,0.961620,0.961490,0.961510
1471922220,0.961510,0.961550,0.961430,0.961550
1471922280,0.961560,0.961590,0.961530,0.961530
1471922340,0.961550,0.961590,0.961550,0.961570
1471922400,0.961590,0.961590,0.961540,0.961550
1471922460,0.961590,0.961590,0.961550,0.961590
1471922520,0.961590,0.961590,0.961550,0.961550
1471922580,0.961540,0.961540,0.961540,0.961540
1471922640,0.961530,0.961660,0.961530,0.961660
1471922700,0.961660,0.961700,0.961660,0.961700
1471922760,0.961690,0.961700,0.961690,0.961700
1471922820,0.961720,0.961720,0.961720,0.961720
1471922880,0.961730,0.961790,0.961730,0.961790
1471922940,0.961790,0.961790,0.961750,0.961750
1471923000,0.961790,0.961790,0.961620,0.961620
1471923060,0.961630,0.961650,0.961610,0.961640
1471923120,0.961650,0.961700,0.961650,0.961700
1471923180,0.961700,0.961700,0.961640,0.961640
1471923240,0.961610,0.961620,0.961510,0.961590
1471923300,0.961570,0.961700,0.961560,0.961640
1471923360,0.961630,0.961700,0.961630,0.961700
1471923420,0.961700,0.961800,0.961700,0.961800
1471923480,0.961760,0.961790,0.961760,0.961790
1471923540,0.961800,0.961860,0.961800,0.961860
1471923600,0.961850,0.961850,0.961800,0.961800
1471923660,0.961810,0.961910,0.961800,0.961900
1471923720,0.961890,0.962060,0.961890,0.962060
1471923780,0.962000,0.962020,0.961990,0.962010
1471923840,0.962000,0.962000,0.961960,0.961970
1471923900,0.962000,0.962030,0.961970,0.961970
1471923960,0.961960,0.962070,0.961960,0.962060
1471924020,0.962090,0.962200,0.962080,0.962170
1471924080,0.962190,0.962350,0.962180,0.962350
1471924140,0.962350,0.962360,0.962250,0.962320
1471924200,0.962350,0.962350,0.962350,0.962350
1471924260,0.962290,0.962320,0.962250,0.962320
1471924320,0.962290,0.962290,0.962290,0.962290
1471924380,0.962350,0.962350,0.962290,0.962290
1471924440,0.962280,0.962320,0.962250,0.962270
1471924500,0.962250,0.962250,0.962240,0.962250
1471924560,0.962250,0.962250,0.962160,0.962160
1471924620,0.962170,0.962250,0.962160,0.962180
1471924680,0.962160,0.962250,0.962150,0.962160
1471924740,0.962180,0.962290,0.962160,0.962290
