time,open,high,low,close
1505880000,150.682000,150.703000,150.681000,150.697000
1505880060,150.696000,150.724000,150.687000,150.717000
1505880120,150.719000,150.726000,150.707000,150.715000
1505880180,150.715000,150.717000,150.707000,150.714000
1505880240,150.719000,150.721000,150.703000,150.708000
1505880300,150.706000,150.718000,150.699000,150.699000
1505880360,150.698000,150.716000,150.695000,150.716000
1505880420,150.716000,150.721000,150.710000,150.715000
1505880480,150.718000,150.718000,150.690000,150.691000
1505880540,150.690000,150.690000,150.665000,150.680000
1505880600,150.681000,150.689000,150.664000,150.666000
1505880660,150.665000,150.677000,150.657000,150.677000
1505880720,150.675000,150.680000,150.656000,150.661000
1505880780,150.662000,150.665000,150.659000,150.660000
1505880840,150.663000,150.670000,150.658000,150.670000
1505880900,150.668000,150.688000,150.668000,150.688000
1505880960,150.686000,150.699000,150.684000,150.696000
1505881020,150.697000,150.704000,150.690000,150.696000
1505881080,150.689000,150.696000,150.687000,150.692000
1505881140,150.690000,150.694000,150.683000,150.690000
1505881200,150.691000,150.708000,150.687000,150.692000
1505881260,150.689000,150.701000,150.688000,150.698000
1505881320,150.698000,150.714000,150.698000,150.714000
1505881380,150.712000,150.714000,150.705000,150.705000
1505881440,150.706000,150.717000,150.703000,150.706000
1505881500,150.705000,150.714000,150.701000,150.713000
1505881560,150.708000,150.722000,150.708000,150.719000
1505881620,150.711000,150.719000,150.708000,150.718000
1505881680,150.717000,150.720000,150.713000,150.716000
1505881740,150.712000,150.712000,150.684000,150.691000
1505881800,150.696000,150.701000,150.682000,150.684000
1505881860,150.687000,150.695000,150.687000,150.695000
1505881920,150.697000,150.700000,150.695000,150.696000
1505881980,150.699000,150.699000,150.690000,150.695000
1505882040,150.697000,150.698000,150.695000,150.698000
1505882100,150.699000,150.699000,150.690000,150.690000
1505882160,150.689000,150.695000,150.685000,150.690000
1505882220,150.687000,150.689000,150.683000,150.683000
1505882280,150.683000,150.684000,150.681000,150.682000
1505882340,150.684000,150.684000,150.683000,150.683000
1505882400,150.681000,150.684000,150.673000,150.673000
1505882460,150.672000,150.677000,150.672000,150.675000
1505882520,150.673000,150.673000,150.639000,150.640000
1505882580,150.637000,150.637000,150.632000,150.635000
1505882640,150.632000,150.641000,150.632000,150.637000
1505882700,150.636000,150.640000,150.636000,150.639000
1505882760,150.639000,150.639000,150.639000,150.639000
1505882820,150.637000,150.644000,150.635000,150.639000
1505882880,150.637000,150.637000,150.594000,150.605000
1505882940,150.605000,150.624000,150.605000,150.618000
1505883000,150.620000,150.652000,150.620000,150.652000
1505883060,150.653000,150.661000,150.650000,150.658000
1505883120,150.659000,150.661000,150.652000,150.652000
1505883180,150.655000,150.661000,150.655000,150.659000
1505883240,150.655000,150.655000,150.642000,150.649000
1505883300,150.648000,150.659000,150.648000,150.656000
1505883360,150.663000,150.665000,150.646000,150.646000
1505883420,150.647000,150.647000,150.628000,150.631000
1505883480,150.633000,150.634000,150.593000,150.606000
1505883540,150.607000,150.613000,150.593000,150.593000
1505883600,150.593000,150.599000,150.585000,150.593000
1505883660,150.593000,150.593000,150.587000,150.593000
1505883720,150.593000,150.597000,150.593000,150.593000
1505883780,150.593000,150.623000,150.577000,150.622000
1505883840,150.624000,150.639000,150.616000,150.636000
1505883900,150.639000,150.643000,150.637000,150.639000
1505883960,150.641000,150.659000,150.641000,150.657000
1505884020,150.660000,150.675000,150.660000,150.668000
1505884080,150.664000,150.666000,150.653000,150.656000
1505884140,150.656000,150.656000,150.656000,150.656000
1505884200,150.655000,150.657000,150.655000,150.656000
1505884260,150.657000,150.657000,150.656000,150.656000
1505884320,150.655000,150.655000,150.655000,150.655000
1505884380,150.652000,150.655000,150.640000,150.655000
1505884440,150.653000,150.654000,150.639000,150.654000
1505884500,150.652000,150.652000,150.641000,150.648000
1505884560,150.645000,150.648000,150.641000,150.644000
1505884620,150.645000,150.645000,150.635000,150.638000
1505884680,150.641000,150.649000,150.630000,150.644000
1505884740,150.646000,150.651000,150.639000,150.649000
1505884800,150.649000,150.649000,150.626000,150.629000
1505884860,150.626000,150.628000,150.614000,150.623000
1505884920,150.624000,150.641000,150.619000,150.640000
1505884980,150.642000,150.642000,150.623000,150.633000
1505885040,150.634000,150.643000,150.618000,150.635000
1505885100,150.634000,150.650000,150.619000,150.647000
1505885160,150.655000,150.658000,150.633000,150.646000
1505885220,150.648000,150.649000,150.623000,150.628000
1505885280,150.626000,150.626000,150.590000,150.608000
1505885340,150.608000,150.618000,150.608000,150.618000
1505885400,150.619000,150.619000,150.585000,150.587000
1505885460,150.588000,150.603000,150.579000,150.598000
1505885520,150.601000,150.601000,150.592000,150.592000
1505885580,150.590000,150.596000,150.583000,150.590000
1505885640,150.586000,150.602000,150.583000,150.600000
1505885700,150.601000,150.601000,150.588000,150.588000
1505885760,150.589000,150.599000,150.577000,150.599000
1505885820,150.598000,150.599000,150.590000,150.599000
1505885880,150.596000,150.614000,150.591000,150.610000
1505885940,150.606000,150.620000,150.606000,150.612000
1505886000,150.615000,150.621000,150.594000,150.596000
1505886060,150.597000,150.628000,150.596000,150.624000
1505886120,150.625000,150.652000,150.618000,150.646000
1505886180,150.648000,150.672000,150.647000,150.664000
1505886240,150.663000,150.670000,150.662000,150.669000
1505886300,150.666000,150.672000,150.652000,150.672000
1505886360,150.676000,150.685000,150.639000,150.649000
1505886420,150.650000,150.656000,150.650000,150.655000
1505886480,150.655000,150.664000,150.649000,150.649000
1505886540,150.649000,150.668000,150.649000,150.665000
1505886600,150.667000,150.679000,150.666000,150.675000
1505886660,150.673000,150.673000,150.662000,150.662000
1505886720,150.664000,150.667000,150.649000,150.649000
1505886780,150.653000,150.660000,150.644000,150.656000
1505886840,150.656000,150.666000,150.654000,150.666000
1505886900,150.664000,150.674000,150.664000,150.672000
1505886960,150.674000,150.691000,150.674000,150.691000
1505887020,150.688000,150.697000,150.682000,150.687000
1505887080,150.687000,150.698000,150.685000,150.691000
1505887140,150.691000,150.691000,150.642000,150.648000
1505887200,150.650000,150.690000,150.634000,150.678000
1505887260,150.679000,150.686000,150.662000,150.667000
1505887320,150.670000,150.720000,150.670000,150.706000
1505887380,150.706000,150.707000,150.687000,150.701000
1505887440,150.701000,150.731000,150.695000,150.695000
1505887500,150.697000,150.709000,150.684000,150.694000
1505887560,150.692000,150.702000,150.681000,150.693000
1505887620,150.694000,150.700000,150.683000,150.693000
1505887680,150.693000,150.703000,150.647000,150.647000
1505887740,150.640000,150.670000,150.622000,150.667000
1505887800,150.670000,150.675000,150.651000,150.673000
1505887860,150.673000,150.681000,150.659000,150.670000
1505887920,150.673000,150.675000,150.602000,150.605000
1505887980,150.615000,150.627000,150.589000,150.601000
1505888040,150.603000,150.630000,150.598000,150.612000
1505888100,150.612000,150.612000,150.570000,150.597000
1505888160,150.600000,150.604000,150.578000,150.601000
1505888220,150.598000,150.602000,150.567000,150.579000
1505888280,150.582000,150.587000,150.531000,150.552000
1505888340,150.549000,150.552000,150.495000,150.498000
1505888400,150.499000,150.549000,150.489000,150.506000
1505888460,150.507000,150.574000,150.507000,150.574000
1505888520,150.571000,150.576000,150.564000,150.570000
1505888580,150.569000,150.575000,150.548000,150.571000
1505888640,150.569000,150.598000,150.566000,150.586000
1505888700,150.585000,150.622000,150.585000,150.622000
1505888760,150.624000,150.637000,150.601000,150.630000
1505888820,150.629000,150.629000,150.562000,150.596000
1505888880,150.592000,150.614000,150.592000,150.613000
1505888940,150.611000,150.612000,150.563000,150.575000
1505889000,150.573000,150.654000,150.573000,150.653000
1505889060,150.654000,150.678000,150.642000,150.649000
1505889120,150.649000,150.659000,150.609000,150.655000
1505889180,150.656000,150.659000,150.628000,150.634000
1505889240,150.635000,150.643000,150.620000,150.620000
1505889300,150.617000,150.646000,150.615000,150.646000
1505889360,150.646000,150.648000,150.626000,150.629000
1505889420,150.629000,150.638000,150.620000,150.632000
1505889480,150.634000,150.666000,150.634000,150.663000
1505889540,150.663000,150.680000,150.660000,150.668000
1505889600,150.670000,150.686000,150.668000,150.685000
1505889660,150.686000,150.688000,150.664000,150.672000
1505889720,150.673000,150.680000,150.623000,150.623000
1505889780,150.620000,150.635000,150.611000,150.635000
1505889840,150.633000,150.643000,150.626000,150.638000
1505889900,150.640000,150.656000,150.615000,150.633000
1505889960,150.630000,150.635000,150.601000,150.624000
1505890020,150.627000,150.662000,150.625000,150.649000
1505890080,150.647000,150.666000,150.639000,150.663000
1505890140,150.666000,150.679000,150.666000,150.671000
1505890200,150.673000,150.676000,150.664000,150.665000
1505890260,150.663000,150.685000,150.654000,150.685000
1505890320,150.684000,150.685000,150.661000,150.666000
1505890380,150.669000,150.685000,150.668000,150.674000
1505890440,150.671000,150.680000,150.660000,150.660000
1505890500,150.660000,150.667000,150.648000,150.651000
1505890560,150.655000,150.665000,150.654000,150.657000
1505890620,150.654000,150.657000,150.633000,150.634000
1505890680,150.640000,150.641000,150.601000,150.625000
1505890740,150.620000,150.620000,150.581000,150.608000
1505890800,150.610000,150.667000,150.609000,150.658000
1505890860,150.657000,150.692000,150.649000,150.691000
1505890920,150.691000,150.766000,150.689000,150.765000
1505890980,150.767000,150.798000,150.767000,150.788000
1505891040,150.786000,150.801000,150.770000,150.800000
1505891100,150.802000,150.847000,150.793000,150.836000
1505891160,150.839000,150.843000,150.805000,150.805000
1505891220,150.807000,150.807000,150.784000,150.792000
1505891280,150.794000,150.825000,150.794000,150.810000
1505891340,150.806000,150.833000,150.800000,150.824000
1505891400,150.828000,150.828000,150.805000,150.815000
1505891460,150.817000,150.859000,150.809000,150.855000
1505891520,150.855000,150.855000,150.817000,150.827000
1505891580,150.830000,150.841000,150.819000,150.821000
1505891640,150.819000,150.895000,150.815000,150.872000
1505891700,150.870000,150.917000,150.861000,150.885000
1505891760,150.882000,150.897000,150.865000,150.865000
1505891820,150.861000,150.861000,150.784000,150.819000
1505891880,150.816000,150.835000,150.808000,150.835000
1505891940,150.837000,150.837000,150.808000,150.811000
1505892000,150.812000,150.814000,150.778000,150.779000
1505892060,150.779000,150.779000,150.736000,150.747000
1505892120,150.747000,150.757000,150.737000,150.745000
1505892180,150.745000,150.765000,150.741000,150.765000
1505892240,150.768000,150.770000,150.743000,150.743000
1505892300,150.741000,150.750000,150.734000,150.750000
1505892360,150.750000,150.750000,150.696000,150.697000
1505892420,150.693000,150.715000,150.692000,150.707000
1505892480,150.710000,150.717000,150.681000,150.710000
1505892540,150.714000,150.729000,150.709000,150.729000
1505892600,150.731000,150.741000,150.710000,150.722000
1505892660,150.721000,150.743000,150.673000,150.673000
1505892720,150.671000,150.672000,150.656000,150.670000
1505892780,150.668000,150.674000,150.632000,150.632000
1505892840,150.633000,150.644000,150.633000,150.644000
1505892900,150.644000,150.645000,150.563000,150.585000
1505892960,150.583000,150.583000,150.538000,150.569000
1505893020,150.570000,150.572000,150.548000,150.560000
1505893080,150.560000,150.619000,150.557000,150.619000
1505893140,150.616000,150.630000,150.606000,150.609000
1505893200,150.610000,150.619000,150.604000,150.619000
1505893260,150.619000,150.624000,150.615000,150.621000
1505893320,150.621000,150.626000,150.553000,150.553000
1505893380,150.551000,150.555000,150.520000,150.529000
1505893440,150.530000,150.554000,150.528000,150.553000
1505893500,150.553000,150.582000,150.538000,150.579000
1505893560,150.583000,150.622000,150.572000,150.621000
1505893620,150.620000,150.628000,150.613000,150.615000
1505893680,150.615000,150.619000,150.579000,150.579000
1505893740,150.581000,150.599000,150.568000,150.599000
1505893800,150.601000,150.631000,150.601000,150.620000
1505893860,150.622000,150.660000,150.622000,150.647000
1505893920,150.644000,150.651000,150.634000,150.645000
1505893980,150.645000,150.645000,150.624000,150.629000
1505894040,150.629000,150.631000,150.603000,150.625000
1505894100,150.627000,150.659000,150.601000,150.643000
1505894160,150.655000,150.677000,150.630000,150.641000
1505894220,150.644000,150.647000,150.602000,150.602000
1505894280,150.602000,150.620000,150.600000,150.618000
1505894340,150.618000,150.618000,150.580000,150.603000
1505894400,150.600000,150.616000,150.596000,150.616000
1505894460,150.615000,150.620000,150.593000,150.594000
1505894520,150.596000,150.596000,150.564000,150.577000
1505894580,150.577000,150.579000,150.555000,150.556000
1505894640,150.557000,150.579000,150.554000,150.558000
1505894700,150.558000,150.591000,150.555000,150.590000
1505894760,150.586000,150.593000,150.563000,150.580000
1505894820,150.575000,150.605000,150.575000,150.605000
1505894880,150.602000,150.604000,150.588000,150.594000
1505894940,150.594000,150.596000,150.582000,150.582000
1505895000,150.580000,150.592000,150.555000,150.561000
1505895060,150.558000,150.566000,150.518000,150.519000
1505895120,150.519000,150.552000,150.517000,150.550000
1505895180,150.554000,150.625000,150.553000,150.625000
1505895240,150.625000,150.691000,150.625000,150.679000
1505895300,150.679000,150.679000,150.641000,150.646000
1505895360,150.646000,150.737000,150.644000,150.734000
1505895420,150.732000,150.740000,150.632000,150.632000
1505895480,150.633000,150.633000,150.622000,150.631000
1505895540,150.630000,150.636000,150.601000,150.631000
1505895600,150.630000,150.679000,150.610000,150.663000
1505895660,150.667000,150.688000,150.667000,150.687000
1505895720,150.687000,150.693000,150.676000,150.691000
1505895780,150.691000,150.751000,150.691000,150.706000
1505895840,150.703000,150.760000,150.701000,150.733000
1505895900,150.733000,150.764000,150.645000,150.678000
1505895960,150.674000,150.677000,150.510000,150.510000
1505896020,150.513000,150.580000,150.509000,150.553000
1505896080,150.551000,150.551000,150.525000,150.551000
1505896140,150.553000,150.593000,150.528000,150.532000
1505896200,150.532000,151.468000,150.532000,151.261000
1505896260,151.258000,151.382000,151.258000,151.333000
1505896320,151.335000,151.412000,151.278000,151.358000
1505896380,151.361000,151.461000,151.321000,151.400000
1505896440,151.400000,151.509000,151.351000,151.497000
1505896500,151.503000,151.504000,151.360000,151.361000
1505896560,151.360000,151.381000,151.296000,151.296000
1505896620,151.299000,151.352000,151.299000,151.311000
1505896680,151.310000,151.365000,151.285000,151.365000
1505896740,151.363000,151.376000,151.241000,151.264000
1505896800,151.267000,151.305000,151.250000,151.276000
1505896860,151.275000,151.281000,151.250000,151.257000
1505896920,151.254000,151.288000,151.254000,151.287000
1505896980,151.286000,151.347000,151.242000,151.326000
1505897040,151.329000,151.348000,151.274000,151.288000
1505897100,151.288000,151.363000,151.288000,151.346000
1505897160,151.344000,151.344000,151.257000,151.262000
1505897220,151.264000,151.323000,151.256000,151.298000
1505897280,151.301000,151.322000,151.301000,151.319000
1505897340,151.320000,151.330000,151.232000,151.232000
1505897400,151.233000,151.247000,151.160000,151.181000
1505897460,151.186000,151.190000,151.156000,151.158000
1505897520,151.156000,151.208000,151.155000,151.203000
1505897580,151.204000,151.240000,151.204000,151.221000
1505897640,151.219000,151.219000,151.176000,151.177000
1505897700,151.169000,151.179000,151.154000,151.158000
1505897760,151.157000,151.162000,151.126000,151.139000
1505897820,151.140000,151.140000,151.096000,151.119000
1505897880,151.121000,151.124000,151.086000,151.102000
1505897940,151.102000,151.102000,151.030000,151.061000
1505898000,151.059000,151.133000,151.046000,151.046000
1505898060,151.042000,151.042000,151.010000,151.033000
1505898120,151.033000,151.059000,151.033000,151.052000
1505898180,151.050000,151.067000,151.043000,151.048000
1505898240,151.047000,151.052000,151.030000,151.045000
1505898300,151.046000,151.046000,151.024000,151.024000
1505898360,151.025000,151.040000,151.021000,151.021000
1505898420,151.021000,151.035000,151.018000,151.032000
1505898480,151.037000,151.062000,151.026000,151.061000
1505898540,151.058000,151.097000,151.058000,151.091000
1505898600,151.093000,151.112000,151.093000,151.099000
1505898660,151.103000,151.132000,151.103000,151.119000
1505898720,151.119000,151.119000,151.080000,151.085000
1505898780,151.083000,151.103000,151.075000,151.103000
1505898840,151.100000,151.179000,151.095000,151.166000
1505898900,151.171000,151.183000,151.161000,151.173000
1505898960,151.176000,151.184000,151.148000,151.148000
1505899020,151.150000,151.150000,151.029000,151.055000
1505899080,151.057000,151.086000,151.040000,151.063000
1505899140,151.065000,151.065000,150.981000,150.981000
1505899200,150.979000,150.979000,150.595000,150.647000
1505899260,150.643000,150.722000,150.470000,150.659000
1505899320,150.663000,150.737000,150.663000,150.694000
1505899380,150.690000,150.704000,150.668000,150.703000
1505899440,150.703000,150.743000,150.664000,150.724000
1505899500,150.721000,150.721000,150.639000,150.700000
1505899560,150.698000,150.740000,150.681000,150.681000
1505899620,150.683000,150.715000,150.676000,150.690000
1505899680,150.688000,150.695000,150.664000,150.695000
1505899740,150.707000,150.722000,150.698000,150.721000
1505899800,150.720000,150.793000,150.720000,150.783000
1505899860,150.783000,150.807000,150.743000,150.766000
1505899920,150.768000,150.795000,150.766000,150.794000
1505899980,150.794000,150.865000,150.794000,150.833000
1505900040,150.836000,150.846000,150.803000,150.839000
1505900100,150.838000,150.857000,150.790000,150.847000
1505900160,150.845000,150.876000,150.845000,150.850000
1505900220,150.852000,150.960000,150.852000,150.902000
1505900280,150.901000,150.935000,150.878000,150.878000
1505900340,150.878000,150.897000,150.840000,150.863000
1505900400,150.861000,150.892000,150.845000,150.861000
1505900460,150.864000,150.904000,150.819000,150.834000
1505900520,150.836000,150.863000,150.831000,150.857000
1505900580,150.857000,150.866000,150.828000,150.850000
1505900640,150.848000,150.864000,150.834000,150.834000
1505900700,150.838000,150.845000,150.762000,150.763000
1505900760,150.762000,150.790000,150.749000,150.779000
1505900820,150.780000,150.785000,150.749000,150.768000
1505900880,150.766000,150.791000,150.757000,150.787000
1505900940,150.789000,150.831000,150.761000,150.810000
1505901000,150.811000,150.820000,150.756000,150.773000
1505901060,150.776000,150.810000,150.771000,150.807000
1505901120,150.808000,150.830000,150.783000,150.794000
1505901180,150.791000,150.799000,150.779000,150.782000
1505901240,150.780000,150.815000,150.773000,150.815000
1505901300,150.815000,150.840000,150.806000,150.836000
1505901360,150.836000,150.867000,150.836000,150.865000
1505901420,150.865000,150.868000,150.831000,150.841000
1505901480,150.838000,150.857000,150.837000,150.837000
1505901540,150.837000,150.874000,150.832000,150.849000
1505901600,150.851000,150.854000,150.828000,150.853000
1505901660,150.849000,150.849000,150.802000,150.802000
1505901720,150.799000,150.809000,150.694000,150.708000
1505901780,150.709000,150.731000,150.709000,150.721000
1505901840,150.722000,150.740000,150.720000,150.729000
1505901900,150.727000,150.740000,150.704000,150.714000
1505901960,150.715000,150.728000,150.711000,150.728000
1505902020,150.726000,150.726000,150.702000,150.705000
1505902080,150.702000,150.751000,150.697000,150.737000
1505902140,150.738000,150.760000,150.737000,150.752000
1505902200,150.754000,150.771000,150.754000,150.769000
1505902260,150.769000,150.788000,150.761000,150.780000
1505902320,150.778000,150.778000,150.759000,150.771000
1505902380,150.771000,150.786000,150.752000,150.755000
1505902440,150.755000,150.784000,150.754000,150.762000
1505902500,150.766000,150.772000,150.752000,150.757000
1505902560,150.754000,150.757000,150.745000,150.745000
1505902620,150.745000,150.746000,150.723000,150.728000
1505902680,150.726000,150.728000,150.594000,150.606000
1505902740,150.602000,150.602000,150.559000,150.583000
1505902800,150.580000,150.608000,150.571000,150.607000
1505902860,150.599000,150.599000,150.554000,150.557000
1505902920,150.560000,150.571000,150.534000,150.537000
1505902980,150.534000,150.535000,150.463000,150.528000
1505903040,150.531000,150.531000,150.501000,150.501000
1505903100,150.512000,150.596000,150.511000,150.553000
1505903160,150.551000,150.615000,150.540000,150.615000
1505903220,150.613000,150.658000,150.608000,150.651000
1505903280,150.648000,150.687000,150.646000,150.678000
1505903340,150.675000,150.675000,150.636000,150.663000
1505903400,150.661000,150.661000,150.617000,150.634000
1505903460,150.632000,150.646000,150.625000,150.638000
1505903520,150.636000,150.652000,150.630000,150.647000
1505903580,150.645000,150.670000,150.633000,150.670000
1505903640,150.668000,150.676000,150.660000,150.666000
1505903700,150.664000,150.666000,150.659000,150.661000
1505903760,150.661000,150.680000,150.661000,150.680000
1505903820,150.682000,150.692000,150.680000,150.692000
1505903880,150.692000,150.709000,150.692000,150.708000
1505903940,150.705000,150.705000,150.618000,150.619000
1505904000,150.612000,150.628000,150.600000,150.627000
1505904060,150.629000,150.633000,150.615000,150.620000
1505904120,150.621000,150.638000,150.587000,150.603000
1505904180,150.603000,150.603000,150.572000,150.573000
1505904240,150.575000,150.576000,150.560000,150.569000
1505904300,150.568000,150.579000,150.557000,150.557000
1505904360,150.559000,150.574000,150.554000,150.574000
1505904420,150.570000,150.573000,150.561000,150.573000
1505904480,150.570000,150.589000,150.567000,150.575000
1505904540,150.577000,150.593000,150.577000,150.586000
1505904600,150.588000,150.588000,150.565000,150.570000
1505904660,150.570000,150.573000,150.558000,150.560000
1505904720,150.560000,150.560000,150.543000,150.552000
1505904780,150.554000,150.562000,150.538000,150.538000
1505904840,150.542000,150.548000,150.535000,150.535000
1505904900,150.538000,150.588000,150.532000,150.564000
1505904960,150.564000,150.616000,150.564000,150.610000
1505905020,150.610000,150.680000,150.607000,150.677000
1505905080,150.676000,150.676000,150.608000,150.608000
1505905140,150.606000,150.606000,150.571000,150.571000
1505905200,150.572000,150.578000,150.509000,150.523000
1505905260,150.523000,150.575000,150.522000,150.573000
1505905320,150.571000,150.597000,150.559000,150.597000
1505905380,150.593000,150.593000,150.543000,150.580000
1505905440,150.580000,150.596000,150.571000,150.578000
1505905500,150.582000,150.584000,150.558000,150.558000
1505905560,150.555000,150.555000,150.543000,150.551000
1505905620,150.553000,150.577000,150.553000,150.571000
1505905680,150.568000,150.578000,150.556000,150.556000
1505905740,150.556000,150.579000,150.552000,150.565000
1505905800,150.567000,150.596000,150.563000,150.577000
1505905860,150.575000,150.599000,150.572000,150.593000
1505905920,150.596000,150.629000,150.596000,150.624000
1505905980,150.625000,150.634000,150.625000,150.628000
1505906040,150.625000,150.625000,150.605000,150.621000
1505906100,150.628000,150.637000,150.622000,150.633000
1505906160,150.635000,150.661000,150.631000,150.655000
1505906220,150.659000,150.670000,150.656000,150.656000
1505906280,150.658000,150.658000,150.636000,150.643000
1505906340,150.645000,150.661000,150.637000,150.661000
1505906400,150.658000,150.667000,150.645000,150.662000
1505906460,150.662000,150.683000,150.662000,150.675000
1505906520,150.678000,150.707000,150.667000,150.703000
1505906580,150.703000,150.746000,150.698000,150.728000
1505906640,150.728000,150.753000,150.728000,150.747000
1505906700,150.747000,150.785000,150.744000,150.776000
1505906760,150.776000,150.797000,150.747000,150.749000
1505906820,150.749000,150.769000,150.740000,150.769000
1505906880,150.769000,150.769000,150.762000,150.764000
1505906940,150.764000,150.790000,150.764000,150.790000
1505907000,150.792000,150.823000,150.774000,150.777000
1505907060,150.772000,150.786000,150.743000,150.743000
1505907120,150.744000,150.761000,150.744000,150.755000
1505907180,150.755000,150.764000,150.744000,150.763000
1505907240,150.761000,150.803000,150.761000,150.790000
1505907300,150.789000,150.808000,150.780000,150.793000
1505907360,150.794000,150.794000,150.784000,150.793000
1505907420,150.793000,150.801000,150.746000,150.749000
1505907480,150.753000,150.766000,150.750000,150.762000
1505907540,150.762000,150.769000,150.743000,150.743000
1505907600,150.745000,150.747000,150.703000,150.731000
1505907660,150.727000,150.727000,150.704000,150.705000
1505907720,150.704000,150.711000,150.685000,150.690000
1505907780,150.691000,150.695000,150.682000,150.686000
1505907840,150.688000,150.703000,150.686000,150.703000
1505907900,150.701000,150.711000,150.671000,150.677000
1505907960,150.679000,150.698000,150.656000,150.673000
1505908020,150.675000,150.676000,150.652000,150.654000
1505908080,150.656000,150.676000,150.649000,150.672000
1505908140,150.672000,150.675000,150.657000,150.663000
1505908200,150.664000,150.680000,150.650000,150.677000
1505908260,150.679000,150.679000,150.630000,150.647000
1505908320,150.646000,150.663000,150.646000,150.663000
1505908380,150.666000,150.678000,150.644000,150.649000
1505908440,150.647000,150.647000,150.610000,150.615000
1505908500,150.621000,150.634000,150.618000,150.625000
1505908560,150.623000,150.654000,150.623000,150.637000
1505908620,150.638000,150.653000,150.629000,150.629000
1505908680,150.630000,150.633000,150.619000,150.621000
1505908740,150.624000,150.652000,150.615000,150.651000
1505908800,150.650000,150.689000,150.646000,150.689000
1505908860,150.686000,150.695000,150.660000,150.664000
1505908920,150.664000,150.687000,150.648000,150.658000
1505908980,150.654000,150.661000,150.642000,150.646000
1505909040,150.647000,150.661000,150.641000,150.643000
1505909100,150.641000,150.658000,150.637000,150.651000
1505909160,150.651000,150.685000,150.646000,150.656000
1505909220,150.653000,150.671000,150.622000,150.667000
1505909280,150.667000,150.688000,150.667000,150.678000
1505909340,150.678000,150.726000,150.678000,150.720000
1505909400,150.720000,150.730000,150.713000,150.719000
1505909460,150.722000,150.729000,150.720000,150.721000
1505909520,150.723000,150.725000,150.692000,150.708000
1505909580,150.704000,150.718000,150.692000,150.703000
1505909640,150.705000,150.722000,150.683000,150.683000
1505909700,150.686000,150.724000,150.686000,150.713000
1505909760,150.713000,150.758000,150.708000,150.750000
1505909820,150.748000,150.760000,150.729000,150.737000
1505909880,150.734000,150.758000,150.729000,150.739000
1505909940,150.739000,150.758000,150.739000,150.751000
1505910000,150.753000,150.789000,150.753000,150.783000
1505910060,150.786000,150.824000,150.786000,150.822000
1505910120,150.820000,150.849000,150.816000,150.816000
1505910180,150.816000,150.838000,150.807000,150.817000
1505910240,150.815000,150.816000,150.783000,150.798000
1505910300,150.798000,150.812000,150.787000,150.801000
1505910360,150.801000,150.807000,150.787000,150.803000
1505910420,150.801000,150.802000,150.778000,150.778000
1505910480,150.781000,150.781000,150.755000,150.756000
1505910540,150.754000,150.760000,150.742000,150.743000
1505910600,150.746000,150.759000,150.746000,150.749000
1505910660,150.751000,150.761000,150.741000,150.748000
1505910720,150.749000,150.759000,150.728000,150.731000
1505910780,150.732000,150.742000,150.720000,150.737000
1505910840,150.737000,150.761000,150.734000,150.749000
1505910900,150.744000,150.755000,150.733000,150.755000
1505910960,150.757000,150.781000,150.755000,150.781000
1505911020,150.781000,150.781000,150.773000,150.778000
1505911080,150.780000,150.781000,150.770000,150.772000
1505911140,150.772000,150.774000,150.753000,150.768000
1505911200,150.768000,150.775000,150.748000,150.755000
1505911260,150.755000,150.756000,150.745000,150.754000
1505911320,150.754000,150.781000,150.750000,150.778000
1505911380,150.776000,150.780000,150.760000,150.777000
1505911440,150.777000,150.782000,150.770000,150.776000
1505911500,150.776000,150.793000,150.776000,150.783000
1505911560,150.786000,150.790000,150.777000,150.780000
1505911620,150.782000,150.809000,150.781000,150.809000
1505911680,150.809000,150.816000,150.804000,150.807000
1505911740,150.807000,150.808000,150.782000,150.782000
1505911800,150.782000,150.803000,150.776000,150.793000
1505911860,150.790000,150.815000,150.777000,150.791000
1505911920,150.794000,150.801000,150.779000,150.798000
1505911980,150.799000,150.811000,150.792000,150.797000
1505912040,150.799000,150.812000,150.768000,150.778000
1505912100,150.779000,150.780000,150.764000,150.772000
1505912160,150.772000,150.838000,150.772000,150.800000
1505912220,150.800000,150.831000,150.793000,150.821000
1505912280,150.819000,150.846000,150.817000,150.824000
1505912340,150.824000,150.824000,150.792000,150.792000
1505912400,150.793000,150.838000,150.793000,150.813000
1505912460,150.813000,150.820000,150.783000,150.783000
1505912520,150.783000,150.798000,150.764000,150.771000
1505912580,150.769000,150.771000,150.722000,150.736000
1505912640,150.736000,150.745000,150.709000,150.709000
1505912700,150.712000,150.719000,150.689000,150.716000
1505912760,150.712000,150.712000,150.695000,150.702000
1505912820,150.704000,150.716000,150.704000,150.715000
1505912880,150.715000,150.755000,150.702000,150.752000
1505912940,150.758000,150.791000,150.756000,150.756000
1505913000,150.753000,150.767000,150.708000,150.708000
1505913060,150.708000,150.720000,150.685000,150.716000
1505913120,150.716000,150.727000,150.705000,150.727000
1505913180,150.728000,150.756000,150.723000,150.741000
1505913240,150.738000,150.744000,150.728000,150.742000
1505913300,150.741000,150.762000,150.737000,150.757000
1505913360,150.760000,150.782000,150.760000,150.766000
1505913420,150.766000,150.774000,150.766000,150.771000
1505913480,150.774000,150.778000,150.759000,150.764000
1505913540,150.765000,150.788000,150.764000,150.778000
1505913600,150.775000,150.812000,150.775000,150.810000
1505913660,150.812000,150.818000,150.793000,150.793000
1505913720,150.793000,150.810000,150.787000,150.809000
1505913780,150.809000,150.810000,150.798000,150.810000
1505913840,150.808000,150.821000,150.798000,150.807000
1505913900,150.806000,150.822000,150.799000,150.811000
1505913960,150.809000,150.816000,150.805000,150.807000
1505914020,150.810000,150.853000,150.810000,150.839000
1505914080,150.809000,150.809000,150.782000,150.798000
1505914140,150.800000,150.801000,150.788000,150.797000
1505914200,150.797000,150.835000,150.783000,150.812000
1505914260,150.812000,150.822000,150.787000,150.803000
1505914320,150.800000,150.821000,150.792000,150.813000
1505914380,150.816000,150.828000,150.810000,150.810000
1505914440,150.810000,150.834000,150.807000,150.828000
1505914500,150.830000,150.854000,150.822000,150.844000
1505914560,150.844000,150.845000,150.811000,150.818000
1505914620,150.820000,150.877000,150.816000,150.876000
1505914680,150.878000,150.891000,150.873000,150.874000
1505914740,150.874000,150.899000,150.870000,150.896000
1505914800,150.896000,150.898000,150.878000,150.892000
1505914860,150.890000,150.918000,150.886000,150.914000
1505914920,150.914000,150.926000,150.907000,150.919000
1505914980,150.920000,150.934000,150.907000,150.916000
1505915040,150.917000,150.992000,150.908000,150.981000
1505915100,150.980000,150.996000,150.975000,150.980000
1505915160,150.983000,150.985000,150.953000,150.984000
1505915220,150.980000,150.989000,150.952000,150.956000
1505915280,150.956000,150.989000,150.948000,150.981000
1505915340,150.980000,150.980000,150.944000,150.961000
1505915400,150.963000,150.981000,150.951000,150.951000
1505915460,150.951000,151.048000,150.950000,151.042000
1505915520,151.045000,151.082000,151.028000,151.028000
1505915580,151.028000,151.054000,151.021000,151.054000
1505915640,151.052000,151.070000,151.030000,151.030000
1505915700,151.027000,151.048000,150.995000,151.044000
1505915760,151.044000,151.049000,151.022000,151.029000
1505915820,151.030000,151.030000,150.988000,151.012000
1505915880,151.010000,151.047000,151.010000,151.024000
1505915940,151.023000,151.049000,151.022000,151.041000
1505916000,151.041000,151.098000,151.014000,151.077000
1505916060,151.073000,151.114000,151.071000,151.110000
1505916120,151.105000,151.122000,151.097000,151.109000
1505916180,151.108000,151.155000,151.104000,151.139000
1505916240,151.141000,151.141000,151.115000,151.115000
1505916300,151.112000,151.112000,151.074000,151.097000
1505916360,151.099000,151.117000,151.060000,151.067000
1505916420,151.065000,151.086000,151.047000,151.070000
1505916480,151.072000,151.094000,151.065000,151.067000
1505916540,151.068000,151.080000,151.059000,151.069000
1505916600,151.071000,151.080000,151.051000,151.053000
1505916660,151.055000,151.067000,151.035000,151.067000
1505916720,151.063000,151.063000,151.019000,151.038000
1505916780,151.041000,151.051000,151.004000,151.004000
1505916840,151.001000,151.008000,150.969000,151.005000
1505916900,151.004000,151.018000,150.985000,151.018000
1505916960,151.017000,151.047000,151.017000,151.038000
1505917020,151.039000,151.067000,151.031000,151.031000
1505917080,151.034000,151.045000,151.012000,151.038000
1505917140,151.039000,151.047000,151.006000,151.038000
1505917200,151.041000,151.052000,151.029000,151.040000
1505917260,151.040000,151.048000,151.026000,151.048000
1505917320,151.050000,151.081000,151.050000,151.060000
1505917380,151.062000,151.097000,151.029000,151.046000
1505917440,151.044000,151.045000,151.026000,151.033000
1505917500,151.031000,151.057000,151.027000,151.048000
1505917560,151.049000,151.062000,151.029000,151.032000
1505917620,151.035000,151.069000,151.035000,151.059000
1505917680,151.061000,151.093000,151.061000,151.093000
1505917740,151.094000,151.105000,151.087000,151.087000
1505917800,151.087000,151.100000,151.079000,151.089000
1505917860,151.089000,151.090000,151.064000,151.072000
1505917920,151.074000,151.109000,151.070000,151.096000
1505917980,151.095000,151.106000,151.073000,151.073000
1505918040,151.075000,151.243000,151.075000,151.223000
1505918100,151.224000,151.270000,151.215000,151.230000
1505918160,151.229000,151.266000,151.213000,151.231000
1505918220,151.234000,151.234000,151.201000,151.202000
1505918280,151.204000,151.241000,151.194000,151.236000
1505918340,151.237000,151.250000,151.231000,151.244000
1505918400,151.241000,151.252000,151.203000,151.204000
1505918460,151.203000,151.220000,151.193000,151.195000
1505918520,151.205000,151.244000,151.200000,151.244000
1505918580,151.244000,151.276000,151.238000,151.276000
1505918640,151.280000,151.345000,151.280000,151.326000
1505918700,151.323000,151.349000,151.307000,151.335000
1505918760,151.333000,151.340000,151.280000,151.285000
1505918820,151.286000,151.294000,151.261000,151.271000
1505918880,151.270000,151.317000,151.267000,151.307000
1505918940,151.305000,151.326000,151.298000,151.312000
1505919000,151.310000,151.334000,151.294000,151.333000
1505919060,151.331000,151.331000,151.281000,151.313000
1505919120,151.314000,151.333000,151.306000,151.325000
1505919180,151.322000,151.354000,151.309000,151.325000
1505919240,151.328000,151.338000,151.269000,151.280000
1505919300,151.280000,151.292000,151.266000,151.268000
1505919360,151.268000,151.287000,151.253000,151.287000
1505919420,151.286000,151.286000,151.163000,151.168000
1505919480,151.171000,151.171000,151.100000,151.100000
1505919540,151.098000,151.174000,151.095000,151.173000
1505919600,151.171000,151.177000,151.083000,151.095000
1505919660,151.101000,151.106000,151.029000,151.077000
1505919720,151.078000,151.096000,151.056000,151.093000
1505919780,151.091000,151.119000,151.087000,151.104000
1505919840,151.100000,151.103000,151.051000,151.052000
1505919900,151.049000,151.121000,151.045000,151.110000
1505919960,151.110000,151.141000,151.090000,151.105000
1505920020,151.107000,151.134000,151.107000,151.118000
1505920080,151.117000,151.144000,151.110000,151.140000
1505920140,151.135000,151.135000,151.094000,151.107000
1505920200,151.107000,151.145000,151.107000,151.116000
1505920260,151.117000,151.128000,151.094000,151.105000
1505920320,151.105000,151.112000,151.086000,151.088000
1505920380,151.089000,151.116000,151.088000,151.100000
1505920440,151.098000,151.128000,151.098000,151.111000
1505920500,151.114000,151.116000,151.074000,151.092000
1505920560,151.091000,151.136000,151.087000,151.136000
1505920620,151.138000,151.149000,151.123000,151.145000
1505920680,151.143000,151.159000,151.143000,151.153000
1505920740,151.154000,151.154000,151.126000,151.136000
1505920800,151.138000,151.161000,151.115000,151.115000
1505920860,151.118000,151.136000,151.118000,151.133000
1505920920,151.136000,151.148000,151.127000,151.132000
1505920980,151.135000,151.149000,151.126000,151.137000
1505921040,151.135000,151.148000,151.117000,151.121000
1505921100,151.120000,151.133000,151.115000,151.121000
1505921160,151.121000,151.121000,151.088000,151.101000
1505921220,151.102000,151.120000,151.079000,151.115000
1505921280,151.117000,151.131000,151.098000,151.098000
1505921340,151.100000,151.130000,151.060000,151.075000
1505921400,151.077000,151.132000,151.077000,151.132000
1505921460,151.130000,151.130000,151.110000,151.126000
1505921520,151.129000,151.137000,151.101000,151.120000
1505921580,151.123000,151.163000,151.123000,151.155000
1505921640,151.153000,151.158000,151.144000,151.152000
1505921700,151.153000,151.153000,151.106000,151.106000
1505921760,151.106000,151.126000,151.105000,151.112000
1505921820,151.110000,151.110000,151.097000,151.107000
1505921880,151.106000,151.118000,151.058000,151.065000
1505921940,151.066000,151.084000,151.061000,151.068000
1505922000,151.065000,151.072000,151.049000,151.069000
1505922060,151.070000,151.104000,151.069000,151.092000
1505922120,151.095000,151.105000,151.084000,151.088000
1505922180,151.088000,151.135000,151.088000,151.134000
1505922240,151.134000,151.137000,151.119000,151.130000
1505922300,151.132000,151.134000,151.096000,151.119000
1505922360,151.120000,151.156000,151.120000,151.145000
1505922420,151.147000,151.155000,151.144000,151.153000
1505922480,151.151000,151.156000,151.143000,151.146000
1505922540,151.143000,151.152000,151.140000,151.149000
1505922600,151.151000,151.151000,151.125000,151.138000
1505922660,151.141000,151.144000,151.131000,151.135000
1505922720,151.136000,151.151000,151.129000,151.148000
1505922780,151.152000,151.174000,151.152000,151.172000
1505922840,151.172000,151.224000,151.172000,151.217000
1505922900,151.214000,151.221000,151.191000,151.216000
1505922960,151.220000,151.224000,151.198000,151.216000
1505923020,151.215000,151.230000,151.198000,151.229000
1505923080,151.231000,151.238000,151.217000,151.237000
1505923140,151.238000,151.244000,151.219000,151.226000
1505923200,151.227000,151.248000,151.210000,151.239000
1505923260,151.242000,151.242000,151.225000,151.234000
1505923320,151.236000,151.268000,151.236000,151.252000
1505923380,151.254000,151.262000,151.181000,151.192000
1505923440,151.193000,151.219000,151.192000,151.206000
1505923500,151.206000,151.210000,151.194000,151.199000
1505923560,151.199000,151.199000,151.159000,151.169000
1505923620,151.165000,151.165000,151.129000,151.129000
1505923680,151.130000,151.130000,151.102000,151.108000
1505923740,151.104000,151.106000,151.064000,151.071000
1505923800,151.069000,151.075000,151.064000,151.071000
1505923860,151.081000,151.139000,151.079000,151.123000
1505923920,151.123000,151.141000,151.118000,151.141000
1505923980,151.143000,151.156000,151.131000,151.141000
1505924040,151.141000,151.143000,151.130000,151.135000
1505924100,151.139000,151.139000,151.126000,151.128000
1505924160,151.127000,151.151000,151.118000,151.148000
1505924220,151.149000,151.150000,151.131000,151.133000
1505924280,151.133000,151.143000,151.127000,151.129000
1505924340,151.131000,151.143000,151.129000,151.142000
1505924400,151.140000,151.163000,151.136000,151.160000
1505924460,151.163000,151.165000,151.147000,151.163000
1505924520,151.165000,151.179000,151.163000,151.166000
1505924580,151.165000,151.165000,151.153000,151.161000
1505924640,151.161000,151.183000,151.161000,151.176000
1505924700,151.178000,151.183000,151.152000,151.152000
1505924760,151.152000,151.172000,151.152000,151.167000
1505924820,151.169000,151.171000,151.117000,151.155000
1505924880,151.157000,151.194000,151.155000,151.194000
1505924940,151.192000,151.224000,151.191000,151.212000
1505925000,151.210000,151.223000,151.201000,151.221000
1505925060,151.219000,151.228000,151.208000,151.220000
1505925120,151.218000,151.234000,151.211000,151.214000
1505925180,151.214000,151.222000,151.211000,151.211000
1505925240,151.212000,151.212000,151.189000,151.203000
1505925300,151.201000,151.230000,151.195000,151.221000
1505925360,151.223000,151.223000,151.216000,151.218000
1505925420,151.220000,151.237000,151.214000,151.236000
1505925480,151.237000,151.241000,151.224000,151.236000
1505925540,151.233000,151.302000,151.226000,151.293000
1505925600,151.297000,151.312000,151.272000,151.275000
1505925660,151.278000,151.318000,151.262000,151.307000
1505925720,151.307000,151.312000,151.304000,151.312000
1505925780,151.310000,151.310000,151.289000,151.298000
1505925840,151.298000,151.318000,151.296000,151.313000
1505925900,151.313000,151.372000,151.313000,151.352000
1505925960,151.350000,151.353000,151.284000,151.337000
1505926020,151.335000,151.359000,151.332000,151.353000
1505926080,151.353000,151.354000,151.329000,151.341000
1505926140,151.342000,151.342000,151.307000,151.311000
1505926200,151.308000,151.328000,151.307000,151.316000
1505926260,151.312000,151.363000,151.310000,151.316000
1505926320,151.313000,151.376000,151.310000,151.376000
1505926380,151.377000,151.421000,151.374000,151.403000
1505926440,151.405000,151.420000,151.374000,151.399000
1505926500,151.401000,151.405000,151.337000,151.360000
1505926560,151.359000,151.359000,151.334000,151.352000
1505926620,151.354000,151.364000,151.311000,151.311000
1505926680,151.307000,151.341000,151.306000,151.335000
1505926740,151.333000,151.333000,151.275000,151.287000
1505926800,151.289000,151.327000,151.289000,151.310000
1505926860,151.311000,151.315000,151.298000,151.307000
1505926920,151.310000,151.318000,151.307000,151.318000
1505926980,151.318000,151.324000,151.315000,151.324000
1505927040,151.322000,151.338000,151.318000,151.338000
1505927100,151.338000,151.339000,151.312000,151.319000
1505927160,151.319000,151.326000,151.317000,151.324000
1505927220,151.322000,151.322000,151.302000,151.306000
1505927280,151.305000,151.305000,151.295000,151.295000
1505927340,151.295000,151.297000,151.275000,151.280000
1505927400,151.280000,151.295000,151.277000,151.283000
1505927460,151.285000,151.311000,151.285000,151.309000
1505927520,151.306000,151.314000,151.300000,151.300000
1505927580,151.302000,151.309000,151.299000,151.299000
1505927640,151.297000,151.306000,151.295000,151.301000
1505927700,151.301000,151.318000,151.299000,151.310000
1505927760,151.308000,151.371000,151.299000,151.366000
1505927820,151.368000,151.375000,151.362000,151.373000
1505927880,151.372000,151.375000,151.344000,151.354000
1505927940,151.352000,151.359000,151.320000,151.320000
1505928000,151.318000,151.343000,151.314000,151.341000
1505928060,151.339000,151.339000,151.323000,151.329000
1505928120,151.329000,151.334000,151.300000,151.308000
1505928180,151.308000,151.323000,151.308000,151.323000
1505928240,151.320000,151.323000,151.314000,151.319000
1505928300,151.316000,151.323000,151.315000,151.315000
1505928360,151.314000,151.318000,151.304000,151.312000
1505928420,151.315000,151.354000,151.315000,151.352000
1505928480,151.347000,151.357000,151.342000,151.343000
1505928540,151.342000,151.347000,151.292000,151.311000
1505928600,151.307000,151.307000,151.290000,151.294000
1505928660,151.296000,151.307000,151.294000,151.305000
1505928720,151.310000,151.323000,151.306000,151.310000
1505928780,151.310000,151.317000,151.306000,151.307000
1505928840,151.307000,151.309000,151.276000,151.289000
1505928900,151.287000,151.368000,151.280000,151.349000
1505928960,151.350000,151.462000,151.343000,151.387000
1505929020,151.387000,151.402000,151.332000,151.336000
1505929080,151.335000,151.354000,151.329000,151.332000
1505929140,151.333000,151.359000,151.333000,151.337000
1505929200,151.340000,151.354000,151.332000,151.332000
1505929260,151.334000,151.343000,151.328000,151.336000
1505929320,151.336000,151.340000,151.333000,151.338000
1505929380,151.338000,151.352000,151.338000,151.347000
1505929440,151.347000,151.354000,151.321000,151.329000
1505929500,151.328000,151.349000,151.328000,151.347000
1505929560,151.350000,151.357000,151.341000,151.346000
1505929620,151.345000,151.355000,151.337000,151.341000
1505929680,151.342000,151.355000,151.337000,151.351000
1505929740,151.350000,151.360000,151.341000,151.344000
1505929800,151.346000,151.366000,151.342000,151.352000
1505929860,151.349000,151.364000,151.333000,151.355000
1505929920,151.353000,151.353000,151.319000,151.325000
1505929980,151.322000,151.336000,151.316000,151.320000
1505930040,151.318000,151.328000,151.280000,151.307000
1505930100,151.304000,151.308000,151.280000,151.304000
1505930160,151.301000,151.308000,151.248000,151.260000
1505930220,151.262000,151.276000,151.260000,151.276000
1505930280,151.273000,151.305000,151.255000,151.296000
1505930340,151.288000,151.412000,151.282000,151.346000
1505930400,151.322000,152.157000,151.322000,151.944000
1505930460,151.960000,152.080000,151.605000,151.621000
1505930520,151.601000,151.649000,151.542000,151.597000
1505930580,151.590000,151.626000,151.534000,151.569000
1505930640,151.555000,151.619000,151.524000,151.611000
1505930700,151.608000,151.729000,151.601000,151.710000
1505930760,151.705000,151.715000,151.564000,151.600000
1505930820,151.602000,151.614000,151.544000,151.580000
1505930880,151.573000,151.606000,151.504000,151.542000
1505930940,151.530000,151.601000,151.466000,151.552000
1505931000,151.557000,151.591000,151.483000,151.563000
1505931060,151.570000,151.641000,151.545000,151.594000
1505931120,151.589000,151.624000,151.588000,151.599000
1505931180,151.597000,151.626000,151.560000,151.611000
1505931240,151.608000,151.627000,151.563000,151.605000
1505931300,151.607000,151.619000,151.512000,151.517000
1505931360,151.513000,151.604000,151.501000,151.558000
1505931420,151.556000,151.593000,151.495000,151.511000
1505931480,151.512000,151.619000,151.512000,151.586000
1505931540,151.597000,151.629000,151.567000,151.585000
1505931600,151.582000,151.590000,151.535000,151.548000
1505931660,151.552000,151.570000,151.328000,151.328000
1505931720,151.339000,151.386000,151.217000,151.217000
1505931780,151.217000,151.268000,151.179000,151.249000
1505931840,151.251000,151.359000,151.237000,151.348000
1505931900,151.344000,151.363000,151.275000,151.303000
1505931960,151.306000,151.345000,151.288000,151.290000
1505932020,151.289000,151.426000,151.287000,151.425000
1505932080,151.427000,151.435000,151.323000,151.323000
1505932140,151.323000,151.338000,151.305000,151.335000
1505932200,151.338000,151.344000,151.248000,151.261000
1505932260,151.261000,151.318000,151.234000,151.242000
1505932320,151.238000,151.288000,151.220000,151.281000
1505932380,151.281000,151.298000,151.216000,151.282000
1505932440,151.290000,151.312000,151.171000,151.245000
1505932500,151.253000,151.359000,151.252000,151.356000
1505932560,151.358000,151.370000,151.276000,151.306000
1505932620,151.305000,151.315000,151.249000,151.286000
1505932680,151.294000,151.311000,151.253000,151.292000
1505932740,151.294000,151.319000,151.258000,151.258000
1505932800,151.255000,151.305000,151.187000,151.238000
1505932860,151.241000,151.263000,151.212000,151.246000
1505932920,151.248000,151.349000,151.242000,151.305000
1505932980,151.312000,151.319000,151.255000,151.286000
1505933040,151.288000,151.327000,151.268000,151.325000
1505933100,151.328000,151.370000,151.319000,151.347000
1505933160,151.359000,151.359000,151.275000,151.328000
1505933220,151.330000,151.394000,151.328000,151.352000
1505933280,151.349000,151.387000,151.321000,151.337000
1505933340,151.332000,151.423000,151.313000,151.410000
1505933400,151.405000,151.409000,151.312000,151.332000
1505933460,151.332000,151.391000,151.327000,151.378000
1505933520,151.377000,151.381000,151.333000,151.363000
1505933580,151.371000,151.387000,151.346000,151.378000
1505933640,151.379000,151.433000,151.374000,151.414000
1505933700,151.420000,151.443000,151.372000,151.372000
1505933760,151.381000,151.422000,151.362000,151.416000
1505933820,151.415000,151.431000,151.382000,151.414000
1505933880,151.416000,151.423000,151.390000,151.403000
1505933940,151.399000,151.488000,151.399000,151.446000
1505934000,151.452000,151.489000,151.414000,151.440000
1505934060,151.442000,151.493000,151.442000,151.470000
1505934120,151.476000,151.484000,151.406000,151.415000
1505934180,151.420000,151.450000,151.391000,151.412000
1505934240,151.409000,151.468000,151.402000,151.455000
1505934300,151.455000,151.481000,151.437000,151.454000
1505934360,151.453000,151.487000,151.439000,151.476000
1505934420,151.476000,151.476000,151.434000,151.451000
1505934480,151.454000,151.462000,151.425000,151.425000
1505934540,151.429000,151.464000,151.393000,151.448000
1505934600,151.443000,151.465000,151.422000,151.431000
1505934660,151.425000,151.452000,151.419000,151.430000
1505934720,151.428000,151.441000,151.408000,151.432000
1505934780,151.436000,151.503000,151.436000,151.471000
1505934840,151.470000,151.472000,151.428000,151.444000
1505934900,151.446000,151.449000,151.404000,151.410000
1505934960,151.410000,151.455000,151.407000,151.453000
1505935020,151.451000,151.488000,151.441000,151.461000
1505935080,151.459000,151.478000,151.445000,151.467000
1505935140,151.461000,151.486000,151.435000,151.479000
1505935200,151.481000,151.484000,151.453000,151.458000
1505935260,151.454000,151.492000,151.452000,151.492000
1505935320,151.490000,151.498000,151.445000,151.465000
1505935380,151.463000,151.463000,151.402000,151.435000
1505935440,151.433000,151.438000,151.414000,151.424000
1505935500,151.426000,151.460000,151.426000,151.438000
1505935560,151.444000,151.468000,151.444000,151.459000
1505935620,151.458000,151.463000,151.403000,151.409000
1505935680,151.408000,151.414000,151.381000,151.402000
1505935740,151.405000,151.480000,151.405000,151.470000
1505935800,151.480000,151.480000,151.433000,151.467000
1505935860,151.475000,151.491000,151.435000,151.445000
1505935920,151.436000,151.468000,151.417000,151.439000
1505935980,151.437000,151.446000,151.407000,151.435000
1505936040,151.439000,151.498000,151.421000,151.481000
1505936100,151.483000,151.525000,151.450000,151.497000
1505936160,151.500000,151.500000,151.407000,151.407000
1505936220,151.414000,151.426000,151.380000,151.423000
1505936280,151.427000,151.443000,151.392000,151.395000
1505936340,151.395000,151.426000,151.389000,151.406000
1505936400,151.407000,151.416000,151.389000,151.398000
1505936460,151.401000,151.425000,151.380000,151.400000
1505936520,151.400000,151.409000,151.384000,151.387000
1505936580,151.384000,151.422000,151.382000,151.404000
1505936640,151.404000,151.404000,151.343000,151.362000
1505936700,151.361000,151.415000,151.349000,151.393000
1505936760,151.393000,151.403000,151.352000,151.353000
1505936820,151.351000,151.397000,151.351000,151.383000
1505936880,151.381000,151.431000,151.370000,151.424000
1505936940,151.425000,151.431000,151.409000,151.416000
1505937000,151.422000,151.439000,151.406000,151.416000
1505937060,151.420000,151.428000,151.385000,151.416000
1505937120,151.421000,151.442000,151.416000,151.425000
1505937180,151.427000,151.437000,151.395000,151.396000
1505937240,151.397000,151.409000,151.353000,151.361000
1505937300,151.364000,151.373000,151.327000,151.339000
1505937360,151.341000,151.382000,151.341000,151.382000
1505937420,151.379000,151.433000,151.367000,151.421000
1505937480,151.425000,151.456000,151.391000,151.454000
1505937540,151.456000,151.469000,151.444000,151.456000
1505937600,151.455000,151.475000,151.417000,151.452000
1505937660,151.453000,151.461000,151.401000,151.410000
1505937720,151.410000,151.415000,151.382000,151.405000
1505937780,151.408000,151.420000,151.398000,151.415000
1505937840,151.408000,151.428000,151.408000,151.423000
1505937900,151.425000,151.441000,151.423000,151.425000
1505937960,151.426000,151.452000,151.412000,151.450000
1505938020,151.448000,151.470000,151.447000,151.450000
1505938080,151.451000,151.455000,151.446000,151.454000
1505938140,151.453000,151.455000,151.440000,151.451000
1505938200,151.447000,151.460000,151.437000,151.440000
1505938260,151.440000,151.463000,151.440000,151.447000
1505938320,151.446000,151.451000,151.421000,151.422000
1505938380,151.425000,151.434000,151.417000,151.433000
1505938440,151.432000,151.432000,151.399000,151.399000
1505938500,151.397000,151.441000,151.397000,151.439000
1505938560,151.438000,151.443000,151.422000,151.422000
1505938620,151.420000,151.420000,151.367000,151.367000
1505938680,151.366000,151.405000,151.366000,151.367000
1505938740,151.367000,151.381000,151.348000,151.363000
1505938800,151.358000,151.401000,151.318000,151.384000
1505938860,151.384000,151.397000,151.344000,151.344000
1505938920,151.342000,151.358000,151.316000,151.356000
1505938980,151.356000,151.388000,151.299000,151.302000
1505939040,151.303000,151.310000,151.253000,151.260000
1505939100,151.261000,151.277000,151.236000,151.277000
1505939160,151.274000,151.295000,151.260000,151.281000
1505939220,151.281000,151.299000,151.281000,151.299000
1505939280,151.302000,151.336000,151.292000,151.315000
1505939340,151.315000,151.315000,151.278000,151.278000
1505939400,151.279000,151.306000,151.262000,151.306000
1505939460,151.303000,151.307000,151.273000,151.294000
1505939520,151.291000,151.301000,151.282000,151.301000
1505939580,151.301000,151.330000,151.297000,151.329000
1505939640,151.332000,151.348000,151.316000,151.345000
1505939700,151.347000,151.370000,151.347000,151.356000
1505939760,151.356000,151.359000,151.352000,151.355000
1505939820,151.359000,151.359000,151.317000,151.321000
1505939880,151.322000,151.355000,151.322000,151.347000
1505939940,151.351000,151.356000,151.331000,151.334000
1505940000,151.335000,151.338000,151.327000,151.338000
1505940060,151.337000,151.337000,151.321000,151.327000
1505940120,151.327000,151.340000,151.325000,151.338000
1505940180,151.337000,151.357000,151.337000,151.352000
1505940240,151.349000,151.358000,151.344000,151.349000
1505940300,151.348000,151.353000,151.344000,151.351000
1505940360,151.348000,151.348000,151.310000,151.314000
1505940420,151.312000,151.319000,151.308000,151.316000
1505940480,151.316000,151.316000,151.275000,151.275000
1505940540,151.278000,151.293000,151.278000,151.284000
1505940600,151.288000,151.308000,151.284000,151.306000
1505940660,151.304000,151.320000,151.304000,151.320000
1505940720,151.317000,151.322000,151.302000,151.321000
1505940780,151.321000,151.342000,151.321000,151.326000
1505940840,151.323000,151.326000,151.298000,151.302000
1505940900,151.304000,151.314000,151.297000,151.313000
1505940960,151.313000,151.341000,151.301000,151.338000
1505941020,151.338000,151.378000,151.338000,151.378000
1505941080,151.375000,151.382000,151.364000,151.380000
1505941140,151.377000,151.391000,151.340000,151.358000
1505941200,151.351000,151.404000,151.341000,151.399000
1505941260,151.388000,151.441000,151.387000,151.424000
1505941320,151.423000,151.423000,151.399000,151.421000
1505941380,151.422000,151.428000,151.407000,151.428000
1505941440,151.428000,151.430000,151.384000,151.386000
1505941500,151.386000,151.394000,151.363000,151.385000
1505941560,151.388000,151.396000,151.382000,151.395000
1505941620,151.396000,151.398000,151.380000,151.397000
1505941680,151.397000,151.447000,151.397000,151.438000
1505941740,151.437000,151.440000,151.432000,151.432000
1505941800,151.428000,151.438000,151.411000,151.424000
1505941860,151.426000,151.460000,151.426000,151.444000
1505941920,151.445000,151.445000,151.433000,151.435000
1505941980,151.435000,151.435000,151.409000,151.415000
1505942040,151.414000,151.415000,151.408000,151.411000
1505942100,151.411000,151.422000,151.410000,151.414000
1505942160,151.411000,151.412000,151.395000,151.402000
1505942220,151.402000,151.427000,151.396000,151.417000
1505942280,151.419000,151.421000,151.404000,151.420000
1505942340,151.421000,151.424000,151.420000,151.424000
1505942400,151.426000,151.426000,151.425000,151.426000
1505942460,151.427000,151.428000,151.408000,151.408000
1505942520,151.408000,151.446000,151.408000,151.444000
1505942580,151.444000,151.454000,151.440000,151.443000
1505942640,151.443000,151.450000,151.425000,151.450000
1505942700,151.450000,151.450000,151.436000,151.436000
1505942760,151.433000,151.443000,151.427000,151.427000
1505942820,151.427000,151.428000,151.412000,151.412000
1505942880,151.412000,151.412000,151.404000,151.408000
1505942940,151.408000,151.424000,151.408000,151.421000
1505943000,151.422000,151.434000,151.422000,151.434000
1505943060,151.435000,151.457000,151.435000,151.447000
1505943120,151.448000,151.459000,151.447000,151.459000
1505943180,151.460000,151.461000,151.460000,151.461000
1505943240,151.461000,151.461000,151.438000,151.448000
1505943300,151.448000,151.449000,151.442000,151.444000
1505943360,151.443000,151.443000,151.438000,151.438000
1505943420,151.439000,151.439000,151.437000,151.438000
1505943480,151.439000,151.440000,151.438000,151.440000
1505943540,151.441000,151.441000,151.440000,151.440000
1505943720,151.440000,151.451000,151.440000,151.451000
1505943780,151.452000,151.452000,151.450000,151.450000
1505943840,151.452000,151.465000,151.447000,151.464000
1505943900,151.464000,151.467000,151.453000,151.463000
1505943960,151.465000,151.471000,151.462000,151.471000
1505944020,151.481000,151.518000,151.481000,151.486000
1505944080,151.500000,151.510000,151.499000,151.505000
1505944140,151.504000,151.513000,151.503000,151.512000
1505944200,151.508000,151.532000,151.508000,151.531000
1505944260,151.533000,151.545000,151.532000,151.541000
1505944320,151.543000,151.583000,151.540000,151.583000
1505944380,151.582000,151.582000,151.541000,151.560000
1505944440,151.562000,151.563000,151.559000,151.562000
1505944500,151.559000,151.588000,151.551000,151.580000
1505944560,151.578000,151.592000,151.555000,151.588000
1505944620,151.588000,151.589000,151.534000,151.541000
1505944680,151.537000,151.539000,151.512000,151.528000
1505944740,151.530000,151.558000,151.526000,151.553000
1505944800,151.552000,151.569000,151.516000,151.542000
1505944860,151.541000,151.569000,151.541000,151.566000
1505944920,151.562000,151.599000,151.562000,151.596000
1505944980,151.593000,151.603000,151.576000,151.599000
1505945040,151.602000,151.612000,151.589000,151.595000
1505945100,151.596000,151.602000,151.584000,151.595000
1505945160,151.591000,151.595000,151.587000,151.595000
1505945220,151.593000,151.594000,151.563000,151.571000
1505945280,151.569000,151.581000,151.566000,151.575000
1505945340,151.574000,151.587000,151.573000,151.580000
1505945400,151.580000,151.581000,151.566000,151.579000
1505945460,151.576000,151.613000,151.574000,151.607000
1505945520,151.604000,151.623000,151.598000,151.622000
1505945580,151.624000,151.671000,151.618000,151.659000
1505945640,151.662000,151.672000,151.661000,151.672000
1505945700,151.664000,151.666000,151.652000,151.662000
1505945760,151.665000,151.670000,151.657000,151.657000
1505945820,151.658000,151.683000,151.646000,151.678000
1505945880,151.683000,151.683000,151.679000,151.683000
1505945940,151.686000,151.688000,151.679000,151.681000
1505946000,151.679000,151.712000,151.679000,151.711000
1505946060,151.713000,151.714000,151.705000,151.713000
1505946120,151.709000,151.732000,151.709000,151.726000
1505946180,151.727000,151.750000,151.727000,151.745000
1505946240,151.743000,151.797000,151.739000,151.779000
1505946300,151.777000,151.796000,151.759000,151.762000
1505946360,151.757000,151.762000,151.737000,151.762000
1505946420,151.759000,151.766000,151.753000,151.753000
1505946480,151.753000,151.770000,151.726000,151.730000
1505946540,151.728000,151.732000,151.706000,151.729000
1505946600,151.731000,151.746000,151.726000,151.726000
1505946660,151.727000,151.733000,151.723000,151.731000
1505946720,151.731000,151.731000,151.689000,151.689000
1505946780,151.688000,151.696000,151.687000,151.693000
1505946840,151.696000,151.696000,151.668000,151.673000
1505946900,151.671000,151.679000,151.667000,151.679000
1505946960,151.683000,151.683000,151.679000,151.682000
1505947020,151.679000,151.679000,151.668000,151.678000
1505947080,151.676000,151.686000,151.666000,151.686000
1505947140,151.684000,151.692000,151.683000,151.687000
1505947200,151.693000,151.700000,151.693000,151.700000
1505947260,151.697000,151.697000,151.682000,151.682000
1505947320,151.684000,151.684000,151.680000,151.680000
1505947380,151.687000,151.695000,151.687000,151.695000
1505947440,151.698000,151.699000,151.692000,151.699000
1505947500,151.702000,151.713000,151.701000,151.712000
1505947560,151.711000,151.744000,151.710000,151.744000
1505947620,151.744000,151.770000,151.741000,151.770000
1505947680,151.767000,151.774000,151.753000,151.756000
1505947740,151.754000,151.764000,151.735000,151.735000
1505947800,151.733000,151.742000,151.733000,151.740000
1505947860,151.742000,151.751000,151.742000,151.751000
1505947920,151.753000,151.757000,151.731000,151.732000
1505947980,151.733000,151.739000,151.727000,151.738000
1505948040,151.731000,151.740000,151.731000,151.736000
1505948100,151.738000,151.746000,151.738000,151.746000
1505948160,151.746000,151.747000,151.742000,151.747000
1505948220,151.759000,151.761000,151.732000,151.735000
1505948280,151.737000,151.744000,151.714000,151.734000
1505948340,151.732000,151.744000,151.727000,151.729000
1505948400,151.734000,151.756000,151.716000,151.718000
1505948460,151.719000,151.722000,151.714000,151.721000
1505948520,151.722000,151.737000,151.714000,151.735000
1505948580,151.733000,151.743000,151.732000,151.732000
1505948640,151.735000,151.760000,151.735000,151.760000
1505948700,151.758000,151.759000,151.745000,151.757000
1505948760,151.755000,151.757000,151.750000,151.750000
1505948820,151.747000,151.747000,151.738000,151.740000
1505948880,151.741000,151.762000,151.738000,151.759000
1505948940,151.757000,151.757000,151.738000,151.746000
1505949000,151.747000,151.754000,151.732000,151.740000
1505949060,151.737000,151.768000,151.725000,151.757000
1505949120,151.755000,151.788000,151.747000,151.754000
1505949180,151.751000,151.751000,151.718000,151.730000
1505949240,151.728000,151.744000,151.714000,151.738000
1505949300,151.740000,151.742000,151.714000,151.717000
1505949360,151.714000,151.736000,151.706000,151.736000
1505949420,151.733000,151.752000,151.710000,151.733000
1505949480,151.734000,151.743000,151.729000,151.743000
1505949540,151.742000,151.761000,151.741000,151.761000
1505949600,151.764000,151.805000,151.764000,151.805000
1505949660,151.807000,151.807000,151.786000,151.787000
1505949720,151.785000,151.809000,151.782000,151.792000
1505949780,151.787000,151.792000,151.754000,151.756000
1505949840,151.756000,151.757000,151.740000,151.746000
1505949900,151.747000,151.758000,151.739000,151.739000
1505949960,151.738000,151.742000,151.721000,151.736000
1505950020,151.734000,151.755000,151.727000,151.755000
1505950080,151.755000,151.829000,151.755000,151.804000
1505950140,151.801000,151.820000,151.798000,151.803000
1505950200,151.802000,151.846000,151.801000,151.827000
1505950260,151.828000,151.828000,151.770000,151.773000
1505950320,151.773000,151.777000,151.759000,151.762000
1505950380,151.761000,151.772000,151.754000,151.772000
1505950440,151.776000,151.785000,151.773000,151.774000
1505950500,151.777000,151.788000,151.764000,151.770000
1505950560,151.768000,151.776000,151.766000,151.769000
1505950620,151.770000,151.771000,151.750000,151.753000
1505950680,151.751000,151.767000,151.744000,151.767000
1505950740,151.767000,151.767000,151.749000,151.760000
1505950800,151.762000,151.768000,151.757000,151.758000
1505950860,151.759000,151.796000,151.759000,151.790000
1505950920,151.792000,151.821000,151.791000,151.813000
1505950980,151.814000,151.832000,151.810000,151.823000
1505951040,151.827000,151.846000,151.827000,151.843000
1505951100,151.843000,151.850000,151.837000,151.848000
1505951160,151.851000,151.910000,151.850000,151.860000
1505951220,151.858000,151.907000,151.858000,151.885000
1505951280,151.885000,151.885000,151.798000,151.828000
1505951340,151.828000,151.853000,151.828000,151.844000
1505951400,151.846000,151.849000,151.831000,151.831000
1505951460,151.827000,151.841000,151.795000,151.795000
1505951520,151.793000,151.793000,151.766000,151.790000
1505951580,151.787000,151.811000,151.782000,151.811000
1505951640,151.808000,151.832000,151.808000,151.826000
1505951700,151.823000,151.831000,151.799000,151.831000
1505951760,151.832000,151.832000,151.785000,151.789000
1505951820,151.791000,151.828000,151.791000,151.819000
1505951880,151.817000,151.830000,151.797000,151.797000
1505951940,151.798000,151.834000,151.784000,151.826000
1505952000,151.825000,151.866000,151.781000,151.854000
1505952060,151.853000,151.864000,151.828000,151.849000
1505952120,151.851000,151.868000,151.836000,151.839000
1505952180,151.841000,151.848000,151.829000,151.829000
1505952240,151.828000,151.843000,151.787000,151.811000
1505952300,151.811000,151.820000,151.795000,151.820000
1505952360,151.817000,151.834000,151.813000,151.824000
1505952420,151.820000,151.831000,151.788000,151.790000
1505952480,151.790000,151.819000,151.782000,151.819000
1505952540,151.813000,151.844000,151.813000,151.840000
1505952600,151.840000,151.870000,151.834000,151.856000
1505952660,151.856000,151.866000,151.836000,151.859000
1505952720,151.859000,151.876000,151.843000,151.848000
1505952780,151.845000,151.891000,151.833000,151.883000
1505952840,151.882000,151.912000,151.878000,151.909000
1505952900,151.906000,151.907000,151.848000,151.866000
1505952960,151.864000,151.872000,151.860000,151.863000
1505953020,151.860000,151.872000,151.842000,151.846000
1505953080,151.845000,151.884000,151.845000,151.884000
1505953140,151.884000,151.926000,151.876000,151.880000
1505953200,151.882000,151.909000,151.882000,151.907000
1505953260,151.905000,151.922000,151.904000,151.918000
1505953320,151.916000,151.932000,151.903000,151.922000
1505953380,151.921000,151.947000,151.917000,151.941000
1505953440,151.940000,151.970000,151.934000,151.967000
1505953500,151.961000,151.978000,151.959000,151.972000
1505953560,151.972000,151.972000,151.922000,151.925000
1505953620,151.918000,151.924000,151.879000,151.899000
1505953680,151.895000,151.896000,151.857000,151.868000
1505953740,151.865000,151.874000,151.840000,151.840000
1505953800,151.839000,151.839000,151.804000,151.809000
1505953860,151.806000,151.818000,151.777000,151.810000
1505953920,151.807000,151.828000,151.805000,151.827000
1505953980,151.825000,151.828000,151.803000,151.804000
1505954040,151.805000,151.816000,151.804000,151.804000
1505954100,151.796000,151.810000,151.790000,151.806000
1505954160,151.809000,151.842000,151.809000,151.836000
1505954220,151.835000,151.841000,151.808000,151.809000
1505954280,151.812000,151.861000,151.812000,151.861000
1505954340,151.860000,151.867000,151.840000,151.867000
1505954400,151.869000,151.870000,151.846000,151.846000
1505954460,151.848000,151.868000,151.840000,151.862000
1505954520,151.861000,151.871000,151.847000,151.866000
1505954580,151.864000,151.864000,151.825000,151.836000
1505954640,151.841000,151.857000,151.836000,151.853000
1505954700,151.850000,151.869000,151.844000,151.869000
1505954760,151.870000,151.903000,151.870000,151.898000
1505954820,151.901000,151.909000,151.876000,151.890000
1505954880,151.890000,151.890000,151.865000,151.868000
1505954940,151.869000,151.879000,151.857000,151.870000
1505955000,151.874000,151.886000,151.854000,151.863000
1505955060,151.863000,151.874000,151.859000,151.870000
1505955120,151.870000,151.870000,151.814000,151.814000
1505955180,151.815000,151.838000,151.815000,151.816000
1505955240,151.813000,151.843000,151.811000,151.828000
1505955300,151.832000,151.855000,151.803000,151.803000
1505955360,151.802000,151.807000,151.787000,151.790000
1505955420,151.788000,151.793000,151.735000,151.749000
1505955480,151.747000,151.761000,151.728000,151.734000
1505955540,151.735000,151.751000,151.727000,151.743000
1505955600,151.746000,151.758000,151.732000,151.742000
1505955660,151.741000,151.742000,151.729000,151.742000
1505955720,151.745000,151.764000,151.725000,151.740000
1505955780,151.742000,151.752000,151.733000,151.751000
1505955840,151.751000,151.771000,151.741000,151.760000
1505955900,151.758000,151.758000,151.743000,151.751000
1505955960,151.749000,151.749000,151.724000,151.726000
1505956020,151.727000,151.740000,151.711000,151.712000
1505956080,151.710000,151.713000,151.700000,151.713000
1505956140,151.714000,151.733000,151.714000,151.719000
1505956200,151.716000,151.744000,151.716000,151.744000
1505956260,151.747000,151.818000,151.747000,151.816000
1505956320,151.818000,151.837000,151.814000,151.823000
1505956380,151.824000,151.831000,151.808000,151.825000
1505956440,151.823000,151.823000,151.786000,151.786000
1505956500,151.781000,151.809000,151.781000,151.804000
1505956560,151.804000,151.812000,151.797000,151.797000
1505956620,151.794000,151.796000,151.783000,151.793000
1505956680,151.793000,151.794000,151.776000,151.778000
1505956740,151.783000,151.797000,151.754000,151.763000
1505956800,151.763000,151.768000,151.749000,151.762000
1505956860,151.764000,151.766000,151.745000,151.756000
1505956920,151.756000,151.760000,151.739000,151.741000
1505956980,151.741000,151.741000,151.697000,151.697000
1505957040,151.693000,151.697000,151.635000,151.635000
1505957100,151.637000,151.676000,151.626000,151.626000
1505957160,151.631000,151.643000,151.628000,151.635000
1505957220,151.640000,151.640000,151.600000,151.630000
1505957280,151.626000,151.626000,151.593000,151.607000
1505957340,151.606000,151.624000,151.606000,151.617000
1505957400,151.615000,151.661000,151.614000,151.661000
1505957460,151.664000,151.704000,151.663000,151.687000
1505957520,151.690000,151.696000,151.668000,151.682000
1505957580,151.685000,151.701000,151.681000,151.692000
1505957640,151.692000,151.692000,151.636000,151.636000
1505957700,151.634000,151.678000,151.632000,151.667000
1505957760,151.669000,151.671000,151.637000,151.637000
1505957820,151.639000,151.641000,151.594000,151.604000
1505957880,151.604000,151.661000,151.604000,151.638000
1505957940,151.638000,151.640000,151.606000,151.606000
1505958000,151.604000,151.606000,151.593000,151.593000
1505958060,151.589000,151.602000,151.589000,151.598000
1505958120,151.598000,151.616000,151.595000,151.616000
1505958180,151.615000,151.629000,151.608000,151.615000
1505958240,151.614000,151.624000,151.609000,151.609000
1505958300,151.613000,151.620000,151.595000,151.604000
1505958360,151.606000,151.621000,151.596000,151.603000
1505958420,151.600000,151.608000,151.593000,151.594000
1505958480,151.594000,151.610000,151.593000,151.601000
1505958540,151.598000,151.606000,151.584000,151.601000
1505958600,151.609000,151.617000,151.599000,151.613000
1505958660,151.616000,151.648000,151.611000,151.632000
1505958720,151.634000,151.672000,151.634000,151.663000
1505958780,151.661000,151.700000,151.661000,151.693000
1505958840,151.694000,151.710000,151.687000,151.704000
1505958900,151.703000,151.717000,151.703000,151.708000
1505958960,151.705000,151.714000,151.690000,151.698000
1505959020,151.697000,151.704000,151.671000,151.674000
1505959080,151.676000,151.706000,151.676000,151.694000
1505959140,151.693000,151.698000,151.671000,151.695000
1505959200,151.697000,151.714000,151.674000,151.711000
1505959260,151.709000,151.711000,151.702000,151.705000
1505959320,151.702000,151.712000,151.685000,151.712000
1505959380,151.711000,151.722000,151.689000,151.713000
1505959440,151.711000,151.727000,151.699000,151.699000
1505959500,151.700000,151.707000,151.698000,151.706000
1505959560,151.708000,151.708000,151.682000,151.684000
1505959620,151.685000,151.685000,151.669000,151.669000
1505959680,151.671000,151.690000,151.667000,151.690000
1505959740,151.690000,151.699000,151.684000,151.694000
1505959800,151.694000,151.711000,151.694000,151.702000
1505959860,151.696000,151.704000,151.688000,151.692000
1505959920,151.692000,151.698000,151.690000,151.698000
1505959980,151.699000,151.710000,151.695000,151.701000
1505960040,151.701000,151.703000,151.685000,151.691000
1505960100,151.691000,151.702000,151.684000,151.702000
1505960160,151.701000,151.702000,151.684000,151.691000
1505960220,151.688000,151.692000,151.673000,151.691000
1505960280,151.690000,151.699000,151.683000,151.683000
1505960340,151.684000,151.697000,151.674000,151.697000
1505960400,151.696000,151.702000,151.673000,151.674000
1505960460,151.673000,151.676000,151.671000,151.673000
1505960520,151.671000,151.677000,151.656000,151.666000
1505960580,151.667000,151.702000,151.654000,151.696000
1505960640,151.694000,151.712000,151.684000,151.701000
1505960700,151.710000,151.730000,151.710000,151.730000
1505960760,151.725000,151.750000,151.724000,151.724000
1505960820,151.724000,151.737000,151.697000,151.737000
1505960880,151.738000,151.755000,151.735000,151.739000
1505960940,151.742000,151.760000,151.740000,151.756000
1505961000,151.760000,151.776000,151.752000,151.772000
1505961060,151.776000,151.780000,151.761000,151.780000
1505961120,151.780000,151.800000,151.778000,151.795000
1505961180,151.795000,151.813000,151.781000,151.808000
1505961240,151.811000,151.825000,151.801000,151.810000
1505961300,151.806000,151.821000,151.804000,151.817000
1505961360,151.815000,151.823000,151.800000,151.800000
1505961420,151.804000,151.811000,151.792000,151.796000
1505961480,151.794000,151.798000,151.788000,151.795000
1505961540,151.794000,151.795000,151.794000,151.794000
1505961600,151.794000,151.801000,151.776000,151.783000
1505961660,151.785000,151.785000,151.766000,151.780000
1505961720,151.782000,151.783000,151.755000,151.759000
1505961780,151.757000,151.772000,151.757000,151.766000
1505961840,151.765000,151.770000,151.759000,151.766000
1505961900,151.767000,151.769000,151.740000,151.765000
1505961960,151.767000,151.781000,151.756000,151.760000
1505962020,151.760000,151.768000,151.739000,151.747000
1505962080,151.748000,151.754000,151.743000,151.752000
1505962140,151.755000,151.787000,151.755000,151.770000
1505962200,151.768000,151.768000,151.716000,151.718000
1505962260,151.718000,151.733000,151.714000,151.733000
1505962320,151.732000,151.732000,151.720000,151.720000
1505962380,151.718000,151.724000,151.703000,151.724000
1505962440,151.722000,151.742000,151.714000,151.725000
1505962500,151.723000,151.723000,151.691000,151.713000
1505962560,151.715000,151.740000,151.715000,151.720000
1505962620,151.717000,151.728000,151.711000,151.727000
1505962680,151.726000,151.727000,151.725000,151.726000
1505962740,151.729000,151.738000,151.688000,151.722000
1505962800,151.722000,151.736000,151.719000,151.729000
1505962860,151.730000,151.741000,151.721000,151.741000
1505962920,151.740000,151.766000,151.732000,151.764000
1505962980,151.759000,151.785000,151.759000,151.762000
1505963040,151.764000,151.770000,151.756000,151.766000
1505963100,151.772000,151.772000,151.764000,151.764000
1505963160,151.762000,151.762000,151.762000,151.762000
1505963220,151.761000,151.761000,151.743000,151.751000
1505963280,151.753000,151.760000,151.712000,151.742000
1505963340,151.740000,151.754000,151.728000,151.747000
1505963400,151.746000,151.793000,151.745000,151.759000
1505963460,151.760000,151.764000,151.705000,151.710000
1505963520,151.711000,151.748000,151.711000,151.732000
1505963580,151.727000,151.727000,151.709000,151.714000
1505963640,151.718000,151.752000,151.699000,151.726000
1505963700,151.723000,151.821000,151.622000,151.622000
1505963760,151.624000,151.761000,151.624000,151.707000
1505963820,151.709000,151.765000,151.700000,151.733000
1505963880,151.730000,151.730000,151.701000,151.707000
1505963940,151.716000,151.721000,151.695000,151.721000
1505964000,151.718000,151.737000,151.706000,151.714000
1505964060,151.712000,151.715000,151.690000,151.715000
1505964120,151.712000,151.714000,151.677000,151.678000
1505964180,151.675000,151.708000,151.671000,151.687000
1505964240,151.693000,151.714000,151.693000,151.707000
1505964300,151.708000,151.735000,151.700000,151.720000
1505964360,151.721000,151.735000,151.715000,151.733000
1505964420,151.736000,151.736000,151.707000,151.714000
1505964480,151.715000,151.743000,151.715000,151.737000
1505964540,151.738000,151.742000,151.716000,151.716000
1505964600,151.722000,151.725000,151.702000,151.702000
1505964660,151.703000,151.738000,151.703000,151.734000
1505964720,151.737000,151.749000,151.722000,151.726000
1505964780,151.720000,151.728000,151.705000,151.709000
1505964840,151.707000,151.707000,151.686000,151.693000
1505964900,151.695000,151.695000,151.675000,151.692000
1505964960,151.696000,151.711000,151.696000,151.711000
1505965020,151.708000,151.714000,151.704000,151.707000
1505965080,151.706000,151.744000,151.684000,151.730000
1505965140,151.728000,151.728000,151.695000,151.702000
1505965200,151.702000,151.705000,151.682000,151.692000
1505965260,151.695000,151.698000,151.670000,151.673000
1505965320,151.674000,151.689000,151.673000,151.687000
1505965380,151.687000,151.687000,151.668000,151.672000
1505965440,151.674000,151.691000,151.670000,151.681000
1505965500,151.677000,151.696000,151.677000,151.692000
1505965560,151.684000,151.684000,151.625000,151.637000
1505965620,151.635000,151.680000,151.634000,151.680000
1505965680,151.678000,151.684000,151.663000,151.680000
1505965740,151.685000,151.693000,151.681000,151.689000
1505965800,151.689000,151.706000,151.689000,151.704000
1505965860,151.702000,151.716000,151.702000,151.714000
1505965920,151.711000,151.741000,151.711000,151.739000
1505965980,151.736000,151.755000,151.735000,151.743000
1505966040,151.740000,151.740000,151.710000,151.712000
1505966100,151.715000,151.715000,151.689000,151.692000
1505966160,151.695000,151.696000,151.686000,151.694000
1505966220,151.694000,151.724000,151.694000,151.714000
1505966280,151.711000,151.717000,151.701000,151.715000
1505966340,151.717000,151.718000,151.706000,151.706000
