time,open,high,low,close
1456376400,1.103160,1.103160,1.103030,1.103120
1456376460,1.103120,1.103120,1.102900,1.102910
1456376520,1.102920,1.103030,1.102910,1.102970
1456376580,1.103000,1.103000,1.102900,1.102920
1456376640,1.102920,1.103000,1.102920,1.102990
1456376700,1.103000,1.103010,1.102960,1.102980
1456376760,1.102990,1.103090,1.102940,1.102940
1456376820,1.102970,1.103000,1.102930,1.103000
1456376880,1.103010,1.103240,1.103010,1.103240
1456376940,1.103240,1.103250,1.103060,1.103130
1456377000,1.103140,1.103210,1.103070,1.103100
1456377060,1.103100,1.103300,1.103080,1.103230
1456377120,1.103230,1.103230,1.103090,1.103120
1456377180,1.103100,1.103150,1.103080,1.103080
1456377240,1.103080,1.103080,1.103000,1.103000
1456377300,1.103010,1.103060,1.103010,1.103030
1456377360,1.103010,1.103030,1.102900,1.103030
1456377420,1.103020,1.103030,1.102920,1.102940
1456377480,1.102940,1.103130,1.102940,1.103080
1456377540,1.103060,1.103110,1.102950,1.103080
1456377600,1.103080,1.103140,1.102960,1.102980
1456377660,1.102970,1.103040,1.102920,1.102990
1456377720,1.103000,1.103010,1.102880,1.102890
1456377780,1.102900,1.102930,1.102870,1.102910
1456377840,1.102900,1.102920,1.102880,1.102910
1456377900,1.102920,1.103020,1.102870,1.102980
1456377960,1.103010,1.103030,1.102970,1.103010
1456378020,1.103010,1.103010,1.102840,1.102840
1456378080,1.102830,1.102880,1.102640,1.102790
1456378140,1.102790,1.102830,1.102730,1.102730
1456378200,1.102730,1.102860,1.102730,1.102820
1456378260,1.102830,1.102890,1.102830,1.102850
1456378320,1.102860,1.102930,1.102850,1.102910
1456378380,1.102920,1.102950,1.102920,1.102950
1456378440,1.102950,1.102990,1.102920,1.102920
1456378500,1.102930,1.102980,1.102920,1.102930
1456378560,1.102930,1.102930,1.102860,1.102890
1456378620,1.102910,1.103040,1.102910,1.102960
1456378680,1.102970,1.102970,1.102900,1.102950
1456378740,1.102950,1.102960,1.102890,1.102940
1456378800,1.102940,1.102980,1.102910,1.102940
1456378860,1.102950,1.102970,1.102930,1.102970
1456378920,1.102950,1.102950,1.102860,1.102890
1456378980,1.102900,1.102910,1.102840,1.102860
1456379040,1.102880,1.103020,1.102870,1.102970
1456379100,1.102980,1.103040,1.102860,1.102880
1456379160,1.102890,1.102890,1.102830,1.102840
1456379220,1.102840,1.102890,1.102840,1.102860
1456379280,1.102850,1.102920,1.102840,1.102840
1456379340,1.102840,1.102860,1.102840,1.102850
1456379400,1.102840,1.102890,1.102750,1.102860
1456379460,1.102860,1.102890,1.102850,1.102890
1456379520,1.102900,1.102920,1.102760,1.102770
1456379580,1.102780,1.102890,1.102760,1.102880
1456379640,1.102870,1.102880,1.102850,1.102880
1456379700,1.102870,1.102950,1.102870,1.102940
1456379760,1.102950,1.102960,1.102930,1.102950
1456379820,1.102960,1.102970,1.102930,1.102960
1456379880,1.102950,1.102990,1.102940,1.102980
1456379940,1.102990,1.103450,1.102970,1.103430
1456380000,1.103420,1.103510,1.103400,1.103490
1456380060,1.103500,1.103530,1.103430,1.103520
1456380120,1.103520,1.103570,1.103510,1.103560
1456380180,1.103540,1.103630,1.103510,1.103620
1456380240,1.103600,1.103670,1.103580,1.103660
1456380300,1.103670,1.103670,1.103600,1.103600
1456380360,1.103610,1.103610,1.103490,1.103520
1456380420,1.103520,1.103540,1.103400,1.103460
1456380480,1.103480,1.103520,1.103370,1.103370
1456380540,1.103400,1.103400,1.103370,1.103390
1456380600,1.103390,1.103410,1.103320,1.103320
1456380660,1.103310,1.103380,1.103220,1.103350
1456380720,1.103340,1.103410,1.103270,1.103270
1456380780,1.103280,1.103480,1.103280,1.103400
1456380840,1.103400,1.103400,1.103370,1.103380
1456380900,1.103380,1.103380,1.103270,1.103270
1456380960,1.103270,1.103380,1.103230,1.103230
1456381020,1.103210,1.103280,1.103070,1.103070
1456381080,1.103090,1.103390,1.103090,1.103390
1456381140,1.103390,1.103450,1.103380,1.103440
1456381200,1.103460,1.103490,1.103420,1.103420
1456381260,1.103410,1.103420,1.103390,1.103400
1456381320,1.103410,1.103450,1.103410,1.103440
1456381380,1.103450,1.103490,1.103420,1.103490
1456381440,1.103480,1.103620,1.103480,1.103550
1456381500,1.103550,1.103550,1.103510,1.103530
1456381560,1.103550,1.103690,1.103550,1.103690
1456381620,1.103690,1.103870,1.103600,1.103660
1456381680,1.103660,1.103660,1.103320,1.103410
1456381740,1.103410,1.103450,1.103280,1.103300
1456381800,1.103300,1.103430,1.103270,1.103290
1456381860,1.103280,1.103440,1.103280,1.103350
1456381920,1.103340,1.103340,1.103170,1.103220
1456381980,1.103220,1.103480,1.103210,1.103480
1456382040,1.103480,1.103510,1.103430,1.103500
1456382100,1.103500,1.103510,1.103280,1.103300
1456382160,1.103290,1.103330,1.103260,1.103310
1456382220,1.103290,1.103290,1.103190,1.103190
1456382280,1.103190,1.103300,1.103120,1.103270
1456382340,1.103270,1.103320,1.103220,1.103230
1456382400,1.103210,1.103210,1.103060,1.103100
1456382460,1.103130,1.103490,1.103130,1.103300
1456382520,1.103280,1.103300,1.103250,1.103270
1456382580,1.103270,1.103320,1.103260,1.103310
1456382640,1.103300,1.103300,1.103260,1.103270
1456382700,1.103270,1.103380,1.103260,1.103360
1456382760,1.103360,1.103430,1.103270,1.103290
1456382820,1.103290,1.103580,1.103290,1.103460
1456382880,1.103460,1.103460,1.103220,1.103220
1456382940,1.103220,1.103240,1.103100,1.103100
1456383000,1.103100,1.103120,1.103060,1.103070
1456383060,1.103070,1.103100,1.102950,1.102980
1456383120,1.102980,1.103050,1.102980,1.103010
1456383180,1.103020,1.103380,1.102960,1.103370
1456383240,1.103360,1.103470,1.103090,1.103440
1456383300,1.103450,1.103450,1.103370,1.103400
1456383360,1.103400,1.103430,1.103160,1.103160
1456383420,1.103150,1.103180,1.102950,1.102990
1456383480,1.102980,1.103220,1.102980,1.103060
1456383540,1.103070,1.103160,1.102910,1.102920
1456383600,1.102930,1.103030,1.102880,1.102890
1456383660,1.102880,1.103380,1.102870,1.103240
1456383720,1.103230,1.103340,1.102980,1.103120
1456383780,1.103130,1.103340,1.103130,1.103190
1456383840,1.103190,1.103380,1.103120,1.103380
1456383900,1.103390,1.103480,1.102980,1.103020
1456383960,1.103000,1.103060,1.102910,1.102910
1456384020,1.102930,1.102950,1.102860,1.102890
1456384080,1.102910,1.103000,1.102850,1.102880
1456384140,1.102870,1.102910,1.102760,1.102790
1456384200,1.102780,1.102840,1.102510,1.102520
1456384260,1.102510,1.102540,1.102490,1.102490
1456384320,1.102500,1.102680,1.102460,1.102630
1456384380,1.102620,1.102750,1.102570,1.102730
1456384440,1.102730,1.102810,1.102570,1.102600
1456384500,1.102610,1.102710,1.102310,1.102680
1456384560,1.102680,1.102880,1.102670,1.102790
1456384620,1.102790,1.103030,1.102710,1.103030
1456384680,1.103030,1.103120,1.102870,1.102880
1456384740,1.102880,1.102930,1.102780,1.102830
1456384800,1.102840,1.103080,1.102830,1.103080
1456384860,1.103070,1.103070,1.102730,1.102950
1456384920,1.102960,1.102960,1.102620,1.102630
1456384980,1.102640,1.102640,1.102490,1.102500
1456385040,1.102510,1.102640,1.102510,1.102640
1456385100,1.102650,1.102750,1.102620,1.102730
1456385160,1.102720,1.102770,1.102650,1.102700
1456385220,1.102700,1.102820,1.102630,1.102730
1456385280,1.102730,1.102800,1.102360,1.102470
1456385340,1.102520,1.102610,1.102400,1.102440
1456385400,1.102450,1.102560,1.102220,1.102250
1456385460,1.102220,1.102290,1.102070,1.102210
1456385520,1.102210,1.102220,1.101900,1.101900
1456385580,1.101900,1.101920,1.101800,1.101820
1456385640,1.101840,1.101850,1.101730,1.101810
1456385700,1.101810,1.101960,1.101800,1.101930
1456385760,1.101930,1.102030,1.101920,1.102020
1456385820,1.102030,1.102070,1.101990,1.102050
1456385880,1.102070,1.102240,1.102070,1.102160
1456385940,1.102170,1.102250,1.102170,1.102230
1456386000,1.102210,1.102260,1.102050,1.102220
1456386060,1.102230,1.102290,1.102210,1.102250
1456386120,1.102250,1.102320,1.102210,1.102290
1456386180,1.102320,1.102470,1.102260,1.102380
1456386240,1.102380,1.102450,1.102330,1.102370
1456386300,1.102380,1.102550,1.102380,1.102450
1456386360,1.102430,1.102450,1.102080,1.102090
1456386420,1.102090,1.102120,1.102010,1.102040
1456386480,1.102040,1.102280,1.102040,1.102270
1456386540,1.102260,1.102260,1.102100,1.102120
1456386600,1.102130,1.102130,1.102020,1.102050
1456386660,1.102050,1.102110,1.101870,1.101900
1456386720,1.101900,1.102020,1.101870,1.101940
1456386780,1.101940,1.102050,1.101610,1.101750
1456386840,1.101840,1.102230,1.101840,1.102150
1456386900,1.102150,1.102240,1.101990,1.102240
1456386960,1.102230,1.102310,1.102180,1.102300
1456387020,1.102310,1.102370,1.102120,1.102190
1456387080,1.102200,1.102330,1.102180,1.102320
1456387140,1.102340,1.102390,1.102310,1.102330
1456387200,1.102330,1.102370,1.101580,1.101580
1456387260,1.101600,1.101750,1.101510,1.101610
1456387320,1.101600,1.101740,1.101490,1.101640
1456387380,1.101640,1.101830,1.101470,1.101800
1456387440,1.101800,1.102050,1.101720,1.101770
1456387500,1.101770,1.101780,1.101490,1.101710
1456387560,1.101700,1.101830,1.101600,1.101670
1456387620,1.101680,1.101770,1.101440,1.101690
1456387680,1.101690,1.101760,1.101440,1.101570
1456387740,1.101570,1.101670,1.101430,1.101630
1456387800,1.101650,1.102040,1.101600,1.102000
1456387860,1.102050,1.102280,1.102050,1.102280
1456387920,1.102270,1.102640,1.102220,1.102640
1456387980,1.102670,1.103030,1.102670,1.102850
1456388040,1.102850,1.102920,1.102650,1.102830
1456388100,1.102830,1.102870,1.102530,1.102630
1456388160,1.102610,1.102840,1.102490,1.102730
1456388220,1.102730,1.102820,1.102660,1.102710
1456388280,1.102710,1.102750,1.102410,1.102710
1456388340,1.102670,1.102840,1.102490,1.102620
1456388400,1.102630,1.102900,1.102610,1.102620
1456388460,1.102620,1.102940,1.102600,1.102920
1456388520,1.102930,1.102940,1.102620,1.102810
1456388580,1.102790,1.103000,1.102700,1.102880
1456388640,1.102870,1.102880,1.102580,1.102600
1456388700,1.102590,1.102730,1.102470,1.102660
1456388760,1.102680,1.102720,1.102000,1.102000
1456388820,1.102000,1.102090,1.101890,1.102030
1456388880,1.102030,1.102170,1.101890,1.101950
1456388940,1.101970,1.102010,1.101890,1.101930
1456389000,1.101970,1.102040,1.101840,1.101840
1456389060,1.101820,1.101980,1.101660,1.101670
1456389120,1.101650,1.101800,1.101510,1.101750
1456389180,1.101750,1.101750,1.101500,1.101510
1456389240,1.101550,1.101590,1.101450,1.101450
1456389300,1.101410,1.101650,1.101360,1.101550
1456389360,1.101570,1.101700,1.101270,1.101330
1456389420,1.101330,1.101410,1.101270,1.101330
1456389480,1.101340,1.101540,1.101190,1.101530
1456389540,1.101530,1.101640,1.101450,1.101490
1456389600,1.101500,1.101670,1.101470,1.101640
1456389660,1.101640,1.101670,1.101530,1.101600
1456389720,1.101590,1.101880,1.101570,1.101750
1456389780,1.101750,1.101810,1.101620,1.101790
1456389840,1.101780,1.101930,1.101710,1.101710
1456389900,1.101710,1.101810,1.101570,1.101620
1456389960,1.101630,1.101880,1.101620,1.101710
1456390020,1.101710,1.101880,1.101670,1.101880
1456390080,1.101890,1.102230,1.101890,1.102160
1456390140,1.102170,1.102450,1.102170,1.102450
1456390200,1.102460,1.102500,1.102230,1.102250
1456390260,1.102270,1.102280,1.101880,1.101990
1456390320,1.101980,1.101980,1.101740,1.101810
1456390380,1.101830,1.101880,1.101730,1.101840
1456390440,1.101840,1.101980,1.101820,1.101950
1456390500,1.101940,1.102000,1.101740,1.101940
1456390560,1.101910,1.101920,1.101740,1.101820
1456390620,1.101820,1.101970,1.101810,1.101950
1456390680,1.101940,1.101940,1.101760,1.101820
1456390740,1.101820,1.101910,1.101750,1.101910
1456390800,1.101930,1.101990,1.101790,1.101810
1456390860,1.101820,1.101970,1.101740,1.101750
1456390920,1.101740,1.101740,1.101660,1.101690
1456390980,1.101700,1.101700,1.101440,1.101440
1456391040,1.101440,1.101650,1.101400,1.101480
1456391100,1.101490,1.101770,1.101490,1.101560
1456391160,1.101570,1.101570,1.101280,1.101280
1456391220,1.101280,1.101290,1.101120,1.101140
1456391280,1.101140,1.101230,1.100970,1.101140
1456391340,1.101160,1.101160,1.100730,1.100770
1456391400,1.100760,1.100870,1.100520,1.100570
1456391460,1.100570,1.100750,1.100530,1.100600
1456391520,1.100610,1.100850,1.100460,1.100820
1456391580,1.100810,1.100920,1.100730,1.100790
1456391640,1.100800,1.100920,1.100600,1.100600
1456391700,1.100590,1.100880,1.100560,1.100880
1456391760,1.100900,1.100910,1.100750,1.100850
1456391820,1.100870,1.100940,1.100750,1.100810
1456391880,1.100820,1.100960,1.100800,1.100890
1456391940,1.100900,1.101270,1.100890,1.101190
1456392000,1.101200,1.101280,1.100930,1.101030
1456392060,1.101020,1.101020,1.100790,1.100960
1456392120,1.100970,1.101180,1.100970,1.101020
1456392180,1.101010,1.101140,1.101010,1.101050
1456392240,1.101040,1.101490,1.100990,1.101290
1456392300,1.101290,1.101510,1.101240,1.101390
1456392360,1.101390,1.101390,1.101090,1.101100
1456392420,1.101110,1.101240,1.100980,1.101170
1456392480,1.101160,1.101170,1.100960,1.100960
1456392540,1.100960,1.101130,1.100940,1.101110
1456392600,1.101110,1.101140,1.100980,1.101050
1456392660,1.101060,1.101070,1.100700,1.100910
1456392720,1.100900,1.100910,1.100540,1.100710
1456392780,1.100720,1.100990,1.100720,1.100970
1456392840,1.100980,1.101010,1.100700,1.100770
1456392900,1.100790,1.100920,1.100620,1.100910
1456392960,1.100910,1.101080,1.100880,1.100990
1456393020,1.100990,1.101030,1.100860,1.101010
1456393080,1.101010,1.101110,1.101000,1.101110
1456393140,1.101100,1.101190,1.100890,1.101140
1456393200,1.101140,1.101290,1.101000,1.101190
1456393260,1.101180,1.101440,1.101140,1.101180
1456393320,1.101170,1.101180,1.101010,1.101120
1456393380,1.101130,1.101200,1.101010,1.101140
1456393440,1.101140,1.101430,1.101140,1.101370
1456393500,1.101360,1.101400,1.101170,1.101170
1456393560,1.101160,1.101210,1.100970,1.100990
1456393620,1.100980,1.101430,1.100910,1.101430
1456393680,1.101420,1.101570,1.101360,1.101510
1456393740,1.101500,1.101500,1.101320,1.101320
1456393800,1.101320,1.101480,1.101120,1.101140
1456393860,1.101110,1.101160,1.100830,1.100950
1456393920,1.100940,1.101330,1.100940,1.101290
1456393980,1.101290,1.101400,1.101100,1.101100
1456394040,1.101100,1.101270,1.101100,1.101230
1456394100,1.101260,1.101350,1.101200,1.101280
1456394160,1.101300,1.101480,1.101300,1.101460
1456394220,1.101470,1.101580,1.101470,1.101530
1456394280,1.101530,1.101540,1.101430,1.101450
1456394340,1.101450,1.101640,1.101350,1.101370
1456394400,1.101450,1.101820,1.101340,1.101340
1456394460,1.101340,1.101670,1.101340,1.101620
1456394520,1.101620,1.101660,1.101350,1.101560
1456394580,1.101530,1.101770,1.101430,1.101430
1456394640,1.101400,1.101680,1.101370,1.101450
1456394700,1.101460,1.101540,1.101350,1.101410
1456394760,1.101430,1.101500,1.101350,1.101500
1456394820,1.101480,1.101670,1.101380,1.101440
1456394880,1.101440,1.101540,1.101390,1.101460
1456394940,1.101450,1.101550,1.101320,1.101440
1456395000,1.101430,1.101460,1.101130,1.101220
1456395060,1.101210,1.101250,1.101090,1.101130
1456395120,1.101130,1.101300,1.101090,1.101230
1456395180,1.101250,1.101280,1.101130,1.101220
1456395240,1.101230,1.101410,1.101230,1.101360
1456395300,1.101370,1.101370,1.100980,1.101010
1456395360,1.100990,1.101250,1.100990,1.101060
1456395420,1.101070,1.101280,1.101060,1.101280
1456395480,1.101290,1.101400,1.101150,1.101370
1456395540,1.101380,1.101520,1.101370,1.101430
1456395600,1.101420,1.101520,1.101320,1.101490
1456395660,1.101480,1.101590,1.101210,1.101360
1456395720,1.101350,1.101510,1.101320,1.101460
1456395780,1.101480,1.101620,1.101460,1.101570
1456395840,1.101560,1.101560,1.101410,1.101430
1456395900,1.101430,1.101500,1.101290,1.101300
1456395960,1.101280,1.101450,1.101280,1.101320
1456396020,1.101320,1.101470,1.101300,1.101440
1456396080,1.101460,1.101480,1.101300,1.101410
1456396140,1.101380,1.101460,1.101270,1.101300
1456396200,1.101340,1.101600,1.101340,1.101470
1456396260,1.101470,1.101560,1.101410,1.101450
1456396320,1.101460,1.101680,1.101450,1.101610
1456396380,1.101600,1.101750,1.101560,1.101710
1456396440,1.101720,1.101870,1.101510,1.101510
1456396500,1.101500,1.101730,1.101430,1.101660
1456396560,1.101650,1.101690,1.101450,1.101690
1456396620,1.101690,1.101840,1.101660,1.101830
1456396680,1.101830,1.101930,1.101750,1.101920
1456396740,1.101920,1.101920,1.101630,1.101780
1456396800,1.101780,1.101790,1.101640,1.101650
1456396860,1.101640,1.101770,1.101600,1.101740
1456396920,1.101740,1.101760,1.101660,1.101730
1456396980,1.101730,1.101730,1.101590,1.101600
1456397040,1.101600,1.101740,1.101540,1.101700
1456397100,1.101670,1.101700,1.101580,1.101670
1456397160,1.101650,1.101760,1.101640,1.101760
1456397220,1.101750,1.101790,1.101710,1.101780
1456397280,1.101770,1.101830,1.101700,1.101750
1456397340,1.101750,1.101990,1.101680,1.101970
1456397400,1.101940,1.101950,1.101780,1.101850
1456397460,1.101840,1.102010,1.101820,1.101840
1456397520,1.101860,1.102000,1.101860,1.101910
1456397580,1.101910,1.101930,1.101740,1.101790
1456397640,1.101790,1.101840,1.101740,1.101790
1456397700,1.101780,1.101850,1.101690,1.101730
1456397760,1.101730,1.101840,1.101690,1.101830
1456397820,1.101820,1.101880,1.101700,1.101820
1456397880,1.101820,1.101910,1.101800,1.101910
1456397940,1.101900,1.102220,1.101890,1.102150
1456398000,1.102150,1.102150,1.102020,1.102090
1456398060,1.102080,1.102210,1.102080,1.102200
1456398120,1.102230,1.102260,1.102200,1.102230
1456398180,1.102240,1.102240,1.102210,1.102210
1456398240,1.102210,1.102500,1.102210,1.102480
1456398300,1.102470,1.102500,1.102370,1.102460
1456398360,1.102470,1.102660,1.102370,1.102660
1456398420,1.102670,1.102700,1.102470,1.102480
1456398480,1.102490,1.102560,1.102490,1.102540
1456398540,1.102530,1.102930,1.102530,1.102930
1456398600,1.102920,1.102950,1.102750,1.102920
1456398660,1.102890,1.102960,1.102750,1.102870
1456398720,1.102880,1.102920,1.102720,1.102870
1456398780,1.102870,1.102970,1.102820,1.102850
1456398840,1.102850,1.102930,1.102750,1.102750
1456398900,1.102750,1.102940,1.102710,1.102860
1456398960,1.102850,1.102960,1.102810,1.102840
1456399020,1.102830,1.102860,1.102690,1.102810
1456399080,1.102820,1.102840,1.102730,1.102790
1456399140,1.102820,1.102880,1.102690,1.102690
1456399200,1.102690,1.102980,1.102690,1.102880
1456399260,1.102870,1.102990,1.102730,1.102970
1456399320,1.102960,1.103010,1.102740,1.102830
1456399380,1.102830,1.102880,1.102770,1.102840
1456399440,1.102820,1.102820,1.102580,1.102720
1456399500,1.102690,1.102810,1.102690,1.102800
1456399560,1.102790,1.102830,1.102740,1.102810
1456399620,1.102820,1.102860,1.102730,1.102740
1456399680,1.102760,1.102840,1.102650,1.102730
1456399740,1.102720,1.102900,1.102700,1.102860
1456399800,1.102860,1.103050,1.102860,1.103050
1456399860,1.103060,1.103100,1.102940,1.102940
1456399920,1.102950,1.102950,1.102690,1.102720
1456399980,1.102720,1.102810,1.102700,1.102770
1456400040,1.102750,1.102750,1.102640,1.102740
1456400100,1.102760,1.102830,1.102700,1.102820
1456400160,1.102830,1.102860,1.102740,1.102790
1456400220,1.102790,1.102800,1.102560,1.102590
1456400280,1.102560,1.102700,1.102510,1.102680
1456400340,1.102680,1.102780,1.102670,1.102740
1456400400,1.102760,1.103040,1.102720,1.103010
1456400460,1.103020,1.103110,1.102970,1.103110
1456400520,1.103130,1.103290,1.103110,1.103250
1456400580,1.103250,1.103330,1.103230,1.103310
1456400640,1.103310,1.103350,1.103130,1.103210
1456400700,1.103220,1.103230,1.103000,1.103040
1456400760,1.103040,1.103150,1.102980,1.103140
1456400820,1.103150,1.103240,1.103140,1.103190
1456400880,1.103190,1.103190,1.102940,1.103030
1456400940,1.103030,1.103050,1.102870,1.102870
1456401000,1.102880,1.103000,1.102880,1.102900
1456401060,1.102900,1.102930,1.102790,1.102790
1456401120,1.102790,1.102800,1.102620,1.102740
1456401180,1.102740,1.102960,1.102740,1.102960
1456401240,1.102950,1.103140,1.102940,1.103140
1456401300,1.103130,1.103240,1.103030,1.103200
1456401360,1.103190,1.103230,1.103110,1.103230
1456401420,1.103220,1.103220,1.103120,1.103190
1456401480,1.103210,1.103270,1.103180,1.103220
1456401540,1.103210,1.103210,1.103100,1.103140
1456401600,1.103150,1.103190,1.103050,1.103080
1456401660,1.103080,1.103080,1.102940,1.102950
1456401720,1.102950,1.102950,1.102830,1.102920
1456401780,1.102910,1.103030,1.102870,1.102940
1456401840,1.102940,1.103040,1.102850,1.102930
1456401900,1.102930,1.103040,1.102640,1.102650
1456401960,1.102640,1.102860,1.102480,1.102570
1456402020,1.102580,1.102640,1.102410,1.102640
1456402080,1.102660,1.103110,1.102660,1.103080
1456402140,1.103100,1.103460,1.103070,1.103460
1456402200,1.103430,1.103580,1.103270,1.103440
1456402260,1.103430,1.103820,1.103400,1.103740
1456402320,1.103740,1.104080,1.103570,1.104070
1456402380,1.104050,1.104290,1.103910,1.104260
1456402440,1.104260,1.104330,1.103890,1.103960
1456402500,1.103950,1.103950,1.103640,1.103810
1456402560,1.103820,1.103980,1.103720,1.103750
1456402620,1.103760,1.103970,1.103690,1.103900
1456402680,1.103880,1.104350,1.103870,1.104290
1456402740,1.104280,1.104440,1.104080,1.104230
1456402800,1.104220,1.104420,1.104020,1.104020
1456402860,1.104030,1.104130,1.103980,1.104080
1456402920,1.104080,1.104170,1.103860,1.103910
1456402980,1.103900,1.104010,1.103870,1.104010
1456403040,1.104000,1.104320,1.103980,1.104010
1456403100,1.104010,1.104180,1.104010,1.104140
1456403160,1.104140,1.104280,1.104090,1.104200
1456403220,1.104200,1.104500,1.104200,1.104240
1456403280,1.104230,1.104230,1.104050,1.104100
1456403340,1.104110,1.104180,1.104030,1.104160
1456403400,1.104150,1.104200,1.104080,1.104120
1456403460,1.104080,1.104190,1.104010,1.104050
1456403520,1.104060,1.104220,1.104030,1.104200
1456403580,1.104210,1.104210,1.103910,1.103910
1456403640,1.103910,1.103960,1.103630,1.103730
1456403700,1.103710,1.103840,1.103620,1.103810
1456403760,1.103800,1.103850,1.103700,1.103720
1456403820,1.103730,1.103970,1.103730,1.103920
1456403880,1.103910,1.104050,1.103900,1.104020
1456403940,1.104020,1.104060,1.103960,1.104010
1456404000,1.104000,1.104010,1.103660,1.103660
1456404060,1.103670,1.103780,1.103670,1.103770
1456404120,1.103750,1.103820,1.103690,1.103700
1456404180,1.103740,1.103870,1.103700,1.103730
1456404240,1.103720,1.103730,1.103580,1.103710
1456404300,1.103710,1.103770,1.103660,1.103740
1456404360,1.103730,1.103750,1.103630,1.103650
1456404420,1.103650,1.103710,1.103510,1.103710
1456404480,1.103700,1.103720,1.103490,1.103520
1456404540,1.103510,1.103590,1.103500,1.103530
1456404600,1.103540,1.103580,1.103510,1.103540
1456404660,1.103530,1.103540,1.103430,1.103450
1456404720,1.103450,1.103540,1.103450,1.103490
1456404780,1.103510,1.103540,1.103460,1.103470
1456404840,1.103460,1.103560,1.103440,1.103470
1456404900,1.103490,1.103500,1.103360,1.103400
1456404960,1.103390,1.103400,1.103320,1.103340
1456405020,1.103340,1.103370,1.103300,1.103340
1456405080,1.103340,1.103490,1.103340,1.103490
1456405140,1.103520,1.103590,1.103430,1.103550
1456405200,1.103550,1.103720,1.103540,1.103560
1456405260,1.103570,1.103590,1.103340,1.103340
1456405320,1.103340,1.103560,1.103340,1.103440
1456405380,1.103440,1.103460,1.103290,1.103340
1456405440,1.103370,1.103370,1.103270,1.103270
1456405500,1.103280,1.103370,1.103270,1.103330
1456405560,1.103320,1.103490,1.103270,1.103440
1456405620,1.103430,1.103530,1.103390,1.103420
1456405680,1.103420,1.103420,1.103250,1.103310
1456405740,1.103320,1.103390,1.103280,1.103340
1456405800,1.103340,1.103340,1.103170,1.103190
1456405860,1.103190,1.103190,1.103080,1.103110
1456405920,1.103110,1.103120,1.102790,1.102810
1456405980,1.102830,1.102880,1.102590,1.102610
1456406040,1.102620,1.102760,1.102610,1.102760
1456406100,1.102750,1.102930,1.102750,1.102870
1456406160,1.102860,1.103060,1.102850,1.102950
1456406220,1.102950,1.102950,1.102770,1.102770
1456406280,1.102780,1.102800,1.102580,1.102680
1456406340,1.102670,1.102910,1.102660,1.102800
1456406400,1.102840,1.102910,1.102750,1.102900
1456406460,1.102910,1.102930,1.102770,1.102910
1456406520,1.102940,1.102980,1.102870,1.102930
1456406580,1.102960,1.102990,1.102870,1.102870
1456406640,1.102820,1.102840,1.102650,1.102650
1456406700,1.102650,1.102730,1.102610,1.102640
1456406760,1.102650,1.102720,1.102440,1.102700
1456406820,1.102710,1.102840,1.102610,1.102780
1456406880,1.102800,1.102810,1.102720,1.102720
1456406940,1.102730,1.102930,1.102610,1.102770
1456407000,1.102430,1.102430,1.101370,1.101600
1456407060,1.101550,1.101560,1.101220,1.101350
1456407120,1.101340,1.101660,1.101290,1.101420
1456407180,1.101450,1.101510,1.100740,1.100900
1456407240,1.100910,1.101040,1.100490,1.100960
1456407300,1.100930,1.101400,1.100830,1.101210
1456407360,1.101220,1.101500,1.101210,1.101220
1456407420,1.101180,1.101260,1.100870,1.101140
1456407480,1.101120,1.101330,1.100960,1.101240
1456407540,1.101240,1.101720,1.101150,1.101660
1456407600,1.101660,1.101740,1.101410,1.101690
1456407660,1.101690,1.102140,1.101690,1.101950
1456407720,1.101910,1.101960,1.101690,1.101800
1456407780,1.101820,1.102010,1.101750,1.101870
1456407840,1.101870,1.102050,1.101740,1.102050
1456407900,1.102050,1.102210,1.101980,1.102100
1456407960,1.102120,1.102250,1.102100,1.102140
1456408020,1.102140,1.102200,1.101850,1.101910
1456408080,1.101900,1.102140,1.101900,1.101980
1456408140,1.101970,1.102240,1.101970,1.102030
1456408200,1.102040,1.102040,1.101740,1.101740
1456408260,1.101750,1.101850,1.101470,1.101560
1456408320,1.101550,1.101630,1.101270,1.101400
1456408380,1.101400,1.101490,1.101100,1.101200
1456408440,1.101200,1.101360,1.101050,1.101240
1456408500,1.101230,1.101690,1.101080,1.101670
1456408560,1.101670,1.101670,1.101370,1.101370
1456408620,1.101370,1.101370,1.100970,1.101110
1456408680,1.101110,1.101150,1.100990,1.101070
1456408740,1.101060,1.101080,1.101030,1.101050
1456408800,1.101040,1.101050,1.100860,1.100860
1456408860,1.100870,1.101110,1.100820,1.100820
1456408920,1.100810,1.101090,1.100750,1.100980
1456408980,1.100990,1.101090,1.100920,1.101000
1456409040,1.100990,1.101160,1.100810,1.101160
1456409100,1.101160,1.101320,1.100940,1.100940
1456409160,1.100890,1.101160,1.100810,1.101110
1456409220,1.101110,1.101330,1.100740,1.100740
1456409280,1.100740,1.100840,1.100100,1.100120
1456409340,1.100110,1.100250,1.100020,1.100180
1456409400,1.100190,1.100280,1.100070,1.100270
1456409460,1.100250,1.100250,1.100050,1.100150
1456409520,1.100140,1.100310,1.100080,1.100230
1456409580,1.100220,1.100340,1.100080,1.100310
1456409640,1.100320,1.100560,1.100290,1.100520
1456409700,1.100510,1.100540,1.100190,1.100240
1456409760,1.100260,1.100500,1.100240,1.100490
1456409820,1.100510,1.100540,1.100300,1.100470
1456409880,1.100460,1.100570,1.100360,1.100370
1456409940,1.100360,1.100760,1.100260,1.100760
1456410000,1.100750,1.100760,1.100410,1.100510
1456410060,1.100500,1.100500,1.100100,1.100110
1456410120,1.100110,1.100140,1.099950,1.100010
1456410180,1.099990,1.100200,1.099950,1.100150
1456410240,1.100150,1.100160,1.099570,1.099650
1456410300,1.099710,1.099990,1.099540,1.099900
1456410360,1.099910,1.099960,1.099770,1.099940
1456410420,1.099930,1.100000,1.099870,1.099890
1456410480,1.099900,1.100060,1.099870,1.099980
1456410540,1.099970,1.100200,1.099950,1.100170
1456410600,1.100160,1.100300,1.099400,1.099400
1456410660,1.099400,1.099540,1.098910,1.099400
1456410720,1.099380,1.099450,1.099250,1.099360
1456410780,1.099360,1.099510,1.099270,1.099330
1456410840,1.099350,1.099350,1.098660,1.099070
1456410900,1.099090,1.099420,1.099020,1.099410
1456410960,1.099440,1.099780,1.099410,1.099760
1456411020,1.099770,1.099920,1.099610,1.099650
1456411080,1.099650,1.100060,1.099620,1.099960
1456411140,1.099960,1.100400,1.099960,1.100350
1456411200,1.100350,1.100420,1.100160,1.100420
1456411260,1.100410,1.100760,1.100410,1.100740
1456411320,1.100740,1.100970,1.100540,1.100900
1456411380,1.100870,1.101060,1.100730,1.100930
1456411440,1.100910,1.101050,1.100890,1.100980
1456411500,1.100980,1.101010,1.100700,1.101010
1456411560,1.100990,1.101300,1.100990,1.101230
1456411620,1.101210,1.101300,1.101140,1.101190
1456411680,1.101200,1.101320,1.101060,1.101100
1456411740,1.101110,1.101140,1.100780,1.100870
1456411800,1.100880,1.100930,1.100450,1.100470
1456411860,1.100480,1.100520,1.100090,1.100120
1456411920,1.100120,1.100340,1.099980,1.100100
1456411980,1.100090,1.100310,1.099850,1.100290
1456412040,1.100270,1.100580,1.100270,1.100380
1456412100,1.100390,1.100630,1.100370,1.100550
1456412160,1.100560,1.100910,1.100510,1.100870
1456412220,1.100870,1.101150,1.100840,1.101110
1456412280,1.101120,1.101120,1.100800,1.100840
1456412340,1.100830,1.101150,1.100830,1.100940
1456412400,1.100930,1.101730,1.100930,1.101390
1456412460,1.101390,1.101730,1.101360,1.101670
1456412520,1.101690,1.102090,1.101640,1.101920
1456412580,1.101930,1.102050,1.101810,1.101890
1456412640,1.101920,1.102230,1.101890,1.102050
1456412700,1.102060,1.102400,1.101990,1.102400
1456412760,1.102400,1.102510,1.102140,1.102140
1456412820,1.102100,1.102290,1.101890,1.101900
1456412880,1.101900,1.101960,1.101630,1.101680
1456412940,1.101670,1.102000,1.101670,1.101960
1456413000,1.101930,1.102220,1.101800,1.102080
1456413060,1.102080,1.102080,1.101600,1.101780
1456413120,1.101770,1.101800,1.101610,1.101740
1456413180,1.101730,1.101760,1.101480,1.101480
1456413240,1.101490,1.101660,1.101380,1.101650
1456413300,1.101640,1.101710,1.101530,1.101710
1456413360,1.101710,1.101920,1.101590,1.101910
1456413420,1.101900,1.101900,1.101380,1.101570
1456413480,1.101570,1.101680,1.101430,1.101530
1456413540,1.101520,1.101550,1.101320,1.101530
1456413600,1.101540,1.101750,1.101450,1.101730
1456413660,1.101740,1.102280,1.101740,1.102280
1456413720,1.102280,1.102460,1.102090,1.102150
1456413780,1.102140,1.102450,1.102140,1.102270
1456413840,1.102280,1.102320,1.101980,1.102130
1456413900,1.102120,1.102120,1.101810,1.101890
1456413960,1.101880,1.101880,1.101480,1.101800
1456414020,1.101800,1.101940,1.101760,1.101860
1456414080,1.101850,1.101940,1.101760,1.101800
1456414140,1.101810,1.102080,1.101760,1.102050
1456414200,1.102040,1.102970,1.102040,1.102820
1456414260,1.102820,1.103050,1.102640,1.102810
1456414320,1.102870,1.102990,1.102620,1.102720
1456414380,1.102720,1.102720,1.102520,1.102640
1456414440,1.102630,1.102650,1.102380,1.102500
1456414500,1.102510,1.102890,1.102510,1.102770
1456414560,1.102770,1.103030,1.102720,1.102940
1456414620,1.102950,1.103140,1.102880,1.102960
1456414680,1.102960,1.103070,1.102910,1.103040
1456414740,1.103050,1.103110,1.102940,1.103030
1456414800,1.103020,1.103160,1.102850,1.102850
1456414860,1.102830,1.102940,1.102630,1.102750
1456414920,1.102750,1.102890,1.102650,1.102840
1456414980,1.102800,1.102860,1.102560,1.102620
1456415040,1.102640,1.103230,1.102640,1.103130
1456415100,1.103140,1.103450,1.103050,1.103340
1456415160,1.103360,1.103360,1.103190,1.103320
1456415220,1.103330,1.103690,1.103220,1.103590
1456415280,1.103580,1.103880,1.103430,1.103850
1456415340,1.103850,1.103850,1.103470,1.103470
1456415400,1.103470,1.103580,1.103310,1.103570
1456415460,1.103580,1.103580,1.103310,1.103500
1456415520,1.103490,1.103650,1.103430,1.103640
1456415580,1.103650,1.103850,1.103640,1.103690
1456415640,1.103680,1.103690,1.103370,1.103410
1456415700,1.103390,1.103870,1.103370,1.103800
1456415760,1.103800,1.103970,1.103700,1.103720
1456415820,1.103710,1.103940,1.103570,1.103930
1456415880,1.103920,1.103960,1.103190,1.103370
1456415940,1.103420,1.103530,1.103240,1.103490
1456416000,1.103480,1.103490,1.102850,1.103080
1456416060,1.103080,1.103080,1.102750,1.102900
1456416120,1.102930,1.103310,1.102900,1.103100
1456416180,1.103080,1.103410,1.103060,1.103410
1456416240,1.103400,1.103450,1.103180,1.103230
1456416300,1.103250,1.103280,1.102920,1.102940
1456416360,1.102950,1.103490,1.102940,1.103480
1456416420,1.103540,1.103540,1.103310,1.103310
1456416480,1.103310,1.103480,1.103190,1.103470
1456416540,1.103430,1.103780,1.103430,1.103670
1456416600,1.103690,1.103960,1.103690,1.103900
1456416660,1.103890,1.103950,1.103630,1.103830
1456416720,1.103840,1.103910,1.103580,1.103650
1456416780,1.103650,1.103740,1.103600,1.103670
1456416840,1.103660,1.103860,1.103550,1.103720
1456416900,1.103750,1.103960,1.103700,1.103820
1456416960,1.103810,1.103810,1.103070,1.103160
1456417020,1.103170,1.103260,1.102860,1.102880
1456417080,1.102880,1.103160,1.102860,1.103040
1456417140,1.103020,1.103520,1.103000,1.103490
1456417200,1.103490,1.103670,1.103380,1.103590
1456417260,1.103590,1.103770,1.103540,1.103710
1456417320,1.103700,1.103710,1.103450,1.103470
1456417380,1.103460,1.103550,1.103130,1.103140
1456417440,1.103130,1.103140,1.102840,1.102920
1456417500,1.102910,1.102970,1.102800,1.102850
1456417560,1.102840,1.102980,1.102770,1.102890
1456417620,1.102880,1.103070,1.102850,1.102930
1456417680,1.102940,1.102980,1.102800,1.102940
1456417740,1.102950,1.103110,1.102890,1.103080
1456417800,1.103090,1.103160,1.102880,1.103140
1456417860,1.103160,1.103170,1.102890,1.102940
1456417920,1.102950,1.103140,1.102890,1.103070
1456417980,1.103060,1.103240,1.103020,1.103060
1456418040,1.103060,1.103070,1.102800,1.102850
1456418100,1.102840,1.102970,1.102770,1.102830
1456418160,1.102830,1.102960,1.102830,1.102870
1456418220,1.102870,1.103000,1.102780,1.102780
1456418280,1.102800,1.102880,1.102750,1.102880
1456418340,1.102890,1.103130,1.102890,1.103110
1456418400,1.103110,1.103180,1.103020,1.103040
1456418460,1.103030,1.103270,1.102930,1.103240
1456418520,1.103240,1.103360,1.103210,1.103210
1456418580,1.103210,1.103440,1.103170,1.103390
1456418640,1.103370,1.103440,1.103310,1.103400
1456418700,1.103390,1.103390,1.103160,1.103160
1456418760,1.103180,1.103260,1.103120,1.103240
1456418820,1.103230,1.103310,1.103140,1.103200
1456418880,1.103220,1.103220,1.103080,1.103190
1456418940,1.103180,1.103350,1.103150,1.103230
1456419000,1.103220,1.103250,1.102900,1.102920
1456419060,1.102910,1.103060,1.102800,1.102850
1456419120,1.102840,1.102970,1.102680,1.102960
1456419180,1.102930,1.103080,1.102840,1.102860
1456419240,1.102870,1.102980,1.102840,1.102970
1456419300,1.102960,1.102960,1.102760,1.102760
1456419360,1.102710,1.102950,1.102660,1.102890
1456419420,1.102850,1.102910,1.102670,1.102820
1456419480,1.102800,1.102870,1.102660,1.102710
1456419540,1.102690,1.102790,1.102510,1.102590
1456419600,1.102580,1.102610,1.102360,1.102470
1456419660,1.102470,1.102650,1.102410,1.102530
1456419720,1.102540,1.102630,1.102410,1.102530
1456419780,1.102530,1.102900,1.102450,1.102880
1456419840,1.102870,1.102940,1.102710,1.102710
1456419900,1.102710,1.102890,1.102570,1.102590
1456419960,1.102600,1.102620,1.102440,1.102510
1456420020,1.102500,1.102500,1.102270,1.102340
1456420080,1.102330,1.102360,1.102170,1.102240
1456420140,1.102250,1.102440,1.102240,1.102370
1456420200,1.102380,1.102500,1.102230,1.102500
1456420260,1.102520,1.102610,1.102380,1.102420
1456420320,1.102430,1.102550,1.102350,1.102400
1456420380,1.102390,1.102470,1.102280,1.102430
1456420440,1.102430,1.102510,1.102280,1.102310
1456420500,1.102320,1.102410,1.102260,1.102280
1456420560,1.102290,1.102410,1.102210,1.102220
1456420620,1.102160,1.102190,1.102120,1.102190
1456420680,1.102180,1.102390,1.102170,1.102330
1456420740,1.102330,1.102460,1.102330,1.102460
1456420800,1.102500,1.102510,1.102370,1.102400
1456420860,1.102400,1.102470,1.102360,1.102390
1456420920,1.102400,1.102530,1.102390,1.102470
1456420980,1.102480,1.102630,1.102480,1.102570
1456421040,1.102580,1.102580,1.102370,1.102400
1456421100,1.102420,1.102430,1.102280,1.102290
1456421160,1.102310,1.102550,1.102290,1.102530
1456421220,1.102520,1.102630,1.102470,1.102550
1456421280,1.102540,1.102740,1.102510,1.102680
1456421340,1.102660,1.103040,1.102630,1.102860
1456421400,1.102860,1.102870,1.102780,1.102810
1456421460,1.102810,1.102810,1.102670,1.102750
1456421520,1.102750,1.102770,1.102670,1.102720
1456421580,1.102710,1.102770,1.102690,1.102710
1456421640,1.102710,1.102810,1.102640,1.102680
1456421700,1.102690,1.102690,1.102360,1.102410
1456421760,1.102410,1.102460,1.102270,1.102280
1456421820,1.102300,1.102590,1.102300,1.102560
1456421880,1.102550,1.102630,1.102300,1.102320
1456421940,1.102310,1.102440,1.102270,1.102360
1456422000,1.102350,1.102400,1.102290,1.102350
1456422060,1.102340,1.102530,1.102340,1.102510
1456422120,1.102510,1.102690,1.102510,1.102630
1456422180,1.102630,1.103110,1.102470,1.103070
1456422240,1.103060,1.103550,1.103060,1.103380
1456422300,1.103390,1.103680,1.103380,1.103670
1456422360,1.103670,1.103770,1.103630,1.103630
1456422420,1.103630,1.104300,1.103630,1.104210
1456422480,1.104220,1.104230,1.103850,1.103870
1456422540,1.103870,1.103910,1.103620,1.103790
1456422600,1.103740,1.103740,1.103470,1.103500
1456422660,1.103510,1.103700,1.103450,1.103640
1456422720,1.103650,1.103660,1.103150,1.103160
1456422780,1.103150,1.103520,1.103130,1.103520
1456422840,1.103520,1.103650,1.103450,1.103640
1456422900,1.103660,1.103750,1.103430,1.103470
1456422960,1.103460,1.103720,1.103400,1.103660
1456423020,1.103660,1.103690,1.103400,1.103650
1456423080,1.103660,1.103970,1.103550,1.103950
1456423140,1.103940,1.104040,1.103750,1.104030
1456423200,1.104030,1.104210,1.103950,1.104030
1456423260,1.104040,1.104130,1.104000,1.104060
1456423320,1.104050,1.104050,1.103770,1.103770
1456423380,1.103770,1.104000,1.103740,1.103890
1456423440,1.103880,1.103990,1.103770,1.103890
1456423500,1.103880,1.103880,1.103470,1.103480
1456423560,1.103490,1.103670,1.103440,1.103660
1456423620,1.103680,1.103690,1.103580,1.103650
1456423680,1.103640,1.103830,1.103580,1.103820
1456423740,1.103830,1.103930,1.103600,1.103620
1456423800,1.103630,1.103630,1.103430,1.103430
1456423860,1.103430,1.103490,1.103350,1.103480
1456423920,1.103480,1.103710,1.103480,1.103540
1456423980,1.103520,1.103530,1.103220,1.103230
1456424040,1.103240,1.103320,1.103210,1.103310
1456424100,1.103310,1.103310,1.103110,1.103190
1456424160,1.103210,1.103390,1.103190,1.103220
1456424220,1.103220,1.103360,1.103220,1.103320
1456424280,1.103310,1.103370,1.103220,1.103280
1456424340,1.103280,1.103280,1.103170,1.103170
1456424400,1.103160,1.103170,1.103130,1.103130
1456424460,1.103110,1.103300,1.103050,1.103300
1456424520,1.103290,1.103310,1.102990,1.103070
1456424580,1.103050,1.103090,1.102860,1.102920
1456424640,1.102930,1.103180,1.102830,1.103130
1456424700,1.103120,1.103170,1.102970,1.102970
1456424760,1.102960,1.103040,1.102830,1.102910
1456424820,1.102920,1.102940,1.102760,1.102830
1456424880,1.102840,1.102960,1.102780,1.102950
1456424940,1.102960,1.102990,1.102740,1.102740
1456425000,1.102710,1.102720,1.102540,1.102600
1456425060,1.102590,1.102780,1.102530,1.102600
1456425120,1.102610,1.102710,1.102530,1.102610
1456425180,1.102630,1.102850,1.102630,1.102830
1456425240,1.102820,1.102860,1.102730,1.102860
1456425300,1.102870,1.102980,1.102850,1.102850
1456425360,1.102860,1.103000,1.102850,1.102940
1456425420,1.102930,1.103070,1.102900,1.102900
1456425480,1.102920,1.103060,1.102900,1.103030
1456425540,1.103030,1.103030,1.102910,1.102970
1456425600,1.102960,1.102970,1.102830,1.102830
1456425660,1.102840,1.102840,1.102760,1.102800
1456425720,1.102800,1.102800,1.102610,1.102630
1456425780,1.102650,1.103100,1.102650,1.103090
1456425840,1.103100,1.103320,1.103090,1.103240
1456425900,1.103230,1.103230,1.102930,1.103190
1456425960,1.103170,1.103310,1.103060,1.103060
1456426020,1.103070,1.103100,1.102850,1.102900
1456426080,1.102900,1.103050,1.102880,1.102940
1456426140,1.102940,1.102940,1.102750,1.102780
1456426200,1.102780,1.102790,1.102720,1.102730
1456426260,1.102730,1.102930,1.102710,1.102910
1456426320,1.102910,1.102930,1.102820,1.102890
1456426380,1.102890,1.102910,1.102700,1.102730
1456426440,1.102680,1.102830,1.102630,1.102830
1456426500,1.102830,1.102880,1.102690,1.102730
1456426560,1.102740,1.102780,1.102630,1.102750
1456426620,1.102750,1.102780,1.102530,1.102540
1456426680,1.102530,1.102580,1.102400,1.102520
1456426740,1.102520,1.102550,1.102420,1.102500
1456426800,1.102520,1.102640,1.102490,1.102570
1456426860,1.102540,1.102650,1.102530,1.102550
1456426920,1.102550,1.102740,1.102530,1.102740
1456426980,1.102740,1.102750,1.102650,1.102670
1456427040,1.102670,1.102670,1.102430,1.102430
1456427100,1.102430,1.102520,1.102410,1.102510
1456427160,1.102510,1.102810,1.102500,1.102750
1456427220,1.102770,1.102870,1.102750,1.102790
1456427280,1.102780,1.102820,1.102760,1.102790
1456427340,1.102780,1.102860,1.102770,1.102860
1456427400,1.102860,1.102860,1.102750,1.102820
1456427460,1.102830,1.102830,1.102740,1.102780
1456427520,1.102770,1.102850,1.102720,1.102720
1456427580,1.102720,1.102880,1.102720,1.102870
1456427640,1.102870,1.102960,1.102730,1.102780
1456427700,1.102780,1.102780,1.102640,1.102740
1456427760,1.102740,1.102940,1.102740,1.102890
1456427820,1.102880,1.102950,1.102850,1.102930
1456427880,1.102940,1.102950,1.102770,1.102770
1456427940,1.102780,1.102790,1.102680,1.102680
1456428000,1.102700,1.102770,1.102590,1.102770
1456428060,1.102770,1.102890,1.102770,1.102800
1456428120,1.102800,1.102990,1.102800,1.102900
1456428180,1.102890,1.102930,1.102860,1.102900
1456428240,1.102920,1.103040,1.102870,1.103040
1456428300,1.103050,1.103240,1.103040,1.103220
1456428360,1.103200,1.103200,1.103030,1.103110
1456428420,1.103250,1.103250,1.103020,1.103110
1456428480,1.103100,1.103190,1.103040,1.103150
1456428540,1.103160,1.103210,1.103110,1.103150
1456428600,1.103150,1.103200,1.103090,1.103200
1456428660,1.103200,1.103300,1.103160,1.103290
1456428720,1.103300,1.103440,1.103290,1.103410
1456428780,1.103410,1.103430,1.103240,1.103290
1456428840,1.103280,1.103290,1.103220,1.103290
1456428900,1.103330,1.103500,1.103330,1.103500
1456428960,1.103510,1.103590,1.103410,1.103590
1456429020,1.103590,1.103590,1.103470,1.103590
1456429080,1.103590,1.103600,1.103570,1.103570
1456429140,1.103570,1.103580,1.103510,1.103560
1456429200,1.103580,1.103770,1.103580,1.103710
1456429260,1.103700,1.103780,1.103670,1.103780
1456429320,1.103800,1.104030,1.103780,1.103990
1456429380,1.103990,1.104040,1.103920,1.103950
1456429440,1.103970,1.103970,1.103850,1.103940
1456429500,1.103930,1.104000,1.103890,1.103910
1456429560,1.103910,1.104220,1.103910,1.104220
1456429620,1.104220,1.104340,1.104100,1.104310
1456429680,1.104350,1.104580,1.104300,1.104330
1456429740,1.104340,1.104340,1.104290,1.104290
1456429800,1.104290,1.104330,1.104210,1.104300
1456429860,1.104310,1.104440,1.104300,1.104370
1456429920,1.104370,1.104490,1.104370,1.104480
1456429980,1.104480,1.104570,1.104470,1.104570
1456430040,1.104570,1.105000,1.104560,1.104790
1456430100,1.104780,1.104940,1.104780,1.104920
1456430160,1.104920,1.104950,1.104580,1.104580
1456430220,1.104610,1.104660,1.104580,1.104630
1456430280,1.104650,1.104650,1.104310,1.104310
1456430340,1.104310,1.104330,1.103910,1.104060
1456430400,1.104040,1.104230,1.104020,1.104080
1456430460,1.104070,1.104070,1.103820,1.103820
1456430520,1.103840,1.103950,1.103820,1.103910
1456430580,1.103900,1.103900,1.103670,1.103790
1456430640,1.103780,1.103810,1.103710,1.103740
1456430700,1.103740,1.103790,1.103710,1.103710
1456430760,1.103710,1.103810,1.103710,1.103790
1456430820,1.103810,1.104000,1.103810,1.103950
1456430880,1.103950,1.103990,1.103910,1.103990
1456430940,1.103990,1.104050,1.103930,1.104030
1456431000,1.104030,1.104040,1.103930,1.103950
1456431060,1.103960,1.104020,1.103950,1.104010
1456431120,1.104020,1.104070,1.103970,1.104020
1456431180,1.104040,1.104040,1.103980,1.103980
1456431240,1.103980,1.104110,1.103950,1.104090
1456431300,1.104080,1.104220,1.104060,1.104200
1456431360,1.104210,1.104420,1.104200,1.104410
1456431420,1.104410,1.104500,1.104380,1.104480
1456431480,1.104470,1.104480,1.104350,1.104380
1456431540,1.104370,1.104400,1.104210,1.104240
1456431600,1.104230,1.104270,1.104190,1.104200
1456431660,1.104190,1.104190,1.104040,1.104060
1456431720,1.104060,1.104090,1.103860,1.103860
1456431780,1.103860,1.103860,1.103660,1.103710
1456431840,1.103720,1.103840,1.103720,1.103830
1456431900,1.103840,1.103900,1.103830,1.103830
1456431960,1.103820,1.103900,1.103820,1.103890
1456432020,1.103890,1.103900,1.103660,1.103660
1456432080,1.103650,1.103650,1.103420,1.103580
1456432140,1.103570,1.103650,1.103560,1.103650
1456432200,1.103680,1.103690,1.103520,1.103520
1456432260,1.103500,1.103540,1.103470,1.103520
1456432320,1.103520,1.103680,1.103510,1.103670
1456432380,1.103670,1.103760,1.103630,1.103710
1456432440,1.103720,1.103740,1.103580,1.103640
1456432500,1.103640,1.103650,1.103540,1.103550
1456432560,1.103550,1.103570,1.103490,1.103550
1456432620,1.103560,1.103590,1.103440,1.103440
1456432680,1.103440,1.103470,1.103240,1.103370
1456432740,1.103360,1.103360,1.103150,1.103160
1456432800,1.103150,1.103220,1.103080,1.103090
1456432860,1.103090,1.103140,1.102800,1.102900
1456432920,1.102910,1.102940,1.102850,1.102880
1456432980,1.102860,1.102870,1.102570,1.102670
1456433040,1.102670,1.102830,1.102620,1.102830
1456433100,1.102830,1.102860,1.102710,1.102770
1456433160,1.102780,1.102830,1.102760,1.102770
1456433220,1.102760,1.102760,1.102710,1.102750
1456433280,1.102750,1.102810,1.102740,1.102790
1456433340,1.102800,1.102840,1.102770,1.102830
1456433400,1.102820,1.102830,1.102690,1.102690
1456433460,1.102680,1.102840,1.102680,1.102830
1456433520,1.102820,1.102860,1.102810,1.102850
1456433580,1.102850,1.102960,1.102830,1.102960
1456433640,1.102960,1.102960,1.102920,1.102950
1456433700,1.102940,1.102940,1.102780,1.102780
1456433760,1.102780,1.102860,1.102780,1.102860
1456433820,1.102850,1.102870,1.102640,1.102690
1456433880,1.102690,1.102740,1.102650,1.102650
1456433940,1.102630,1.102650,1.102470,1.102490
1456434000,1.102490,1.102490,1.102370,1.102420
1456434060,1.102430,1.102440,1.102340,1.102410
1456434120,1.102390,1.102390,1.102340,1.102390
1456434180,1.102380,1.102500,1.102380,1.102440
1456434240,1.102450,1.102550,1.102420,1.102510
1456434300,1.102510,1.102530,1.102510,1.102520
1456434360,1.102510,1.102650,1.102500,1.102640
1456434420,1.102660,1.102680,1.102650,1.102680
1456434480,1.102690,1.102830,1.102680,1.102830
1456434540,1.102830,1.102830,1.102790,1.102810
1456434600,1.102820,1.102830,1.102570,1.102570
1456434660,1.102570,1.102580,1.102430,1.102500
1456434720,1.102510,1.102680,1.102510,1.102680
1456434780,1.102680,1.102680,1.102620,1.102630
1456434840,1.102630,1.102630,1.102380,1.102440
1456434900,1.102450,1.102630,1.102450,1.102630
1456434960,1.102640,1.102640,1.102560,1.102610
1456435020,1.102610,1.102610,1.102580,1.102600
1456435080,1.102590,1.102680,1.102580,1.102680
1456435140,1.102670,1.102700,1.102410,1.102690
1456435200,1.102710,1.102760,1.102670,1.102740
1456435260,1.102750,1.102820,1.102750,1.102800
1456435320,1.102800,1.102850,1.102780,1.102850
1456435380,1.102840,1.102850,1.102820,1.102840
1456435440,1.102840,1.102840,1.102790,1.102790
1456435500,1.102800,1.102800,1.102730,1.102730
1456435560,1.102730,1.102740,1.102730,1.102740
1456435620,1.102750,1.102750,1.102550,1.102690
1456435680,1.102700,1.102700,1.102700,1.102700
1456435740,1.102700,1.102860,1.102680,1.102790
1456435800,1.102800,1.102800,1.102720,1.102730
1456435860,1.102740,1.102760,1.102720,1.102740
1456435920,1.102740,1.102740,1.102640,1.102690
1456435980,1.102680,1.102680,1.102640,1.102660
1456436040,1.102670,1.102680,1.102670,1.102670
1456436100,1.102680,1.102690,1.102640,1.102680
1456436160,1.102670,1.102670,1.102640,1.102650
1456436220,1.102650,1.102730,1.102610,1.102700
1456436280,1.102710,1.102770,1.102710,1.102770
1456436340,1.102760,1.102760,1.102660,1.102680
1456436400,1.102680,1.102690,1.102660,1.102670
1456436460,1.102680,1.102700,1.102660,1.102660
1456436520,1.102670,1.102690,1.102630,1.102670
1456436580,1.102680,1.102690,1.102650,1.102660
1456436640,1.102660,1.102660,1.102590,1.102590
1456436700,1.102590,1.102600,1.102580,1.102590
1456436760,1.102590,1.102600,1.102570,1.102590
1456436820,1.102600,1.102620,1.102580,1.102590
1456436880,1.102610,1.102610,1.102480,1.102480
1456436940,1.102470,1.102470,1.102230,1.102240
1456437000,1.102230,1.102250,1.102190,1.102210
1456437060,1.102210,1.102220,1.102040,1.102050
1456437120,1.102050,1.102160,1.102040,1.102050
1456437180,1.102050,1.102060,1.101980,1.102010
1456437240,1.102000,1.102020,1.101960,1.102010
1456437300,1.102000,1.102050,1.101890,1.102020
1456437360,1.102040,1.102050,1.102000,1.102020
1456437420,1.102010,1.102030,1.101920,1.101920
1456437480,1.101920,1.101950,1.101790,1.101850
1456437540,1.101840,1.101840,1.101700,1.101840
1456437600,1.101840,1.101840,1.101560,1.101580
1456437660,1.101560,1.102000,1.101550,1.101940
1456437720,1.101940,1.101950,1.101830,1.101890
1456437780,1.101920,1.101920,1.101840,1.101840
1456437840,1.101840,1.101860,1.101820,1.101840
1456437900,1.101860,1.101910,1.101810,1.101860
1456437960,1.101910,1.101920,1.101820,1.101920
1456438020,1.101910,1.102050,1.101870,1.102040
1456438080,1.102060,1.102060,1.102060,1.102060
1456438140,1.102090,1.102160,1.101970,1.102160
1456438200,1.102150,1.102180,1.102040,1.102040
1456438260,1.102090,1.102150,1.102090,1.102150
1456438320,1.102120,1.102150,1.102120,1.102120
1456438380,1.102120,1.102120,1.102120,1.102120
1456438440,1.102110,1.102720,1.102110,1.102570
1456438500,1.102550,1.102550,1.102420,1.102420
1456438560,1.102410,1.102420,1.102250,1.102350
1456438620,1.102360,1.102470,1.102320,1.102370
1456438680,1.102360,1.102360,1.102200,1.102270
1456438740,1.102310,1.102320,1.101890,1.102090
1456438800,1.102020,1.102020,1.102020,1.102020
1456438860,1.102020,1.102310,1.102020,1.102230
1456438920,1.102240,1.102420,1.102240,1.102420
1456438980,1.102460,1.102640,1.102460,1.102570
1456439040,1.102540,1.102540,1.102020,1.102040
1456439100,1.102060,1.102540,1.102060,1.102500
1456439160,1.102520,1.102520,1.102410,1.102410
1456439220,1.102410,1.102430,1.102380,1.102430
1456439280,1.102430,1.102540,1.102380,1.102450
1456439340,1.102450,1.102500,1.102450,1.102490
1456439400,1.102480,1.102690,1.102400,1.102480
1456439460,1.102480,1.102480,1.102120,1.102130
1456439520,1.102120,1.102180,1.102120,1.102170
1456439580,1.102180,1.102250,1.102140,1.102140
1456439640,1.102150,1.102270,1.102140,1.102250
1456439700,1.102260,1.102280,1.102230,1.102260
1456439760,1.102270,1.102280,1.102240,1.102280
1456439820,1.102270,1.102280,1.102230,1.102250
1456439880,1.102270,1.102280,1.102230,1.102260
1456439940,1.102260,1.102340,1.102260,1.102320
1456440000,1.102330,1.102340,1.102280,1.102280
1456440060,1.102290,1.102300,1.102280,1.102300
1456440120,1.102280,1.102300,1.102250,1.102280
1456440180,1.102280,1.102290,1.102240,1.102250
1456440240,1.102250,1.102380,1.102250,1.102270
1456440300,1.102280,1.102290,1.102250,1.102250
1456440360,1.102250,1.102290,1.102240,1.102240
1456440420,1.102190,1.102200,1.101960,1.101960
1456440480,1.101960,1.101980,1.101870,1.101980
1456440540,1.101980,1.101980,1.101980,1.101980
1456440600,1.101980,1.102100,1.101920,1.102100
1456440660,1.102100,1.102100,1.102100,1.102100
1456440720,1.102100,1.102230,1.101980,1.102160
1456440780,1.102160,1.102180,1.101790,1.102110
1456440840,1.102110,1.102530,1.102090,1.102320
1456440900,1.102320,1.102320,1.102240,1.102280
1456440960,1.102330,1.102330,1.101900,1.102100
1456441020,1.102100,1.102280,1.102010,1.102230
1456441080,1.102150,1.102230,1.101780,1.102010
1456441140,1.102010,1.102050,1.101900,1.102030
1456441200,1.102070,1.102130,1.101900,1.102100
1456441260,1.102110,1.102110,1.102000,1.102000
1456441320,1.102010,1.102060,1.101960,1.102040
1456441380,1.102040,1.102050,1.101940,1.101960
1456441440,1.102010,1.102010,1.101940,1.101960
1456441500,1.101950,1.101960,1.101930,1.101960
1456441560,1.101960,1.101970,1.101950,1.101970
1456441620,1.101970,1.102190,1.101970,1.102180
1456441680,1.102160,1.102210,1.102130,1.102170
1456441740,1.102190,1.102270,1.102170,1.102260
1456441800,1.102300,1.102440,1.102290,1.102370
1456441860,1.102360,1.102400,1.102320,1.102390
1456441920,1.102390,1.102400,1.102150,1.102170
1456441980,1.102160,1.102160,1.102060,1.102110
1456442040,1.102110,1.102290,1.102060,1.102250
1456442100,1.102240,1.102340,1.102230,1.102280
1456442160,1.102260,1.102320,1.102260,1.102320
1456442220,1.102320,1.102350,1.102320,1.102320
1456442280,1.102330,1.102330,1.102270,1.102270
1456442340,1.102270,1.102270,1.102220,1.102230
1456442400,1.102240,1.102260,1.102190,1.102240
1456442460,1.102230,1.102240,1.102170,1.102170
1456442520,1.102150,1.102220,1.102140,1.102170
1456442580,1.102190,1.102240,1.102190,1.102240
1456442640,1.102250,1.102250,1.102170,1.102220
1456442700,1.102220,1.102240,1.102220,1.102230
1456442760,1.102240,1.102280,1.102200,1.102200
1456442820,1.102180,1.102210,1.102170,1.102190
1456442880,1.102200,1.102230,1.102170,1.102190
1456442940,1.102190,1.102200,1.102140,1.102170
1456443000,1.102170,1.102180,1.102060,1.102070
1456443060,1.102070,1.102070,1.101910,1.101930
1456443120,1.101940,1.101950,1.101880,1.101910
1456443180,1.101910,1.101960,1.101880,1.101910
1456443240,1.101910,1.101970,1.101830,1.101830
1456443300,1.101830,1.101830,1.101770,1.101810
1456443360,1.101780,1.101810,1.101710,1.101810
1456443420,1.101840,1.101920,1.101790,1.101890
1456443480,1.101890,1.101980,1.101870,1.101940
1456443540,1.101940,1.102010,1.101940,1.102010
1456443600,1.102010,1.102010,1.101910,1.101910
1456443660,1.101910,1.101980,1.101910,1.101970
1456443720,1.101970,1.101970,1.101940,1.101940
1456443780,1.101940,1.102080,1.101940,1.102060
1456443840,1.102070,1.102080,1.102000,1.102000
1456443900,1.101990,1.102050,1.101970,1.101990
1456443960,1.102020,1.102040,1.101970,1.101980
1456444020,1.101970,1.101990,1.101970,1.101980
1456444080,1.101950,1.101970,1.101930,1.101970
1456444140,1.101960,1.101970,1.101940,1.101970
1456444200,1.101980,1.101980,1.101960,1.101980
1456444260,1.101970,1.101980,1.101940,1.101940
1456444320,1.101940,1.102040,1.101840,1.101970
1456444380,1.101980,1.102180,1.101930,1.102160
1456444440,1.102200,1.102320,1.102200,1.102280
1456444500,1.102280,1.102310,1.102240,1.102290
1456444560,1.102300,1.102350,1.102290,1.102290
1456444620,1.102310,1.102330,1.102270,1.102310
1456444680,1.102300,1.102310,1.102210,1.102220
1456444740,1.102230,1.102360,1.102220,1.102300
1456444800,1.102300,1.102450,1.102210,1.102250
1456444860,1.102240,1.102610,1.102200,1.102590
1456444920,1.102610,1.102900,1.102610,1.102850
1456444980,1.102840,1.102930,1.102820,1.102850
1456445040,1.102850,1.103050,1.102830,1.103030
1456445100,1.103030,1.103130,1.102790,1.102870
1456445160,1.102870,1.103100,1.102870,1.103090
1456445220,1.103070,1.103150,1.102910,1.102910
1456445280,1.102900,1.102950,1.102810,1.102850
1456445340,1.102850,1.102980,1.102790,1.102900
1456445400,1.102910,1.103030,1.102820,1.103030
1456445460,1.103060,1.103120,1.102990,1.103040
1456445520,1.103030,1.103030,1.102900,1.102900
1456445580,1.102900,1.102920,1.102890,1.102890
1456445640,1.102890,1.103050,1.102860,1.102880
1456445700,1.102880,1.103050,1.102880,1.102980
1456445760,1.102980,1.103090,1.102960,1.103090
1456445820,1.103070,1.103100,1.102990,1.103100
1456445880,1.103100,1.103180,1.103020,1.103170
1456445940,1.103180,1.103240,1.103110,1.103240
1456446000,1.103240,1.103260,1.103210,1.103260
1456446060,1.103250,1.103300,1.103230,1.103230
1456446120,1.103230,1.103300,1.103170,1.103180
1456446180,1.103170,1.103230,1.103130,1.103180
1456446240,1.103180,1.103320,1.103180,1.103280
1456446300,1.103280,1.103560,1.103280,1.103550
1456446360,1.103540,1.103780,1.103530,1.103780
1456446420,1.103760,1.103810,1.103750,1.103750
1456446480,1.103750,1.103810,1.103750,1.103810
1456446540,1.103860,1.103920,1.103830,1.103920
1456446600,1.103920,1.103920,1.103870,1.103900
1456446660,1.103920,1.103920,1.103880,1.103920
1456446720,1.103940,1.104050,1.103920,1.103980
1456446780,1.103970,1.103970,1.103900,1.103910
1456446840,1.103900,1.103960,1.103860,1.103890
1456446900,1.103890,1.103920,1.103850,1.103890
1456446960,1.103900,1.103980,1.103890,1.103950
1456447020,1.103940,1.103950,1.103890,1.103890
1456447080,1.103910,1.103910,1.103850,1.103890
1456447140,1.103900,1.103900,1.103810,1.103830
1456447200,1.103820,1.103840,1.103750,1.103750
1456447260,1.103760,1.103850,1.103590,1.103590
1456447320,1.103590,1.103620,1.103540,1.103610
1456447380,1.103610,1.103610,1.103600,1.103610
1456447440,1.103610,1.103650,1.103520,1.103560
1456447500,1.103560,1.103620,1.103540,1.103550
1456447560,1.103560,1.103590,1.103420,1.103450
1456447620,1.103430,1.103560,1.103420,1.103530
1456447680,1.103540,1.103550,1.103520,1.103530
1456447740,1.103520,1.103630,1.103500,1.103620
1456447800,1.103630,1.103640,1.103580,1.103630
1456447860,1.103620,1.103660,1.103580,1.103650
1456447920,1.103640,1.103660,1.103610,1.103610
1456447980,1.103610,1.103740,1.103580,1.103690
1456448040,1.103700,1.104150,1.103700,1.104050
1456448100,1.103930,1.104560,1.103930,1.104340
1456448160,1.104330,1.104480,1.104290,1.104440
1456448220,1.104460,1.104460,1.104360,1.104420
1456448280,1.104410,1.104410,1.104250,1.104250
1456448340,1.104240,1.104320,1.104210,1.104210
1456448400,1.104220,1.104350,1.104220,1.104320
1456448460,1.104300,1.104430,1.104270,1.104410
1456448520,1.104400,1.104410,1.104310,1.104410
1456448580,1.104440,1.104890,1.104440,1.104780
1456448640,1.104790,1.105870,1.104790,1.105690
1456448700,1.105670,1.105850,1.105280,1.105610
1456448760,1.105620,1.105810,1.105620,1.105810
1456448820,1.105810,1.105840,1.105800,1.105820
1456448880,1.105830,1.106050,1.105280,1.105410
1456448940,1.105430,1.105600,1.105300,1.105430
1456449000,1.105430,1.105430,1.105310,1.105340
1456449060,1.105350,1.105500,1.105290,1.105410
1456449120,1.105400,1.105400,1.105240,1.105260
1456449180,1.105260,1.105310,1.105130,1.105170
1456449240,1.105160,1.105170,1.104830,1.104990
1456449300,1.104980,1.105450,1.104980,1.105180
1456449360,1.105160,1.105290,1.105160,1.105210
1456449420,1.105200,1.105300,1.105170,1.105190
1456449480,1.105190,1.105350,1.105190,1.105350
1456449540,1.105360,1.105380,1.105120,1.105170
1456449600,1.105200,1.105270,1.105190,1.105210
1456449660,1.105220,1.105270,1.105130,1.105270
1456449720,1.105250,1.105270,1.105110,1.105160
1456449780,1.105170,1.105340,1.105160,1.105310
1456449840,1.105320,1.105380,1.105290,1.105360
1456449900,1.105330,1.105390,1.105090,1.105210
1456449960,1.105200,1.105200,1.105020,1.105030
1456450020,1.105040,1.105070,1.104850,1.104850
1456450080,1.104860,1.104930,1.104830,1.104840
1456450140,1.104830,1.105010,1.104800,1.104980
1456450200,1.104970,1.105050,1.104880,1.104880
1456450260,1.104900,1.105030,1.104790,1.104960
1456450320,1.104970,1.104980,1.104810,1.104970
1456450380,1.104980,1.105000,1.104830,1.104860
1456450440,1.104890,1.104910,1.104700,1.104730
1456450500,1.104740,1.104810,1.104590,1.104690
1456450560,1.104670,1.104720,1.104590,1.104690
1456450620,1.104690,1.104950,1.104640,1.104830
1456450680,1.104840,1.104890,1.104600,1.104750
1456450740,1.104770,1.104790,1.104660,1.104690
1456450800,1.104690,1.104710,1.104620,1.104650
1456450860,1.104660,1.104900,1.104660,1.104890
1456450920,1.104870,1.105020,1.104850,1.105010
1456450980,1.105040,1.105290,1.105010,1.105200
1456451040,1.105210,1.105350,1.105170,1.105290
1456451100,1.105280,1.105380,1.105260,1.105320
1456451160,1.105310,1.105360,1.105260,1.105310
1456451220,1.105290,1.105290,1.105220,1.105270
1456451280,1.105260,1.105270,1.105090,1.105090
1456451340,1.105090,1.105110,1.104850,1.104940
1456451400,1.104930,1.104990,1.104930,1.104990
1456451460,1.104970,1.105080,1.104940,1.105050
1456451520,1.105030,1.105080,1.105000,1.105030
1456451580,1.105040,1.105040,1.104990,1.105030
1456451640,1.105030,1.105100,1.105030,1.105060
1456451700,1.105070,1.105200,1.105070,1.105170
1456451760,1.105190,1.105350,1.105170,1.105350
1456451820,1.105350,1.105350,1.105180,1.105190
1456451880,1.105190,1.105230,1.105110,1.105170
1456451940,1.105160,1.105180,1.105070,1.105070
1456452000,1.105070,1.105150,1.105030,1.105130
1456452060,1.105110,1.105270,1.105110,1.105270
1456452120,1.105270,1.105330,1.105160,1.105290
1456452180,1.105280,1.105280,1.105090,1.105150
1456452240,1.105120,1.105270,1.105080,1.105200
1456452300,1.105180,1.105310,1.105180,1.105260
1456452360,1.105250,1.105380,1.105240,1.105310
1456452420,1.105330,1.105420,1.105320,1.105390
1456452480,1.105390,1.105390,1.105300,1.105330
1456452540,1.105340,1.105410,1.105270,1.105270
1456452600,1.105260,1.105380,1.105260,1.105320
1456452660,1.105310,1.105330,1.105260,1.105260
1456452720,1.105250,1.105330,1.105210,1.105210
1456452780,1.105210,1.105260,1.105090,1.105110
1456452840,1.105110,1.105150,1.105100,1.105120
1456452900,1.105120,1.105120,1.105000,1.105050
1456452960,1.105060,1.105080,1.105060,1.105070
1456453020,1.105070,1.105140,1.105060,1.105140
1456453080,1.105160,1.105180,1.105100,1.105100
1456453140,1.105100,1.105100,1.105040,1.105060
1456453200,1.105060,1.105100,1.105060,1.105070
1456453260,1.105080,1.105100,1.105050,1.105050
1456453320,1.105030,1.105120,1.105010,1.105080
1456453380,1.105080,1.105100,1.105050,1.105070
1456453440,1.105070,1.105070,1.105040,1.105060
1456453500,1.105060,1.105110,1.105050,1.105050
1456453560,1.105040,1.105080,1.104990,1.105030
1456453620,1.105030,1.105090,1.105030,1.105070
1456453680,1.105080,1.105140,1.105070,1.105110
1456453740,1.105110,1.105170,1.105090,1.105130
1456453800,1.105120,1.105160,1.105080,1.105160
1456453860,1.105150,1.105190,1.105150,1.105180
1456453920,1.105170,1.105170,1.105080,1.105090
1456453980,1.105070,1.105090,1.105010,1.105010
1456454040,1.105020,1.105030,1.104980,1.104980
1456454100,1.104930,1.104960,1.104900,1.104950
1456454160,1.104950,1.105010,1.104950,1.104970
1456454220,1.104970,1.104980,1.104910,1.104970
1456454280,1.104980,1.104980,1.104940,1.104950
1456454340,1.104970,1.105010,1.104970,1.105010
1456454400,1.105010,1.105060,1.105000,1.105010
1456454460,1.105020,1.105020,1.104880,1.104910
1456454520,1.104920,1.105000,1.104900,1.104970
1456454580,1.104980,1.105060,1.104850,1.104860
1456454640,1.104860,1.104860,1.104780,1.104790
1456454700,1.104780,1.104850,1.104750,1.104760
1456454760,1.104790,1.104950,1.104710,1.104950
1456454820,1.104930,1.105120,1.104930,1.105120
1456454880,1.105120,1.105120,1.105020,1.105110
1456454940,1.105120,1.105120,1.104950,1.104970
1456455000,1.104970,1.105100,1.104970,1.105020
1456455060,1.105030,1.105080,1.105000,1.105020
1456455120,1.105020,1.105060,1.105010,1.105020
1456455180,1.105020,1.105110,1.104910,1.105110
1456455240,1.105100,1.105110,1.105060,1.105100
1456455300,1.105090,1.105170,1.105050,1.105170
1456455360,1.105170,1.105220,1.105170,1.105180
1456455420,1.105170,1.105210,1.105170,1.105210
1456455480,1.105230,1.105290,1.105210,1.105290
1456455540,1.105300,1.105330,1.105290,1.105320
1456455600,1.105310,1.105310,1.105180,1.105220
1456455660,1.105210,1.105250,1.105190,1.105240
1456455720,1.105240,1.105270,1.105230,1.105230
1456455780,1.105250,1.105370,1.105240,1.105360
1456455840,1.105350,1.105460,1.105350,1.105460
1456455900,1.105450,1.105450,1.105360,1.105380
1456455960,1.105390,1.105390,1.105350,1.105380
1456456020,1.105390,1.105440,1.105350,1.105430
1456456080,1.105450,1.105550,1.105410,1.105420
1456456140,1.105410,1.105500,1.105330,1.105490
1456456200,1.105510,1.105530,1.105450,1.105460
1456456260,1.105470,1.105560,1.105420,1.105510
1456456320,1.105510,1.105710,1.105510,1.105700
1456456380,1.105700,1.105970,1.105700,1.105890
1456456440,1.105920,1.106350,1.105910,1.106210
1456456500,1.106220,1.106220,1.105900,1.106110
1456456560,1.106100,1.106150,1.105990,1.106030
1456456620,1.106060,1.106070,1.105950,1.106030
1456456680,1.106040,1.106080,1.105850,1.105900
1456456740,1.105900,1.105900,1.105710,1.105820
1456456800,1.105810,1.105820,1.105750,1.105750
1456456860,1.105770,1.105810,1.105720,1.105770
1456456920,1.105770,1.105810,1.105730,1.105810
1456456980,1.105830,1.105880,1.105810,1.105860
1456457040,1.105890,1.105920,1.105860,1.105900
1456457100,1.105880,1.105910,1.105820,1.105910
1456457160,1.105900,1.106060,1.105860,1.106050
1456457220,1.106060,1.106130,1.106020,1.106110
1456457280,1.106120,1.106200,1.106040,1.106160
1456457340,1.106160,1.106170,1.106050,1.106080
1456457400,1.106070,1.106160,1.106050,1.106160
1456457460,1.106150,1.106240,1.106130,1.106150
1456457520,1.106140,1.106210,1.106120,1.106130
1456457580,1.106130,1.106210,1.106130,1.106150
1456457640,1.106140,1.106210,1.106090,1.106180
1456457700,1.106130,1.106130,1.106030,1.106080
1456457760,1.106080,1.106120,1.105930,1.105940
1456457820,1.105930,1.105970,1.105900,1.105910
1456457880,1.105910,1.105950,1.105900,1.105950
1456457940,1.105950,1.106160,1.105930,1.106070
1456458000,1.106080,1.106080,1.106000,1.106000
1456458060,1.106000,1.106000,1.105900,1.105900
1456458120,1.105900,1.105950,1.105900,1.105950
1456458180,1.105950,1.105970,1.105950,1.105960
1456458240,1.105960,1.105970,1.105960,1.105960
1456458300,1.106000,1.106210,1.105910,1.106210
1456458360,1.106200,1.106220,1.106160,1.106170
1456458420,1.106230,1.106250,1.106130,1.106220
1456458480,1.106200,1.106240,1.106200,1.106200
1456458540,1.106200,1.106220,1.106110,1.106210
1456458600,1.106240,1.106240,1.106200,1.106220
1456458660,1.106220,1.106250,1.106190,1.106230
1456458720,1.106230,1.106500,1.106230,1.106430
1456458780,1.106430,1.106490,1.106400,1.106440
1456458840,1.106450,1.106480,1.106410,1.106430
1456458900,1.106420,1.106500,1.106360,1.106370
1456458960,1.106380,1.106490,1.106340,1.106470
1456459020,1.106460,1.106490,1.106380,1.106400
1456459080,1.106400,1.106420,1.106350,1.106350
1456459140,1.106350,1.106400,1.106350,1.106360
1456459200,1.106360,1.106370,1.106350,1.106370
1456459260,1.106380,1.106440,1.106370,1.106440
1456459320,1.106410,1.106590,1.106410,1.106510
1456459380,1.106500,1.106550,1.106500,1.106540
1456459440,1.106570,1.106810,1.106570,1.106750
1456459500,1.106750,1.106750,1.106610,1.106640
1456459560,1.106660,1.106820,1.106660,1.106660
1456459620,1.106660,1.106660,1.106440,1.106490
1456459680,1.106500,1.106520,1.106410,1.106420
1456459740,1.106400,1.106420,1.106320,1.106320
1456459800,1.106300,1.106350,1.106300,1.106310
1456459860,1.106310,1.106320,1.106160,1.106220
1456459920,1.106230,1.106240,1.106210,1.106210
1456459980,1.106200,1.106320,1.106200,1.106300
1456460040,1.106280,1.106280,1.106180,1.106210
1456460100,1.106210,1.106250,1.106210,1.106250
1456460160,1.106250,1.106250,1.106170,1.106170
1456460220,1.106160,1.106250,1.106160,1.106200
1456460280,1.106200,1.106200,1.106110,1.106160
1456460340,1.106160,1.106230,1.106110,1.106230
1456460400,1.106240,1.106270,1.106220,1.106270
1456460460,1.106260,1.106300,1.106260,1.106280
1456460520,1.106260,1.106300,1.106240,1.106260
1456460580,1.106250,1.106290,1.106250,1.106260
1456460640,1.106250,1.106260,1.106250,1.106250
1456460700,1.106280,1.106290,1.106260,1.106280
1456460760,1.106270,1.106300,1.106270,1.106300
1456460820,1.106300,1.106380,1.106280,1.106370
1456460880,1.106380,1.106470,1.106370,1.106450
1456460940,1.106450,1.106540,1.106450,1.106470
1456461000,1.106460,1.106480,1.106370,1.106410
1456461060,1.106410,1.106430,1.106370,1.106430
1456461120,1.106420,1.106420,1.106310,1.106330
1456461180,1.106350,1.106400,1.106330,1.106340
1456461240,1.106360,1.106390,1.106310,1.106310
1456461300,1.106320,1.106370,1.106310,1.106370
1456461360,1.106380,1.106410,1.106320,1.106370
1456461420,1.106370,1.106380,1.106320,1.106330
1456461480,1.106330,1.106400,1.106330,1.106400
1456461540,1.106400,1.106490,1.106390,1.106410
1456461600,1.106410,1.106510,1.106400,1.106510
1456461660,1.106510,1.106510,1.106450,1.106450
1456461720,1.106450,1.106450,1.106360,1.106400
1456461780,1.106400,1.106480,1.106400,1.106420
1456461840,1.106420,1.106440,1.106400,1.106410
1456461900,1.106410,1.106440,1.106400,1.106410
1456461960,1.106410,1.106410,1.106310,1.106360
1456462020,1.106350,1.106370,1.106300,1.106310
1456462080,1.106290,1.106290,1.106220,1.106220
1456462140,1.106220,1.106220,1.106090,1.106110
1456462200,1.106110,1.106150,1.106110,1.106140
1456462260,1.106140,1.106160,1.106130,1.106140
1456462320,1.106130,1.106130,1.106090,1.106100
1456462380,1.106100,1.106100,1.106050,1.106050
1456462440,1.106050,1.106060,1.106050,1.106050
1456462500,1.106050,1.106050,1.105960,1.106040
1456462560,1.106020,1.106050,1.105980,1.106050
1456462620,1.106050,1.106100,1.106040,1.106090
1456462680,1.106090,1.106090,1.106080,1.106090
1456462740,1.106100,1.106130,1.106050,1.106050
