time,open,high,low,close
1573448400,120.198000,120.201000,120.197000,120.197000
1573448460,120.197000,120.197000,120.191000,120.195000
1573448520,120.195000,120.200000,120.195000,120.198000
1573448580,120.198000,120.209000,120.198000,120.209000
1573448640,120.209000,120.222000,120.208000,120.220000
1573448700,120.220000,120.221000,120.211000,120.213000
1573448760,120.213000,120.216000,120.210000,120.212000
1573448820,120.211000,120.213000,120.207000,120.209000
1573448880,120.208000,120.208000,120.206000,120.207000
1573448940,120.207000,120.207000,120.206000,120.206000
1573449000,120.205000,120.205000,120.200000,120.201000
1573449060,120.200000,120.204000,120.200000,120.203000
1573449120,120.203000,120.206000,120.202000,120.204000
1573449180,120.203000,120.203000,120.198000,120.199000
1573449240,120.196000,120.196000,120.188000,120.188000
1573449300,120.188000,120.190000,120.182000,120.185000
1573449360,120.184000,120.184000,120.182000,120.183000
1573449420,120.182000,120.187000,120.182000,120.184000
1573449480,120.184000,120.194000,120.184000,120.194000
1573449540,120.192000,120.192000,120.188000,120.192000
1573449600,120.196000,120.204000,120.196000,120.202000
1573449660,120.203000,120.222000,120.203000,120.215000
1573449720,120.220000,120.221000,120.213000,120.213000
1573449780,120.217000,120.218000,120.214000,120.214000
1573449840,120.215000,120.219000,120.215000,120.218000
1573449900,120.222000,120.222000,120.219000,120.219000
1573449960,120.218000,120.219000,120.218000,120.218000
1573450020,120.218000,120.218000,120.218000,120.218000
1573450080,120.219000,120.222000,120.217000,120.218000
1573450140,120.218000,120.229000,120.218000,120.229000
1573450200,120.229000,120.232000,120.226000,120.226000
1573450260,120.226000,120.228000,120.225000,120.227000
1573450320,120.226000,120.226000,120.208000,120.208000
1573450380,120.208000,120.211000,120.208000,120.209000
1573450440,120.205000,120.206000,120.197000,120.206000
1573450500,120.206000,120.206000,120.201000,120.202000
1573450560,120.201000,120.201000,120.194000,120.198000
1573450620,120.198000,120.199000,120.196000,120.196000
1573450680,120.196000,120.196000,120.193000,120.193000
1573450740,120.193000,120.193000,120.189000,120.192000
1573450800,120.192000,120.201000,120.192000,120.199000
1573450860,120.201000,120.213000,120.201000,120.213000
1573450920,120.213000,120.214000,120.205000,120.206000
1573450980,120.206000,120.206000,120.202000,120.205000
1573451040,120.204000,120.206000,120.202000,120.206000
1573451100,120.206000,120.206000,120.201000,120.202000
1573451160,120.202000,120.208000,120.202000,120.208000
1573451220,120.208000,120.213000,120.208000,120.212000
1573451280,120.212000,120.219000,120.212000,120.219000
1573451340,120.219000,120.219000,120.213000,120.213000
1573451400,120.212000,120.213000,120.212000,120.213000
1573451460,120.215000,120.221000,120.215000,120.217000
1573451520,120.217000,120.217000,120.216000,120.216000
1573451580,120.215000,120.218000,120.215000,120.216000
1573451640,120.216000,120.233000,120.216000,120.233000
1573451700,120.233000,120.233000,120.207000,120.210000
1573451760,120.210000,120.211000,120.206000,120.209000
1573451820,120.209000,120.209000,120.203000,120.205000
1573451880,120.204000,120.205000,120.204000,120.204000
1573451940,120.206000,120.207000,120.197000,120.198000
1573452000,120.198000,120.199000,120.182000,120.190000
1573452060,120.188000,120.191000,120.185000,120.186000
1573452120,120.186000,120.189000,120.167000,120.176000
1573452180,120.176000,120.198000,120.176000,120.190000
1573452240,120.190000,120.191000,120.173000,120.183000
1573452300,120.185000,120.185000,120.179000,120.181000
1573452360,120.180000,120.180000,120.174000,120.175000
1573452420,120.175000,120.180000,120.169000,120.171000
1573452480,120.172000,120.172000,120.167000,120.168000
1573452540,120.168000,120.168000,120.161000,120.162000
1573452600,120.162000,120.163000,120.158000,120.160000
1573452660,120.159000,120.163000,120.150000,120.154000
1573452720,120.153000,120.153000,120.142000,120.143000
1573452780,120.143000,120.143000,120.114000,120.130000
1573452840,120.130000,120.143000,120.127000,120.139000
1573452900,120.138000,120.145000,120.133000,120.140000
1573452960,120.140000,120.140000,120.133000,120.139000
1573453020,120.139000,120.139000,120.128000,120.134000
1573453080,120.134000,120.135000,120.123000,120.124000
1573453140,120.125000,120.129000,120.120000,120.125000
1573453200,120.125000,120.125000,120.108000,120.113000
1573453260,120.114000,120.117000,120.080000,120.082000
1573453320,120.083000,120.084000,120.070000,120.075000
1573453380,120.075000,120.085000,120.073000,120.078000
1573453440,120.078000,120.078000,120.068000,120.075000
1573453500,120.074000,120.091000,120.071000,120.089000
1573453560,120.090000,120.093000,120.079000,120.085000
1573453620,120.086000,120.092000,120.078000,120.078000
1573453680,120.079000,120.088000,120.076000,120.088000
1573453740,120.088000,120.088000,120.071000,120.073000
1573453800,120.074000,120.079000,120.071000,120.079000
1573453860,120.079000,120.080000,120.073000,120.075000
1573453920,120.076000,120.096000,120.075000,120.090000
1573453980,120.090000,120.111000,120.090000,120.105000
1573454040,120.107000,120.107000,120.098000,120.101000
1573454100,120.101000,120.102000,120.090000,120.090000
1573454160,120.090000,120.095000,120.089000,120.089000
1573454220,120.089000,120.096000,120.089000,120.094000
1573454280,120.094000,120.107000,120.090000,120.105000
1573454340,120.105000,120.114000,120.100000,120.108000
1573454400,120.108000,120.120000,120.108000,120.111000
1573454460,120.110000,120.113000,120.108000,120.113000
1573454520,120.111000,120.111000,120.097000,120.097000
1573454580,120.097000,120.100000,120.090000,120.093000
1573454640,120.094000,120.114000,120.092000,120.114000
1573454700,120.115000,120.119000,120.111000,120.114000
1573454760,120.115000,120.129000,120.114000,120.127000
1573454820,120.128000,120.130000,120.109000,120.113000
1573454880,120.114000,120.115000,120.097000,120.102000
1573454940,120.103000,120.107000,120.096000,120.099000
1573455000,120.102000,120.105000,120.098000,120.100000
1573455060,120.101000,120.115000,120.098000,120.114000
1573455120,120.112000,120.117000,120.112000,120.115000
1573455180,120.115000,120.117000,120.110000,120.110000
1573455240,120.109000,120.115000,120.103000,120.113000
1573455300,120.113000,120.115000,120.108000,120.111000
1573455360,120.111000,120.116000,120.110000,120.113000
1573455420,120.113000,120.117000,120.108000,120.110000
1573455480,120.108000,120.129000,120.105000,120.122000
1573455540,120.122000,120.141000,120.120000,120.138000
1573455600,120.138000,120.145000,120.129000,120.141000
1573455660,120.141000,120.141000,120.119000,120.119000
1573455720,120.118000,120.137000,120.115000,120.137000
1573455780,120.137000,120.152000,120.137000,120.152000
1573455840,120.151000,120.173000,120.151000,120.173000
1573455900,120.173000,120.181000,120.170000,120.180000
1573455960,120.180000,120.180000,120.167000,120.173000
1573456020,120.173000,120.195000,120.173000,120.188000
1573456080,120.192000,120.203000,120.192000,120.198000
1573456140,120.198000,120.202000,120.182000,120.202000
1573456200,120.201000,120.208000,120.180000,120.184000
1573456260,120.184000,120.188000,120.179000,120.182000
1573456320,120.182000,120.182000,120.172000,120.176000
1573456380,120.177000,120.186000,120.177000,120.185000
1573456440,120.184000,120.190000,120.183000,120.186000
1573456500,120.185000,120.185000,120.169000,120.169000
1573456560,120.169000,120.169000,120.143000,120.145000
1573456620,120.145000,120.160000,120.136000,120.160000
1573456680,120.160000,120.173000,120.153000,120.155000
1573456740,120.157000,120.158000,120.144000,120.145000
1573456800,120.145000,120.162000,120.145000,120.146000
1573456860,120.146000,120.148000,120.134000,120.135000
1573456920,120.136000,120.141000,120.134000,120.137000
1573456980,120.137000,120.147000,120.134000,120.134000
1573457040,120.134000,120.155000,120.134000,120.154000
1573457100,120.155000,120.163000,120.145000,120.147000
1573457160,120.146000,120.156000,120.145000,120.156000
1573457220,120.156000,120.157000,120.145000,120.152000
1573457280,120.152000,120.154000,120.142000,120.144000
1573457340,120.144000,120.147000,120.140000,120.140000
1573457400,120.141000,120.146000,120.133000,120.139000
1573457460,120.139000,120.145000,120.131000,120.136000
1573457520,120.137000,120.140000,120.107000,120.112000
1573457580,120.110000,120.119000,120.104000,120.117000
1573457640,120.120000,120.127000,120.113000,120.127000
1573457700,120.127000,120.128000,120.106000,120.106000
1573457760,120.106000,120.113000,120.099000,120.113000
1573457820,120.113000,120.141000,120.113000,120.137000
1573457880,120.137000,120.143000,120.129000,120.142000
1573457940,120.142000,120.153000,120.138000,120.153000
1573458000,120.153000,120.153000,120.140000,120.141000
1573458060,120.141000,120.149000,120.141000,120.149000
1573458120,120.148000,120.150000,120.140000,120.145000
1573458180,120.145000,120.151000,120.136000,120.143000
1573458240,120.140000,120.150000,120.133000,120.141000
1573458300,120.141000,120.155000,120.141000,120.142000
1573458360,120.143000,120.148000,120.141000,120.142000
1573458420,120.145000,120.152000,120.141000,120.146000
1573458480,120.146000,120.146000,120.130000,120.143000
1573458540,120.146000,120.163000,120.146000,120.159000
1573458600,120.158000,120.165000,120.147000,120.150000
1573458660,120.150000,120.162000,120.150000,120.153000
1573458720,120.153000,120.164000,120.152000,120.163000
1573458780,120.163000,120.172000,120.157000,120.167000
1573458840,120.166000,120.177000,120.166000,120.168000
1573458900,120.168000,120.168000,120.161000,120.165000
1573458960,120.164000,120.170000,120.164000,120.167000
1573459020,120.167000,120.179000,120.163000,120.167000
1573459080,120.166000,120.176000,120.166000,120.168000
1573459140,120.168000,120.182000,120.168000,120.181000
1573459200,120.183000,120.187000,120.167000,120.171000
1573459260,120.172000,120.180000,120.160000,120.172000
1573459320,120.173000,120.179000,120.158000,120.158000
1573459380,120.159000,120.167000,120.147000,120.154000
1573459440,120.153000,120.164000,120.148000,120.164000
1573459500,120.166000,120.166000,120.150000,120.152000
1573459560,120.152000,120.167000,120.152000,120.161000
1573459620,120.161000,120.169000,120.147000,120.163000
1573459680,120.163000,120.173000,120.142000,120.145000
1573459740,120.145000,120.156000,120.142000,120.152000
1573459800,120.153000,120.159000,120.144000,120.145000
1573459860,120.145000,120.145000,120.126000,120.130000
1573459920,120.130000,120.139000,120.130000,120.132000
1573459980,120.132000,120.136000,120.127000,120.130000
1573460040,120.131000,120.142000,120.129000,120.131000
1573460100,120.132000,120.137000,120.128000,120.130000
1573460160,120.129000,120.129000,120.121000,120.123000
1573460220,120.123000,120.132000,120.117000,120.120000
1573460280,120.121000,120.126000,120.113000,120.116000
1573460340,120.117000,120.123000,120.116000,120.116000
1573460400,120.116000,120.121000,120.116000,120.118000
1573460460,120.117000,120.147000,120.117000,120.142000
1573460520,120.142000,120.145000,120.137000,120.139000
1573460580,120.139000,120.145000,120.132000,120.141000
1573460640,120.141000,120.144000,120.127000,120.133000
1573460700,120.134000,120.144000,120.128000,120.141000
1573460760,120.141000,120.151000,120.141000,120.151000
1573460820,120.151000,120.157000,120.129000,120.130000
1573460880,120.130000,120.138000,120.130000,120.134000
1573460940,120.134000,120.143000,120.134000,120.141000
1573461000,120.141000,120.165000,120.141000,120.164000
1573461060,120.165000,120.187000,120.165000,120.176000
1573461120,120.174000,120.174000,120.163000,120.164000
1573461180,120.163000,120.170000,120.159000,120.169000
1573461240,120.168000,120.215000,120.167000,120.213000
1573461300,120.212000,120.218000,120.199000,120.203000
1573461360,120.203000,120.204000,120.186000,120.187000
1573461420,120.187000,120.188000,120.178000,120.182000
1573461480,120.182000,120.194000,120.181000,120.182000
1573461540,120.185000,120.194000,120.184000,120.187000
1573461600,120.187000,120.195000,120.184000,120.189000
1573461660,120.189000,120.191000,120.178000,120.179000
1573461720,120.180000,120.180000,120.172000,120.175000
1573461780,120.174000,120.179000,120.168000,120.168000
1573461840,120.168000,120.168000,120.160000,120.165000
1573461900,120.165000,120.166000,120.157000,120.158000
1573461960,120.158000,120.160000,120.152000,120.156000
1573462020,120.155000,120.171000,120.154000,120.167000
1573462080,120.168000,120.174000,120.161000,120.172000
1573462140,120.171000,120.172000,120.144000,120.149000
1573462200,120.150000,120.169000,120.149000,120.158000
1573462260,120.158000,120.172000,120.156000,120.168000
1573462320,120.169000,120.192000,120.169000,120.187000
1573462380,120.188000,120.211000,120.188000,120.197000
1573462440,120.197000,120.213000,120.197000,120.202000
1573462500,120.201000,120.201000,120.189000,120.189000
1573462560,120.188000,120.188000,120.175000,120.178000
1573462620,120.178000,120.183000,120.177000,120.183000
1573462680,120.183000,120.187000,120.179000,120.185000
1573462740,120.184000,120.191000,120.182000,120.190000
1573462800,120.190000,120.192000,120.159000,120.161000
1573462860,120.163000,120.164000,120.130000,120.145000
1573462920,120.147000,120.163000,120.142000,120.155000
1573462980,120.155000,120.167000,120.138000,120.167000
1573463040,120.167000,120.167000,120.150000,120.154000
1573463100,120.154000,120.179000,120.154000,120.176000
1573463160,120.176000,120.179000,120.166000,120.169000
1573463220,120.169000,120.177000,120.165000,120.166000
1573463280,120.166000,120.171000,120.165000,120.165000
1573463340,120.165000,120.165000,120.134000,120.139000
1573463400,120.139000,120.140000,120.122000,120.138000
1573463460,120.139000,120.160000,120.138000,120.160000
1573463520,120.161000,120.174000,120.159000,120.174000
1573463580,120.173000,120.181000,120.170000,120.170000
1573463640,120.170000,120.186000,120.167000,120.186000
1573463700,120.186000,120.188000,120.181000,120.185000
1573463760,120.186000,120.190000,120.173000,120.185000
1573463820,120.185000,120.193000,120.178000,120.190000
1573463880,120.188000,120.199000,120.185000,120.199000
1573463940,120.198000,120.200000,120.189000,120.191000
1573464000,120.191000,120.215000,120.190000,120.215000
1573464060,120.215000,120.217000,120.190000,120.195000
1573464120,120.195000,120.212000,120.192000,120.212000
1573464180,120.212000,120.216000,120.205000,120.213000
1573464240,120.214000,120.217000,120.207000,120.217000
1573464300,120.217000,120.218000,120.202000,120.206000
1573464360,120.206000,120.214000,120.206000,120.211000
1573464420,120.211000,120.214000,120.207000,120.207000
1573464480,120.206000,120.222000,120.194000,120.222000
1573464540,120.221000,120.241000,120.218000,120.231000
1573464600,120.231000,120.234000,120.203000,120.221000
1573464660,120.221000,120.232000,120.213000,120.226000
1573464720,120.225000,120.227000,120.214000,120.225000
1573464780,120.224000,120.225000,120.214000,120.215000
1573464840,120.215000,120.229000,120.213000,120.229000
1573464900,120.230000,120.239000,120.226000,120.236000
1573464960,120.236000,120.240000,120.222000,120.236000
1573465020,120.235000,120.253000,120.231000,120.249000
1573465080,120.249000,120.255000,120.243000,120.243000
1573465140,120.243000,120.253000,120.243000,120.249000
1573465200,120.249000,120.249000,120.234000,120.235000
1573465260,120.236000,120.240000,120.233000,120.239000
1573465320,120.239000,120.248000,120.235000,120.248000
1573465380,120.248000,120.253000,120.232000,120.232000
1573465440,120.232000,120.254000,120.230000,120.254000
1573465500,120.254000,120.254000,120.237000,120.243000
1573465560,120.243000,120.251000,120.229000,120.230000
1573465620,120.230000,120.234000,120.223000,120.224000
1573465680,120.224000,120.228000,120.218000,120.228000
1573465740,120.228000,120.245000,120.228000,120.236000
1573465800,120.236000,120.236000,120.224000,120.225000
1573465860,120.225000,120.234000,120.220000,120.220000
1573465920,120.220000,120.231000,120.215000,120.219000
1573465980,120.219000,120.230000,120.219000,120.227000
1573466040,120.226000,120.226000,120.208000,120.211000
1573466100,120.210000,120.215000,120.201000,120.211000
1573466160,120.212000,120.212000,120.198000,120.203000
1573466220,120.203000,120.206000,120.183000,120.185000
1573466280,120.185000,120.196000,120.178000,120.188000
1573466340,120.189000,120.193000,120.179000,120.183000
1573466400,120.182000,120.200000,120.181000,120.190000
1573466460,120.190000,120.192000,120.187000,120.188000
1573466520,120.188000,120.203000,120.185000,120.203000
1573466580,120.203000,120.204000,120.188000,120.189000
1573466640,120.189000,120.197000,120.185000,120.194000
1573466700,120.194000,120.200000,120.185000,120.194000
1573466760,120.194000,120.203000,120.189000,120.199000
1573466820,120.200000,120.207000,120.200000,120.202000
1573466880,120.202000,120.213000,120.202000,120.207000
1573466940,120.206000,120.209000,120.201000,120.201000
1573467000,120.201000,120.211000,120.197000,120.199000
1573467060,120.200000,120.201000,120.195000,120.196000
1573467120,120.196000,120.211000,120.196000,120.206000
1573467180,120.207000,120.211000,120.203000,120.204000
1573467240,120.204000,120.207000,120.181000,120.183000
1573467300,120.185000,120.193000,120.184000,120.186000
1573467360,120.188000,120.200000,120.183000,120.200000
1573467420,120.199000,120.204000,120.196000,120.197000
1573467480,120.198000,120.198000,120.186000,120.191000
1573467540,120.191000,120.197000,120.188000,120.197000
1573467600,120.195000,120.196000,120.187000,120.188000
1573467660,120.188000,120.205000,120.188000,120.204000
1573467720,120.204000,120.208000,120.202000,120.206000
1573467780,120.205000,120.209000,120.203000,120.204000
1573467840,120.204000,120.205000,120.183000,120.199000
1573467900,120.201000,120.208000,120.197000,120.207000
1573467960,120.207000,120.228000,120.207000,120.224000
1573468020,120.228000,120.234000,120.226000,120.227000
1573468080,120.228000,120.232000,120.224000,120.226000
1573468140,120.228000,120.228000,120.218000,120.224000
1573468200,120.222000,120.227000,120.220000,120.224000
1573468260,120.222000,120.226000,120.213000,120.213000
1573468320,120.213000,120.218000,120.211000,120.215000
1573468380,120.215000,120.216000,120.207000,120.208000
1573468440,120.208000,120.213000,120.204000,120.207000
1573468500,120.207000,120.219000,120.207000,120.218000
1573468560,120.218000,120.231000,120.218000,120.227000
1573468620,120.227000,120.245000,120.227000,120.233000
1573468680,120.233000,120.242000,120.233000,120.237000
1573468740,120.237000,120.244000,120.230000,120.243000
1573468800,120.243000,120.246000,120.240000,120.245000
1573468860,120.244000,120.244000,120.227000,120.227000
1573468920,120.227000,120.230000,120.214000,120.229000
1573468980,120.229000,120.237000,120.229000,120.234000
1573469040,120.234000,120.240000,120.228000,120.229000
1573469100,120.228000,120.228000,120.220000,120.223000
1573469160,120.222000,120.246000,120.222000,120.244000
1573469220,120.245000,120.248000,120.240000,120.248000
1573469280,120.248000,120.248000,120.232000,120.245000
1573469340,120.245000,120.245000,120.228000,120.234000
1573469400,120.234000,120.243000,120.234000,120.239000
1573469460,120.240000,120.241000,120.229000,120.231000
1573469520,120.230000,120.232000,120.222000,120.229000
1573469580,120.229000,120.233000,120.226000,120.229000
1573469640,120.229000,120.231000,120.224000,120.226000
1573469700,120.227000,120.228000,120.222000,120.222000
1573469760,120.222000,120.233000,120.219000,120.219000
1573469820,120.217000,120.230000,120.216000,120.228000
1573469880,120.227000,120.230000,120.223000,120.228000
1573469940,120.228000,120.231000,120.224000,120.230000
1573470000,120.230000,120.231000,120.216000,120.218000
1573470060,120.221000,120.221000,120.204000,120.205000
1573470120,120.206000,120.213000,120.205000,120.211000
1573470180,120.211000,120.215000,120.209000,120.215000
1573470240,120.215000,120.221000,120.213000,120.217000
1573470300,120.217000,120.219000,120.211000,120.212000
1573470360,120.212000,120.214000,120.201000,120.202000
1573470420,120.202000,120.210000,120.194000,120.210000
1573470480,120.210000,120.210000,120.198000,120.200000
1573470540,120.200000,120.200000,120.189000,120.189000
1573470600,120.189000,120.211000,120.189000,120.209000
1573470660,120.209000,120.214000,120.203000,120.214000
1573470720,120.215000,120.215000,120.195000,120.200000
1573470780,120.199000,120.204000,120.194000,120.199000
1573470840,120.199000,120.201000,120.194000,120.197000
1573470900,120.197000,120.197000,120.188000,120.189000
1573470960,120.189000,120.191000,120.178000,120.191000
1573471020,120.190000,120.192000,120.183000,120.184000
1573471080,120.183000,120.195000,120.179000,120.190000
1573471140,120.190000,120.192000,120.181000,120.187000
1573471200,120.186000,120.198000,120.185000,120.192000
1573471260,120.192000,120.196000,120.192000,120.192000
1573471320,120.192000,120.192000,120.182000,120.185000
1573471380,120.187000,120.187000,120.164000,120.168000
1573471440,120.169000,120.175000,120.169000,120.172000
1573471500,120.172000,120.175000,120.167000,120.168000
1573471560,120.169000,120.177000,120.168000,120.171000
1573471620,120.171000,120.178000,120.165000,120.165000
1573471680,120.166000,120.166000,120.156000,120.160000
1573471740,120.160000,120.161000,120.150000,120.158000
1573471800,120.158000,120.159000,120.151000,120.151000
1573471860,120.151000,120.158000,120.145000,120.158000
1573471920,120.158000,120.163000,120.152000,120.153000
1573471980,120.156000,120.156000,120.140000,120.140000
1573472040,120.140000,120.145000,120.136000,120.144000
1573472100,120.144000,120.144000,120.134000,120.136000
1573472160,120.136000,120.139000,120.132000,120.138000
1573472220,120.137000,120.146000,120.137000,120.138000
1573472280,120.138000,120.144000,120.137000,120.142000
1573472340,120.143000,120.145000,120.130000,120.131000
1573472400,120.131000,120.137000,120.126000,120.136000
1573472460,120.135000,120.142000,120.127000,120.134000
1573472520,120.134000,120.146000,120.132000,120.139000
1573472580,120.141000,120.147000,120.137000,120.138000
1573472640,120.138000,120.142000,120.137000,120.140000
1573472700,120.140000,120.146000,120.133000,120.135000
1573472760,120.134000,120.144000,120.129000,120.138000
1573472820,120.138000,120.144000,120.135000,120.143000
1573472880,120.143000,120.144000,120.132000,120.133000
1573472940,120.134000,120.145000,120.134000,120.139000
1573473000,120.139000,120.141000,120.133000,120.141000
1573473060,120.141000,120.142000,120.133000,120.133000
1573473120,120.134000,120.140000,120.133000,120.137000
1573473180,120.137000,120.152000,120.137000,120.145000
1573473240,120.145000,120.154000,120.142000,120.147000
1573473300,120.147000,120.150000,120.139000,120.147000
1573473360,120.148000,120.151000,120.138000,120.138000
1573473420,120.138000,120.144000,120.138000,120.140000
1573473480,120.139000,120.141000,120.134000,120.136000
1573473540,120.135000,120.136000,120.126000,120.128000
1573473600,120.130000,120.131000,120.122000,120.122000
1573473660,120.122000,120.131000,120.122000,120.127000
1573473720,120.126000,120.131000,120.122000,120.131000
1573473780,120.132000,120.147000,120.132000,120.140000
1573473840,120.142000,120.144000,120.120000,120.121000
1573473900,120.121000,120.140000,120.116000,120.140000
1573473960,120.142000,120.144000,120.135000,120.135000
1573474020,120.135000,120.141000,120.133000,120.138000
1573474080,120.138000,120.186000,120.138000,120.170000
1573474140,120.170000,120.178000,120.154000,120.158000
1573474200,120.159000,120.181000,120.156000,120.157000
1573474260,120.157000,120.172000,120.157000,120.169000
1573474320,120.173000,120.182000,120.163000,120.176000
1573474380,120.176000,120.203000,120.175000,120.190000
1573474440,120.191000,120.219000,120.190000,120.206000
1573474500,120.206000,120.230000,120.205000,120.216000
1573474560,120.216000,120.222000,120.209000,120.215000
1573474620,120.215000,120.226000,120.208000,120.221000
1573474680,120.220000,120.231000,120.220000,120.222000
1573474740,120.221000,120.225000,120.199000,120.205000
1573474800,120.206000,120.217000,120.200000,120.203000
1573474860,120.202000,120.208000,120.199000,120.205000
1573474920,120.203000,120.208000,120.201000,120.204000
1573474980,120.204000,120.206000,120.185000,120.189000
1573475040,120.189000,120.189000,120.175000,120.176000
1573475100,120.175000,120.177000,120.169000,120.172000
1573475160,120.172000,120.176000,120.165000,120.175000
1573475220,120.175000,120.187000,120.175000,120.187000
1573475280,120.186000,120.186000,120.171000,120.177000
1573475340,120.177000,120.189000,120.176000,120.180000
1573475400,120.180000,120.183000,120.166000,120.166000
1573475460,120.166000,120.181000,120.166000,120.176000
1573475520,120.177000,120.180000,120.165000,120.166000
1573475580,120.167000,120.175000,120.163000,120.175000
1573475640,120.174000,120.181000,120.172000,120.180000
1573475700,120.182000,120.200000,120.180000,120.200000
1573475760,120.200000,120.204000,120.197000,120.200000
1573475820,120.201000,120.203000,120.193000,120.195000
1573475880,120.193000,120.193000,120.186000,120.187000
1573475940,120.187000,120.195000,120.187000,120.192000
1573476000,120.192000,120.199000,120.190000,120.193000
1573476060,120.193000,120.207000,120.193000,120.206000
1573476120,120.206000,120.220000,120.204000,120.218000
1573476180,120.218000,120.219000,120.214000,120.219000
1573476240,120.218000,120.219000,120.205000,120.213000
1573476300,120.215000,120.228000,120.214000,120.227000
1573476360,120.227000,120.232000,120.221000,120.222000
1573476420,120.223000,120.231000,120.217000,120.230000
1573476480,120.229000,120.231000,120.224000,120.229000
1573476540,120.230000,120.233000,120.215000,120.230000
1573476600,120.231000,120.233000,120.223000,120.225000
1573476660,120.225000,120.238000,120.223000,120.236000
1573476720,120.238000,120.244000,120.235000,120.235000
1573476780,120.235000,120.243000,120.235000,120.240000
1573476840,120.240000,120.240000,120.229000,120.235000
1573476900,120.235000,120.246000,120.230000,120.238000
1573476960,120.238000,120.248000,120.226000,120.235000
1573477020,120.234000,120.254000,120.234000,120.253000
1573477080,120.254000,120.267000,120.250000,120.250000
1573477140,120.250000,120.250000,120.242000,120.248000
1573477200,120.249000,120.257000,120.241000,120.241000
1573477260,120.239000,120.248000,120.238000,120.246000
1573477320,120.246000,120.280000,120.243000,120.267000
1573477380,120.266000,120.269000,120.251000,120.252000
1573477440,120.252000,120.261000,120.252000,120.256000
1573477500,120.256000,120.258000,120.248000,120.248000
1573477560,120.248000,120.272000,120.243000,120.255000
1573477620,120.255000,120.261000,120.239000,120.259000
1573477680,120.260000,120.261000,120.254000,120.254000
1573477740,120.254000,120.262000,120.254000,120.260000
1573477800,120.261000,120.265000,120.255000,120.257000
1573477860,120.256000,120.257000,120.254000,120.254000
1573477920,120.255000,120.273000,120.255000,120.272000
1573477980,120.272000,120.292000,120.272000,120.284000
1573478040,120.282000,120.294000,120.278000,120.290000
1573478100,120.290000,120.297000,120.290000,120.293000
1573478160,120.293000,120.306000,120.284000,120.305000
1573478220,120.305000,120.306000,120.301000,120.303000
1573478280,120.303000,120.304000,120.301000,120.303000
1573478340,120.303000,120.305000,120.291000,120.294000
1573478400,120.294000,120.299000,120.293000,120.298000
1573478460,120.296000,120.306000,120.294000,120.303000
1573478520,120.303000,120.304000,120.297000,120.297000
1573478580,120.297000,120.297000,120.282000,120.282000
1573478640,120.281000,120.298000,120.276000,120.295000
1573478700,120.296000,120.300000,120.284000,120.287000
1573478760,120.286000,120.287000,120.280000,120.281000
1573478820,120.281000,120.281000,120.272000,120.272000
1573478880,120.272000,120.286000,120.270000,120.277000
1573478940,120.279000,120.283000,120.274000,120.277000
1573479000,120.277000,120.284000,120.276000,120.276000
1573479060,120.277000,120.286000,120.269000,120.283000
1573479120,120.283000,120.283000,120.273000,120.274000
1573479180,120.274000,120.287000,120.269000,120.282000
1573479240,120.285000,120.287000,120.271000,120.273000
1573479300,120.274000,120.282000,120.270000,120.282000
1573479360,120.282000,120.286000,120.270000,120.270000
1573479420,120.270000,120.278000,120.269000,120.276000
1573479480,120.275000,120.275000,120.267000,120.273000
1573479540,120.272000,120.274000,120.269000,120.270000
1573479600,120.270000,120.271000,120.260000,120.260000
1573479660,120.260000,120.262000,120.255000,120.261000
1573479720,120.259000,120.265000,120.255000,120.261000
1573479780,120.261000,120.266000,120.257000,120.262000
1573479840,120.262000,120.263000,120.254000,120.261000
1573479900,120.261000,120.276000,120.261000,120.272000
1573479960,120.272000,120.279000,120.269000,120.278000
1573480020,120.278000,120.284000,120.276000,120.282000
1573480080,120.282000,120.290000,120.282000,120.290000
1573480140,120.289000,120.298000,120.288000,120.298000
1573480200,120.297000,120.302000,120.297000,120.302000
1573480260,120.303000,120.303000,120.287000,120.288000
1573480320,120.290000,120.293000,120.285000,120.289000
1573480380,120.289000,120.299000,120.289000,120.294000
1573480440,120.295000,120.298000,120.289000,120.293000
1573480500,120.292000,120.295000,120.292000,120.293000
1573480560,120.293000,120.300000,120.293000,120.298000
1573480620,120.298000,120.302000,120.285000,120.286000
1573480680,120.286000,120.286000,120.278000,120.282000
1573480740,120.282000,120.286000,120.274000,120.280000
1573480800,120.280000,120.291000,120.280000,120.289000
1573480860,120.289000,120.301000,120.289000,120.301000
1573480920,120.301000,120.301000,120.293000,120.297000
1573480980,120.297000,120.298000,120.293000,120.293000
1573481040,120.293000,120.296000,120.291000,120.294000
1573481100,120.294000,120.298000,120.287000,120.290000
1573481160,120.293000,120.301000,120.288000,120.288000
1573481220,120.289000,120.297000,120.274000,120.278000
1573481280,120.278000,120.278000,120.267000,120.267000
1573481340,120.268000,120.277000,120.266000,120.270000
1573481400,120.269000,120.269000,120.260000,120.268000
1573481460,120.269000,120.277000,120.267000,120.276000
1573481520,120.276000,120.278000,120.273000,120.277000
1573481580,120.278000,120.288000,120.277000,120.288000
1573481640,120.289000,120.289000,120.284000,120.286000
1573481700,120.286000,120.295000,120.273000,120.273000
1573481760,120.272000,120.276000,120.268000,120.271000
1573481820,120.271000,120.277000,120.269000,120.269000
1573481880,120.270000,120.276000,120.267000,120.272000
1573481940,120.272000,120.279000,120.272000,120.275000
1573482000,120.275000,120.280000,120.271000,120.271000
1573482060,120.271000,120.278000,120.268000,120.272000
1573482120,120.272000,120.276000,120.266000,120.266000
1573482180,120.266000,120.279000,120.266000,120.279000
1573482240,120.279000,120.279000,120.271000,120.274000
1573482300,120.273000,120.278000,120.264000,120.271000
1573482360,120.271000,120.278000,120.271000,120.275000
1573482420,120.276000,120.278000,120.271000,120.274000
1573482480,120.273000,120.275000,120.261000,120.274000
1573482540,120.274000,120.275000,120.266000,120.274000
1573482600,120.272000,120.275000,120.246000,120.248000
1573482660,120.250000,120.267000,120.250000,120.266000
1573482720,120.267000,120.267000,120.247000,120.261000
1573482780,120.261000,120.264000,120.247000,120.259000
1573482840,120.259000,120.271000,120.258000,120.269000
1573482900,120.267000,120.270000,120.255000,120.269000
1573482960,120.270000,120.282000,120.270000,120.275000
1573483020,120.275000,120.280000,120.262000,120.268000
1573483080,120.268000,120.268000,120.255000,120.259000
1573483140,120.259000,120.264000,120.252000,120.258000
1573483200,120.259000,120.260000,120.248000,120.248000
1573483260,120.250000,120.260000,120.249000,120.257000
1573483320,120.257000,120.265000,120.257000,120.259000
1573483380,120.259000,120.266000,120.258000,120.266000
1573483440,120.265000,120.275000,120.259000,120.274000
1573483500,120.275000,120.287000,120.262000,120.267000
1573483560,120.267000,120.279000,120.262000,120.273000
1573483620,120.272000,120.295000,120.272000,120.294000
1573483680,120.294000,120.297000,120.291000,120.293000
1573483740,120.294000,120.296000,120.290000,120.293000
1573483800,120.293000,120.297000,120.290000,120.295000
1573483860,120.294000,120.298000,120.287000,120.293000
1573483920,120.294000,120.299000,120.293000,120.299000
1573483980,120.298000,120.303000,120.292000,120.298000
1573484040,120.299000,120.310000,120.299000,120.306000
1573484100,120.306000,120.308000,120.291000,120.291000
1573484160,120.290000,120.293000,120.283000,120.285000
1573484220,120.285000,120.290000,120.280000,120.282000
1573484280,120.281000,120.296000,120.281000,120.292000
1573484340,120.291000,120.302000,120.289000,120.302000
1573484400,120.303000,120.308000,120.296000,120.298000
1573484460,120.299000,120.301000,120.282000,120.282000
1573484520,120.283000,120.290000,120.280000,120.282000
1573484580,120.284000,120.289000,120.281000,120.287000
1573484640,120.287000,120.296000,120.287000,120.295000
1573484700,120.295000,120.295000,120.282000,120.283000
1573484760,120.284000,120.284000,120.278000,120.279000
1573484820,120.279000,120.284000,120.277000,120.284000
1573484880,120.286000,120.289000,120.281000,120.284000
1573484940,120.285000,120.290000,120.282000,120.289000
1573485000,120.289000,120.302000,120.289000,120.299000
1573485060,120.299000,120.316000,120.297000,120.316000
1573485120,120.315000,120.322000,120.310000,120.321000
1573485180,120.322000,120.323000,120.307000,120.307000
1573485240,120.310000,120.312000,120.305000,120.306000
1573485300,120.306000,120.317000,120.306000,120.312000
1573485360,120.311000,120.320000,120.310000,120.316000
1573485420,120.316000,120.317000,120.306000,120.313000
1573485480,120.312000,120.314000,120.300000,120.300000
1573485540,120.300000,120.312000,120.296000,120.312000
1573485600,120.311000,120.321000,120.304000,120.320000
1573485660,120.320000,120.320000,120.312000,120.314000
1573485720,120.312000,120.319000,120.304000,120.318000
1573485780,120.317000,120.324000,120.313000,120.320000
1573485840,120.321000,120.321000,120.313000,120.317000
1573485900,120.319000,120.322000,120.312000,120.313000
1573485960,120.313000,120.335000,120.310000,120.334000
1573486020,120.334000,120.335000,120.325000,120.331000
1573486080,120.330000,120.335000,120.326000,120.330000
1573486140,120.330000,120.331000,120.323000,120.330000
1573486200,120.329000,120.338000,120.329000,120.333000
1573486260,120.334000,120.337000,120.328000,120.328000
1573486320,120.330000,120.333000,120.320000,120.323000
1573486380,120.325000,120.347000,120.322000,120.346000
1573486440,120.347000,120.360000,120.345000,120.353000
1573486500,120.352000,120.360000,120.351000,120.360000
1573486560,120.361000,120.365000,120.352000,120.356000
1573486620,120.356000,120.363000,120.352000,120.352000
1573486680,120.353000,120.370000,120.353000,120.370000
1573486740,120.369000,120.371000,120.358000,120.358000
1573486800,120.358000,120.366000,120.356000,120.364000
1573486860,120.364000,120.367000,120.353000,120.353000
1573486920,120.354000,120.361000,120.352000,120.352000
1573486980,120.352000,120.354000,120.342000,120.342000
1573487040,120.343000,120.350000,120.336000,120.347000
1573487100,120.346000,120.364000,120.346000,120.355000
1573487160,120.358000,120.369000,120.357000,120.363000
1573487220,120.364000,120.365000,120.353000,120.354000
1573487280,120.355000,120.360000,120.352000,120.356000
1573487340,120.357000,120.371000,120.353000,120.361000
1573487400,120.362000,120.371000,120.358000,120.367000
1573487460,120.367000,120.388000,120.367000,120.383000
1573487520,120.384000,120.388000,120.380000,120.386000
1573487580,120.387000,120.393000,120.382000,120.387000
1573487640,120.388000,120.393000,120.380000,120.389000
1573487700,120.389000,120.398000,120.382000,120.394000
1573487760,120.393000,120.398000,120.382000,120.382000
1573487820,120.382000,120.389000,120.373000,120.387000
1573487880,120.386000,120.387000,120.363000,120.375000
1573487940,120.377000,120.387000,120.372000,120.384000
1573488000,120.383000,120.396000,120.380000,120.387000
1573488060,120.387000,120.399000,120.383000,120.389000
1573488120,120.389000,120.394000,120.381000,120.393000
1573488180,120.392000,120.405000,120.392000,120.393000
1573488240,120.392000,120.398000,120.385000,120.395000
1573488300,120.395000,120.395000,120.382000,120.382000
1573488360,120.383000,120.393000,120.381000,120.388000
1573488420,120.389000,120.391000,120.383000,120.385000
1573488480,120.385000,120.395000,120.384000,120.385000
1573488540,120.386000,120.393000,120.386000,120.393000
1573488600,120.393000,120.393000,120.382000,120.385000
1573488660,120.385000,120.385000,120.373000,120.375000
1573488720,120.375000,120.378000,120.367000,120.370000
1573488780,120.369000,120.370000,120.368000,120.369000
1573488840,120.369000,120.374000,120.364000,120.369000
1573488900,120.368000,120.372000,120.357000,120.360000
1573488960,120.360000,120.361000,120.349000,120.352000
1573489020,120.351000,120.356000,120.343000,120.343000
1573489080,120.344000,120.348000,120.341000,120.344000
1573489140,120.343000,120.344000,120.340000,120.343000
1573489200,120.343000,120.347000,120.332000,120.335000
1573489260,120.334000,120.350000,120.334000,120.346000
1573489320,120.344000,120.351000,120.344000,120.347000
1573489380,120.347000,120.357000,120.344000,120.357000
1573489440,120.357000,120.360000,120.354000,120.354000
1573489500,120.355000,120.359000,120.354000,120.359000
1573489560,120.358000,120.365000,120.350000,120.363000
1573489620,120.362000,120.363000,120.354000,120.356000
1573489680,120.356000,120.363000,120.354000,120.361000
1573489740,120.359000,120.368000,120.359000,120.368000
1573489800,120.368000,120.371000,120.361000,120.370000
1573489860,120.371000,120.372000,120.365000,120.367000
1573489920,120.367000,120.367000,120.363000,120.363000
1573489980,120.363000,120.372000,120.363000,120.371000
1573490040,120.370000,120.376000,120.364000,120.376000
1573490100,120.377000,120.382000,120.373000,120.373000
1573490160,120.373000,120.383000,120.373000,120.381000
1573490220,120.382000,120.393000,120.382000,120.393000
1573490280,120.396000,120.401000,120.391000,120.393000
1573490340,120.393000,120.393000,120.387000,120.389000
1573490400,120.389000,120.394000,120.386000,120.386000
1573490460,120.386000,120.389000,120.385000,120.389000
1573490520,120.390000,120.395000,120.387000,120.392000
1573490580,120.391000,120.400000,120.391000,120.398000
1573490640,120.397000,120.397000,120.393000,120.397000
1573490700,120.396000,120.405000,120.396000,120.403000
1573490760,120.404000,120.407000,120.401000,120.402000
1573490820,120.402000,120.406000,120.400000,120.401000
1573490880,120.402000,120.409000,120.402000,120.404000
1573490940,120.406000,120.409000,120.404000,120.408000
1573491000,120.411000,120.411000,120.397000,120.401000
1573491060,120.401000,120.407000,120.395000,120.395000
1573491120,120.395000,120.401000,120.393000,120.400000
1573491180,120.400000,120.400000,120.393000,120.398000
1573491240,120.398000,120.398000,120.393000,120.394000
1573491300,120.395000,120.407000,120.394000,120.404000
1573491360,120.404000,120.404000,120.389000,120.395000
1573491420,120.395000,120.403000,120.390000,120.397000
1573491480,120.396000,120.396000,120.387000,120.395000
1573491540,120.395000,120.399000,120.392000,120.396000
1573491600,120.397000,120.407000,120.389000,120.390000
1573491660,120.391000,120.397000,120.388000,120.389000
1573491720,120.389000,120.392000,120.387000,120.388000
1573491780,120.389000,120.392000,120.387000,120.389000
1573491840,120.389000,120.395000,120.388000,120.392000
1573491900,120.391000,120.397000,120.389000,120.395000
1573491960,120.397000,120.398000,120.387000,120.388000
1573492020,120.387000,120.389000,120.379000,120.379000
1573492080,120.378000,120.379000,120.367000,120.373000
1573492140,120.373000,120.373000,120.366000,120.368000
1573492200,120.369000,120.372000,120.367000,120.369000
1573492260,120.370000,120.370000,120.364000,120.365000
1573492320,120.367000,120.369000,120.364000,120.364000
1573492380,120.364000,120.368000,120.364000,120.368000
1573492440,120.369000,120.371000,120.368000,120.371000
1573492500,120.371000,120.377000,120.370000,120.377000
1573492560,120.376000,120.381000,120.375000,120.377000
1573492620,120.378000,120.382000,120.375000,120.382000
1573492680,120.381000,120.383000,120.377000,120.383000
1573492740,120.383000,120.384000,120.377000,120.378000
1573492800,120.378000,120.379000,120.372000,120.372000
1573492860,120.372000,120.373000,120.370000,120.373000
1573492920,120.373000,120.374000,120.367000,120.368000
1573492980,120.364000,120.366000,120.359000,120.362000
1573493040,120.361000,120.365000,120.360000,120.362000
1573493100,120.362000,120.365000,120.356000,120.356000
1573493160,120.357000,120.364000,120.351000,120.362000
1573493220,120.363000,120.368000,120.363000,120.366000
1573493280,120.366000,120.366000,120.366000,120.366000
1573493340,120.366000,120.369000,120.366000,120.368000
1573493400,120.368000,120.369000,120.365000,120.367000
1573493460,120.367000,120.367000,120.363000,120.367000
1573493520,120.367000,120.367000,120.361000,120.365000
1573493580,120.364000,120.364000,120.362000,120.363000
1573493640,120.364000,120.367000,120.360000,120.360000
1573493700,120.360000,120.363000,120.358000,120.359000
1573493760,120.360000,120.366000,120.360000,120.366000
1573493820,120.364000,120.365000,120.362000,120.365000
1573493880,120.365000,120.366000,120.360000,120.365000
1573493940,120.365000,120.368000,120.363000,120.363000
1573494000,120.363000,120.367000,120.363000,120.364000
1573494060,120.366000,120.368000,120.365000,120.368000
1573494120,120.369000,120.371000,120.366000,120.370000
1573494180,120.369000,120.375000,120.366000,120.375000
1573494240,120.375000,120.376000,120.370000,120.374000
1573494300,120.375000,120.378000,120.363000,120.364000
1573494360,120.365000,120.368000,120.358000,120.358000
1573494420,120.358000,120.358000,120.352000,120.356000
1573494480,120.355000,120.355000,120.352000,120.355000
1573494540,120.355000,120.362000,120.351000,120.352000
1573494600,120.352000,120.357000,120.352000,120.355000
1573494660,120.354000,120.358000,120.353000,120.354000
1573494720,120.354000,120.362000,120.354000,120.361000
1573494780,120.360000,120.361000,120.360000,120.361000
1573494840,120.360000,120.360000,120.354000,120.354000
1573494900,120.354000,120.362000,120.354000,120.360000
1573494960,120.361000,120.365000,120.351000,120.351000
1573495020,120.351000,120.354000,120.349000,120.353000
1573495080,120.352000,120.355000,120.349000,120.351000
1573495140,120.351000,120.355000,120.343000,120.345000
1573495200,120.347000,120.347000,120.339000,120.341000
1573495260,120.342000,120.345000,120.339000,120.341000
1573495320,120.339000,120.339000,120.331000,120.332000
1573495380,120.332000,120.332000,120.326000,120.327000
1573495440,120.327000,120.331000,120.326000,120.328000
1573495500,120.328000,120.335000,120.328000,120.335000
1573495560,120.335000,120.338000,120.333000,120.338000
1573495620,120.337000,120.337000,120.332000,120.334000
1573495680,120.334000,120.334000,120.324000,120.325000
1573495740,120.325000,120.325000,120.320000,120.325000
1573495800,120.324000,120.325000,120.320000,120.325000
1573495860,120.324000,120.325000,120.320000,120.322000
1573495920,120.321000,120.334000,120.321000,120.333000
1573495980,120.333000,120.338000,120.328000,120.338000
1573496040,120.338000,120.338000,120.335000,120.338000
1573496100,120.338000,120.338000,120.333000,120.333000
1573496160,120.334000,120.337000,120.332000,120.333000
1573496220,120.333000,120.338000,120.333000,120.337000
1573496280,120.336000,120.336000,120.326000,120.326000
1573496340,120.326000,120.326000,120.322000,120.322000
1573496400,120.320000,120.322000,120.317000,120.318000
1573496460,120.317000,120.325000,120.317000,120.325000
1573496520,120.326000,120.326000,120.315000,120.315000
1573496580,120.314000,120.319000,120.313000,120.314000
1573496640,120.315000,120.319000,120.315000,120.318000
1573496700,120.318000,120.323000,120.316000,120.321000
1573496760,120.321000,120.322000,120.319000,120.321000
1573496820,120.320000,120.322000,120.318000,120.321000
1573496880,120.320000,120.323000,120.319000,120.322000
1573496940,120.321000,120.322000,120.312000,120.313000
1573497000,120.313000,120.317000,120.310000,120.314000
1573497060,120.314000,120.316000,120.310000,120.310000
1573497120,120.310000,120.313000,120.307000,120.307000
1573497180,120.307000,120.307000,120.297000,120.299000
1573497240,120.299000,120.299000,120.296000,120.296000
1573497300,120.296000,120.308000,120.294000,120.308000
1573497360,120.308000,120.315000,120.307000,120.315000
1573497420,120.314000,120.314000,120.310000,120.312000
1573497480,120.312000,120.313000,120.307000,120.312000
1573497540,120.312000,120.312000,120.312000,120.312000
1573497600,120.312000,120.312000,120.308000,120.309000
1573497660,120.308000,120.313000,120.308000,120.313000
1573497720,120.314000,120.315000,120.308000,120.311000
1573497780,120.312000,120.316000,120.312000,120.314000
1573497840,120.316000,120.318000,120.314000,120.314000
1573497900,120.316000,120.320000,120.314000,120.315000
1573497960,120.315000,120.321000,120.315000,120.319000
1573498020,120.319000,120.320000,120.318000,120.319000
1573498080,120.318000,120.319000,120.318000,120.319000
1573498140,120.318000,120.318000,120.314000,120.316000
1573498200,120.316000,120.318000,120.313000,120.315000
1573498260,120.315000,120.318000,120.314000,120.315000
1573498320,120.315000,120.315000,120.314000,120.315000
1573498380,120.315000,120.319000,120.311000,120.312000
1573498440,120.312000,120.312000,120.304000,120.306000
1573498500,120.307000,120.309000,120.306000,120.307000
1573498560,120.307000,120.309000,120.307000,120.309000
1573498620,120.309000,120.318000,120.309000,120.318000
1573498680,120.318000,120.318000,120.310000,120.313000
1573498740,120.312000,120.314000,120.303000,120.306000
1573498800,120.306000,120.308000,120.302000,120.306000
1573498860,120.306000,120.308000,120.303000,120.308000
1573498920,120.308000,120.308000,120.303000,120.305000
1573498980,120.305000,120.309000,120.305000,120.309000
1573499040,120.309000,120.316000,120.308000,120.312000
1573499100,120.313000,120.317000,120.311000,120.317000
1573499160,120.317000,120.333000,120.317000,120.333000
1573499220,120.332000,120.333000,120.327000,120.331000
1573499280,120.331000,120.331000,120.325000,120.326000
1573499340,120.327000,120.328000,120.325000,120.325000
1573499400,120.326000,120.328000,120.323000,120.323000
1573499460,120.323000,120.326000,120.319000,120.319000
1573499520,120.319000,120.319000,120.316000,120.316000
1573499580,120.316000,120.326000,120.316000,120.322000
1573499640,120.322000,120.323000,120.321000,120.323000
1573499700,120.323000,120.326000,120.323000,120.324000
1573499760,120.324000,120.328000,120.323000,120.328000
1573499820,120.326000,120.335000,120.323000,120.335000
1573499880,120.336000,120.340000,120.336000,120.336000
1573499940,120.336000,120.336000,120.331000,120.331000
1573500000,120.331000,120.331000,120.328000,120.330000
1573500060,120.331000,120.334000,120.327000,120.327000
1573500120,120.326000,120.335000,120.326000,120.331000
1573500180,120.331000,120.331000,120.312000,120.319000
1573500240,120.319000,120.322000,120.313000,120.320000
1573500300,120.320000,120.333000,120.320000,120.332000
1573500360,120.332000,120.341000,120.332000,120.338000
1573500420,120.337000,120.339000,120.331000,120.333000
1573500480,120.334000,120.335000,120.329000,120.330000
1573500540,120.330000,120.337000,120.329000,120.334000
1573500600,120.332000,120.340000,120.332000,120.335000
1573500660,120.335000,120.336000,120.333000,120.335000
1573500720,120.335000,120.335000,120.332000,120.334000
1573500780,120.334000,120.338000,120.334000,120.335000
1573500840,120.336000,120.343000,120.336000,120.343000
1573500900,120.342000,120.342000,120.340000,120.340000
1573500960,120.340000,120.340000,120.329000,120.329000
1573501020,120.328000,120.330000,120.320000,120.321000
1573501080,120.321000,120.322000,120.319000,120.322000
1573501140,120.322000,120.328000,120.319000,120.321000
1573501200,120.322000,120.327000,120.317000,120.323000
1573501260,120.322000,120.323000,120.316000,120.317000
1573501320,120.316000,120.317000,120.312000,120.315000
1573501380,120.314000,120.317000,120.309000,120.311000
1573501440,120.312000,120.313000,120.308000,120.312000
1573501500,120.311000,120.313000,120.309000,120.310000
1573501560,120.312000,120.315000,120.312000,120.315000
1573501620,120.316000,120.317000,120.307000,120.307000
1573501680,120.307000,120.312000,120.304000,120.305000
1573501740,120.305000,120.306000,120.302000,120.304000
1573501800,120.304000,120.309000,120.302000,120.305000
1573501860,120.305000,120.306000,120.302000,120.303000
1573501920,120.303000,120.306000,120.301000,120.302000
1573501980,120.302000,120.302000,120.299000,120.301000
1573502040,120.301000,120.302000,120.300000,120.301000
1573502100,120.302000,120.312000,120.302000,120.312000
1573502160,120.312000,120.312000,120.306000,120.307000
1573502220,120.307000,120.310000,120.307000,120.308000
1573502280,120.311000,120.311000,120.304000,120.308000
1573502340,120.308000,120.308000,120.298000,120.304000
1573502400,120.304000,120.305000,120.298000,120.304000
1573502460,120.303000,120.303000,120.300000,120.302000
1573502520,120.301000,120.303000,120.298000,120.302000
1573502580,120.302000,120.310000,120.300000,120.306000
1573502640,120.306000,120.307000,120.303000,120.307000
1573502700,120.308000,120.308000,120.307000,120.308000
1573502760,120.307000,120.308000,120.306000,120.307000
1573502820,120.306000,120.306000,120.303000,120.305000
1573502880,120.303000,120.303000,120.302000,120.302000
1573502940,120.302000,120.302000,120.299000,120.302000
1573503000,120.301000,120.302000,120.301000,120.301000
1573503060,120.302000,120.307000,120.301000,120.307000
1573503120,120.306000,120.306000,120.290000,120.290000
1573503180,120.292000,120.301000,120.292000,120.301000
1573503240,120.301000,120.301000,120.299000,120.301000
1573503300,120.301000,120.302000,120.294000,120.298000
1573503360,120.298000,120.299000,120.297000,120.299000
1573503420,120.300000,120.300000,120.295000,120.296000
1573503480,120.296000,120.298000,120.294000,120.295000
1573503540,120.294000,120.294000,120.287000,120.289000
1573503600,120.288000,120.297000,120.288000,120.294000
1573503660,120.294000,120.302000,120.285000,120.290000
1573503720,120.291000,120.297000,120.289000,120.297000
1573503780,120.296000,120.296000,120.291000,120.295000
1573503840,120.295000,120.298000,120.295000,120.298000
1573503900,120.298000,120.299000,120.296000,120.296000
1573503960,120.295000,120.299000,120.295000,120.298000
1573504020,120.298000,120.298000,120.291000,120.291000
1573504080,120.291000,120.292000,120.290000,120.290000
1573504140,120.289000,120.294000,120.288000,120.290000
1573504200,120.291000,120.291000,120.287000,120.289000
1573504260,120.289000,120.296000,120.289000,120.295000
1573504320,120.294000,120.299000,120.292000,120.298000
1573504380,120.298000,120.298000,120.296000,120.297000
1573504440,120.297000,120.304000,120.296000,120.304000
1573504500,120.304000,120.304000,120.299000,120.299000
1573504560,120.298000,120.300000,120.298000,120.300000
1573504620,120.300000,120.300000,120.294000,120.298000
1573504680,120.296000,120.298000,120.296000,120.298000
1573504740,120.298000,120.298000,120.294000,120.294000
1573504800,120.294000,120.296000,120.289000,120.294000
1573504860,120.294000,120.297000,120.294000,120.296000
1573504920,120.296000,120.298000,120.293000,120.298000
1573504980,120.298000,120.300000,120.297000,120.300000
1573505040,120.300000,120.300000,120.294000,120.296000
1573505100,120.295000,120.296000,120.293000,120.295000
1573505160,120.294000,120.297000,120.289000,120.291000
1573505220,120.291000,120.291000,120.291000,120.291000
1573505280,120.291000,120.291000,120.289000,120.290000
1573505340,120.291000,120.295000,120.287000,120.290000
1573505400,120.290000,120.294000,120.288000,120.290000
1573505460,120.290000,120.296000,120.288000,120.292000
1573505520,120.292000,120.298000,120.292000,120.296000
1573505580,120.296000,120.296000,120.293000,120.294000
1573505640,120.294000,120.295000,120.289000,120.291000
1573505700,120.291000,120.294000,120.291000,120.294000
1573505760,120.294000,120.306000,120.291000,120.306000
1573505820,120.306000,120.306000,120.302000,120.303000
1573505880,120.303000,120.307000,120.296000,120.302000
1573505940,120.301000,120.311000,120.300000,120.308000
1573506000,120.308000,120.314000,120.306000,120.313000
1573506060,120.317000,120.330000,120.317000,120.328000
1573506120,120.329000,120.333000,120.326000,120.327000
1573506180,120.326000,120.326000,120.311000,120.311000
1573506240,120.312000,120.312000,120.311000,120.311000
1573506300,120.311000,120.312000,120.309000,120.309000
1573506360,120.310000,120.310000,120.308000,120.308000
1573506420,120.308000,120.308000,120.302000,120.303000
1573506480,120.304000,120.306000,120.304000,120.305000
1573506540,120.304000,120.304000,120.301000,120.304000
1573506600,120.303000,120.303000,120.300000,120.300000
1573506660,120.301000,120.306000,120.301000,120.306000
1573506720,120.307000,120.308000,120.307000,120.308000
1573506780,120.310000,120.312000,120.310000,120.311000
1573506840,120.313000,120.313000,120.311000,120.312000
1573506900,120.312000,120.313000,120.312000,120.312000
1573506960,120.312000,120.312000,120.311000,120.312000
1573507020,120.312000,120.312000,120.311000,120.311000
1573507080,120.309000,120.309000,120.308000,120.308000
1573507140,120.310000,120.312000,120.310000,120.312000
1573507200,120.312000,120.312000,120.311000,120.311000
1573507260,120.312000,120.312000,120.312000,120.312000
1573507320,120.312000,120.312000,120.312000,120.312000
1573507380,120.312000,120.312000,120.309000,120.309000
1573507440,120.309000,120.309000,120.302000,120.302000
1573507500,120.303000,120.306000,120.302000,120.306000
1573507680,120.305000,120.306000,120.304000,120.306000
1573507740,120.306000,120.306000,120.295000,120.295000
1573507800,120.293000,120.299000,120.292000,120.299000
1573507860,120.299000,120.302000,120.296000,120.299000
1573507920,120.300000,120.303000,120.299000,120.300000
1573507980,120.299000,120.299000,120.295000,120.295000
1573508040,120.298000,120.298000,120.295000,120.296000
1573508100,120.299000,120.301000,120.299000,120.300000
1573508160,120.301000,120.302000,120.296000,120.298000
1573508220,120.296000,120.297000,120.293000,120.296000
1573508280,120.296000,120.299000,120.293000,120.297000
1573508340,120.296000,120.296000,120.290000,120.290000
1573508400,120.289000,120.292000,120.289000,120.290000
1573508460,120.290000,120.297000,120.290000,120.297000
1573508520,120.296000,120.296000,120.296000,120.296000
1573508580,120.295000,120.296000,120.295000,120.295000
1573508640,120.295000,120.298000,120.295000,120.297000
1573508700,120.297000,120.297000,120.296000,120.297000
1573508760,120.297000,120.297000,120.297000,120.297000
1573508820,120.297000,120.297000,120.297000,120.297000
1573508880,120.297000,120.297000,120.297000,120.297000
1573508940,120.297000,120.303000,120.297000,120.299000
1573509000,120.299000,120.304000,120.290000,120.293000
1573509060,120.293000,120.294000,120.293000,120.294000
1573509120,120.291000,120.295000,120.289000,120.295000
1573509180,120.295000,120.295000,120.295000,120.295000
1573509240,120.295000,120.300000,120.295000,120.299000
1573509300,120.299000,120.305000,120.297000,120.304000
1573509360,120.303000,120.304000,120.299000,120.303000
1573509420,120.304000,120.306000,120.298000,120.304000
1573509480,120.305000,120.305000,120.295000,120.302000
1573509540,120.304000,120.316000,120.292000,120.299000
1573509600,120.296000,120.313000,120.285000,120.307000
1573509660,120.308000,120.308000,120.304000,120.304000
1573509720,120.302000,120.308000,120.295000,120.306000
1573509780,120.302000,120.305000,120.296000,120.298000
1573509840,120.301000,120.308000,120.298000,120.308000
1573509900,120.307000,120.327000,120.307000,120.322000
1573509960,120.323000,120.323000,120.299000,120.305000
1573510020,120.305000,120.307000,120.271000,120.271000
1573510080,120.271000,120.280000,120.271000,120.279000
1573510140,120.279000,120.279000,120.248000,120.260000
1573510200,120.261000,120.286000,120.252000,120.270000
1573510260,120.270000,120.292000,120.268000,120.290000
1573510320,120.290000,120.292000,120.283000,120.289000
1573510380,120.289000,120.292000,120.288000,120.292000
1573510440,120.290000,120.292000,120.287000,120.291000
1573510500,120.291000,120.305000,120.286000,120.290000
1573510560,120.286000,120.299000,120.280000,120.285000
1573510620,120.288000,120.289000,120.281000,120.282000
1573510680,120.282000,120.288000,120.282000,120.288000
1573510740,120.287000,120.289000,120.287000,120.289000
1573510800,120.289000,120.289000,120.285000,120.289000
1573510860,120.289000,120.291000,120.287000,120.291000
1573510920,120.291000,120.291000,120.286000,120.290000
1573510980,120.286000,120.290000,120.286000,120.289000
1573511040,120.289000,120.289000,120.283000,120.286000
1573511100,120.287000,120.296000,120.286000,120.293000
1573511160,120.293000,120.294000,120.292000,120.294000
1573511220,120.294000,120.296000,120.291000,120.292000
1573511280,120.292000,120.300000,120.292000,120.296000
1573511340,120.296000,120.300000,120.296000,120.299000
1573511400,120.298000,120.306000,120.295000,120.297000
1573511460,120.299000,120.301000,120.294000,120.295000
1573511520,120.296000,120.301000,120.296000,120.298000
1573511580,120.298000,120.298000,120.297000,120.297000
1573511640,120.296000,120.299000,120.296000,120.298000
1573511700,120.298000,120.305000,120.295000,120.299000
1573511760,120.300000,120.302000,120.296000,120.297000
1573511820,120.297000,120.300000,120.297000,120.299000
1573511880,120.299000,120.300000,120.299000,120.299000
1573511940,120.299000,120.300000,120.299000,120.299000
1573512000,120.301000,120.305000,120.296000,120.304000
1573512060,120.303000,120.303000,120.300000,120.302000
1573512120,120.300000,120.304000,120.300000,120.301000
1573512180,120.301000,120.304000,120.301000,120.303000
1573512240,120.304000,120.305000,120.296000,120.300000
1573512300,120.302000,120.302000,120.298000,120.301000
1573512360,120.300000,120.301000,120.292000,120.295000
1573512420,120.296000,120.302000,120.295000,120.297000
1573512480,120.297000,120.297000,120.291000,120.292000
1573512540,120.292000,120.296000,120.292000,120.295000
1573512600,120.295000,120.295000,120.293000,120.293000
1573512660,120.293000,120.294000,120.292000,120.293000
1573512720,120.294000,120.300000,120.293000,120.295000
1573512780,120.297000,120.302000,120.295000,120.299000
1573512840,120.299000,120.303000,120.297000,120.302000
1573512900,120.302000,120.310000,120.299000,120.301000
1573512960,120.302000,120.302000,120.298000,120.302000
1573513020,120.302000,120.302000,120.300000,120.301000
1573513080,120.300000,120.302000,120.297000,120.301000
1573513140,120.299000,120.310000,120.299000,120.308000
1573513200,120.308000,120.329000,120.308000,120.329000
1573513260,120.329000,120.338000,120.325000,120.336000
1573513320,120.336000,120.337000,120.319000,120.324000
1573513380,120.324000,120.325000,120.314000,120.319000
1573513440,120.318000,120.320000,120.312000,120.320000
1573513500,120.321000,120.330000,120.320000,120.324000
1573513560,120.323000,120.329000,120.320000,120.321000
1573513620,120.319000,120.320000,120.314000,120.317000
1573513680,120.318000,120.326000,120.317000,120.322000
1573513740,120.321000,120.323000,120.314000,120.317000
1573513800,120.318000,120.322000,120.316000,120.318000
1573513860,120.317000,120.321000,120.316000,120.319000
1573513920,120.317000,120.317000,120.314000,120.315000
1573513980,120.314000,120.317000,120.309000,120.316000
1573514040,120.315000,120.317000,120.312000,120.314000
1573514100,120.313000,120.317000,120.313000,120.315000
1573514160,120.316000,120.316000,120.314000,120.315000
1573514220,120.315000,120.316000,120.313000,120.315000
1573514280,120.313000,120.321000,120.313000,120.320000
1573514340,120.320000,120.320000,120.312000,120.313000
1573514400,120.311000,120.318000,120.302000,120.305000
1573514460,120.304000,120.308000,120.301000,120.305000
1573514520,120.304000,120.307000,120.302000,120.304000
1573514580,120.303000,120.310000,120.301000,120.306000
1573514640,120.307000,120.312000,120.305000,120.310000
1573514700,120.309000,120.311000,120.305000,120.307000
1573514760,120.307000,120.309000,120.306000,120.308000
1573514820,120.309000,120.313000,120.307000,120.311000
1573514880,120.309000,120.313000,120.308000,120.309000
1573514940,120.308000,120.315000,120.307000,120.313000
1573515000,120.312000,120.317000,120.309000,120.309000
1573515060,120.310000,120.314000,120.304000,120.313000
1573515120,120.312000,120.319000,120.307000,120.313000
1573515180,120.313000,120.320000,120.310000,120.314000
1573515240,120.314000,120.321000,120.313000,120.318000
1573515300,120.319000,120.319000,120.306000,120.311000
1573515360,120.309000,120.309000,120.300000,120.302000
1573515420,120.303000,120.305000,120.302000,120.304000
1573515480,120.304000,120.315000,120.303000,120.315000
1573515540,120.316000,120.339000,120.312000,120.337000
1573515600,120.335000,120.339000,120.333000,120.335000
1573515660,120.336000,120.336000,120.330000,120.332000
1573515720,120.332000,120.333000,120.329000,120.330000
1573515780,120.330000,120.333000,120.329000,120.332000
1573515840,120.332000,120.333000,120.326000,120.327000
1573515900,120.327000,120.327000,120.321000,120.322000
1573515960,120.322000,120.324000,120.312000,120.317000
1573516020,120.317000,120.322000,120.316000,120.320000
1573516080,120.318000,120.321000,120.318000,120.321000
1573516140,120.321000,120.335000,120.318000,120.335000
1573516200,120.335000,120.339000,120.321000,120.322000
1573516260,120.322000,120.332000,120.318000,120.327000
1573516320,120.326000,120.332000,120.323000,120.326000
1573516380,120.323000,120.324000,120.319000,120.323000
1573516440,120.321000,120.325000,120.321000,120.324000
1573516500,120.324000,120.327000,120.324000,120.325000
1573516560,120.325000,120.326000,120.325000,120.325000
1573516620,120.326000,120.329000,120.325000,120.327000
1573516680,120.327000,120.328000,120.326000,120.327000
1573516740,120.327000,120.328000,120.320000,120.326000
1573516800,120.326000,120.336000,120.321000,120.326000
1573516860,120.325000,120.328000,120.318000,120.326000
1573516920,120.323000,120.324000,120.319000,120.321000
1573516980,120.321000,120.323000,120.315000,120.323000
1573517040,120.322000,120.330000,120.314000,120.322000
1573517100,120.322000,120.322000,120.281000,120.313000
1573517160,120.313000,120.345000,120.309000,120.344000
1573517220,120.344000,120.361000,120.343000,120.351000
1573517280,120.348000,120.348000,120.331000,120.335000
1573517340,120.334000,120.351000,120.333000,120.339000
1573517400,120.341000,120.349000,120.341000,120.346000
1573517460,120.346000,120.352000,120.338000,120.339000
1573517520,120.339000,120.341000,120.333000,120.333000
1573517580,120.334000,120.334000,120.323000,120.328000
1573517640,120.330000,120.335000,120.329000,120.334000
1573517700,120.333000,120.338000,120.330000,120.334000
1573517760,120.335000,120.354000,120.332000,120.353000
1573517820,120.351000,120.357000,120.348000,120.355000
1573517880,120.354000,120.357000,120.353000,120.357000
1573517940,120.356000,120.362000,120.354000,120.360000
1573518000,120.362000,120.362000,120.345000,120.351000
1573518060,120.350000,120.363000,120.348000,120.358000
1573518120,120.357000,120.366000,120.354000,120.364000
1573518180,120.364000,120.367000,120.359000,120.365000
1573518240,120.366000,120.366000,120.363000,120.365000
1573518300,120.364000,120.372000,120.364000,120.365000
1573518360,120.365000,120.369000,120.352000,120.352000
1573518420,120.352000,120.353000,120.342000,120.345000
1573518480,120.344000,120.348000,120.344000,120.345000
1573518540,120.347000,120.355000,120.343000,120.355000
1573518600,120.355000,120.382000,120.348000,120.380000
1573518660,120.382000,120.397000,120.379000,120.387000
1573518720,120.387000,120.398000,120.382000,120.393000
1573518780,120.392000,120.393000,120.382000,120.385000
1573518840,120.386000,120.389000,120.382000,120.389000
1573518900,120.389000,120.390000,120.386000,120.388000
1573518960,120.388000,120.404000,120.387000,120.402000
1573519020,120.402000,120.414000,120.400000,120.408000
1573519080,120.409000,120.411000,120.398000,120.399000
1573519140,120.398000,120.398000,120.386000,120.387000
1573519200,120.388000,120.392000,120.383000,120.388000
1573519260,120.388000,120.408000,120.387000,120.405000
1573519320,120.405000,120.405000,120.393000,120.394000
1573519380,120.392000,120.401000,120.392000,120.401000
1573519440,120.397000,120.408000,120.395000,120.408000
1573519500,120.408000,120.408000,120.400000,120.403000
1573519560,120.404000,120.416000,120.402000,120.415000
1573519620,120.416000,120.416000,120.408000,120.410000
1573519680,120.408000,120.413000,120.408000,120.413000
1573519740,120.412000,120.412000,120.400000,120.403000
1573519800,120.404000,120.404000,120.394000,120.399000
1573519860,120.401000,120.409000,120.397000,120.409000
1573519920,120.410000,120.412000,120.404000,120.408000
1573519980,120.408000,120.412000,120.399000,120.412000
1573520040,120.409000,120.445000,120.406000,120.445000
1573520100,120.447000,120.454000,120.436000,120.440000
1573520160,120.440000,120.444000,120.438000,120.441000
1573520220,120.441000,120.445000,120.436000,120.439000
1573520280,120.438000,120.439000,120.429000,120.436000
1573520340,120.437000,120.470000,120.436000,120.470000
1573520400,120.467000,120.470000,120.452000,120.468000
1573520460,120.467000,120.469000,120.452000,120.452000
1573520520,120.451000,120.451000,120.444000,120.445000
1573520580,120.445000,120.446000,120.438000,120.443000
1573520640,120.441000,120.446000,120.439000,120.441000
1573520700,120.441000,120.452000,120.440000,120.451000
1573520760,120.449000,120.451000,120.441000,120.450000
1573520820,120.451000,120.455000,120.442000,120.450000
1573520880,120.449000,120.470000,120.444000,120.469000
1573520940,120.468000,120.480000,120.461000,120.468000
1573521000,120.468000,120.469000,120.454000,120.458000
1573521060,120.457000,120.459000,120.450000,120.451000
1573521120,120.451000,120.451000,120.432000,120.437000
1573521180,120.437000,120.443000,120.434000,120.442000
1573521240,120.444000,120.456000,120.442000,120.451000
1573521300,120.451000,120.451000,120.442000,120.442000
1573521360,120.443000,120.444000,120.430000,120.432000
1573521420,120.433000,120.439000,120.429000,120.435000
1573521480,120.438000,120.440000,120.429000,120.431000
1573521540,120.432000,120.434000,120.427000,120.429000
1573521600,120.428000,120.431000,120.423000,120.428000
1573521660,120.428000,120.430000,120.422000,120.427000
1573521720,120.426000,120.430000,120.411000,120.412000
1573521780,120.413000,120.414000,120.398000,120.398000
1573521840,120.396000,120.398000,120.376000,120.377000
1573521900,120.377000,120.383000,120.375000,120.376000
1573521960,120.377000,120.396000,120.374000,120.396000
1573522020,120.397000,120.406000,120.392000,120.406000
1573522080,120.406000,120.410000,120.399000,120.402000
1573522140,120.404000,120.405000,120.400000,120.402000
1573522200,120.402000,120.403000,120.391000,120.393000
1573522260,120.392000,120.397000,120.376000,120.378000
1573522320,120.378000,120.389000,120.376000,120.384000
1573522380,120.384000,120.387000,120.379000,120.384000
1573522440,120.385000,120.392000,120.382000,120.382000
1573522500,120.382000,120.413000,120.382000,120.413000
1573522560,120.415000,120.420000,120.410000,120.414000
1573522620,120.414000,120.420000,120.412000,120.412000
1573522680,120.416000,120.417000,120.412000,120.414000
1573522740,120.414000,120.417000,120.398000,120.399000
1573522800,120.398000,120.411000,120.396000,120.405000
1573522860,120.405000,120.408000,120.399000,120.399000
1573522920,120.399000,120.399000,120.372000,120.373000
1573522980,120.372000,120.373000,120.362000,120.366000
1573523040,120.366000,120.369000,120.365000,120.368000
1573523100,120.372000,120.377000,120.366000,120.367000
1573523160,120.366000,120.372000,120.358000,120.364000
1573523220,120.364000,120.364000,120.353000,120.353000
1573523280,120.353000,120.366000,120.350000,120.364000
1573523340,120.365000,120.376000,120.364000,120.370000
1573523400,120.372000,120.377000,120.371000,120.376000
1573523460,120.376000,120.376000,120.366000,120.367000
1573523520,120.366000,120.371000,120.365000,120.370000
1573523580,120.370000,120.370000,120.367000,120.368000
1573523640,120.367000,120.367000,120.360000,120.360000
1573523700,120.360000,120.375000,120.360000,120.373000
1573523760,120.372000,120.374000,120.366000,120.369000
1573523820,120.368000,120.370000,120.361000,120.367000
1573523880,120.368000,120.376000,120.368000,120.371000
1573523940,120.370000,120.370000,120.357000,120.362000
1573524000,120.361000,120.367000,120.340000,120.355000
1573524060,120.356000,120.356000,120.343000,120.352000
1573524120,120.352000,120.355000,120.345000,120.347000
1573524180,120.347000,120.361000,120.341000,120.360000
1573524240,120.360000,120.364000,120.351000,120.361000
1573524300,120.362000,120.378000,120.357000,120.372000
1573524360,120.373000,120.391000,120.373000,120.388000
1573524420,120.386000,120.386000,120.377000,120.380000
1573524480,120.381000,120.392000,120.381000,120.389000
1573524540,120.389000,120.391000,120.386000,120.386000
1573524600,120.386000,120.388000,120.382000,120.388000
1573524660,120.387000,120.387000,120.382000,120.382000
1573524720,120.383000,120.392000,120.383000,120.387000
1573524780,120.388000,120.390000,120.385000,120.386000
1573524840,120.386000,120.386000,120.374000,120.376000
1573524900,120.376000,120.381000,120.373000,120.374000
1573524960,120.375000,120.381000,120.375000,120.378000
1573525020,120.378000,120.386000,120.377000,120.385000
1573525080,120.387000,120.387000,120.373000,120.379000
1573525140,120.378000,120.383000,120.373000,120.374000
1573525200,120.374000,120.382000,120.374000,120.378000
1573525260,120.378000,120.382000,120.375000,120.376000
1573525320,120.376000,120.376000,120.369000,120.370000
1573525380,120.371000,120.373000,120.365000,120.365000
1573525440,120.366000,120.372000,120.365000,120.370000
1573525500,120.370000,120.374000,120.368000,120.368000
1573525560,120.369000,120.371000,120.364000,120.364000
1573525620,120.365000,120.370000,120.360000,120.361000
1573525680,120.361000,120.379000,120.361000,120.373000
1573525740,120.374000,120.383000,120.371000,120.383000
1573525800,120.382000,120.392000,120.380000,120.387000
1573525860,120.387000,120.392000,120.387000,120.388000
1573525920,120.387000,120.391000,120.387000,120.390000
1573525980,120.393000,120.393000,120.375000,120.375000
1573526040,120.375000,120.375000,120.369000,120.374000
1573526100,120.373000,120.375000,120.371000,120.375000
1573526160,120.375000,120.381000,120.374000,120.378000
1573526220,120.378000,120.378000,120.372000,120.374000
1573526280,120.373000,120.373000,120.363000,120.363000
1573526340,120.362000,120.365000,120.361000,120.364000
1573526400,120.364000,120.365000,120.360000,120.363000
1573526460,120.364000,120.368000,120.363000,120.366000
1573526520,120.366000,120.366000,120.365000,120.365000
1573526580,120.367000,120.367000,120.364000,120.365000
1573526640,120.366000,120.369000,120.366000,120.368000
1573526700,120.368000,120.370000,120.366000,120.370000
1573526760,120.370000,120.371000,120.362000,120.362000
1573526820,120.362000,120.367000,120.358000,120.363000
1573526880,120.361000,120.365000,120.356000,120.356000
1573526940,120.356000,120.357000,120.350000,120.354000
1573527000,120.354000,120.358000,120.353000,120.356000
1573527060,120.356000,120.362000,120.354000,120.360000
1573527120,120.361000,120.361000,120.355000,120.355000
1573527180,120.355000,120.355000,120.354000,120.354000
1573527240,120.354000,120.355000,120.350000,120.352000
1573527300,120.353000,120.359000,120.351000,120.356000
1573527360,120.355000,120.364000,120.355000,120.362000
1573527420,120.361000,120.363000,120.357000,120.361000
1573527480,120.362000,120.369000,120.355000,120.369000
1573527540,120.368000,120.378000,120.367000,120.367000
1573527600,120.366000,120.370000,120.365000,120.368000
1573527660,120.367000,120.368000,120.364000,120.365000
1573527720,120.366000,120.367000,120.361000,120.362000
1573527780,120.361000,120.363000,120.357000,120.358000
1573527840,120.358000,120.359000,120.357000,120.358000
1573527900,120.358000,120.358000,120.352000,120.354000
1573527960,120.354000,120.360000,120.354000,120.360000
1573528020,120.360000,120.361000,120.359000,120.361000
1573528080,120.362000,120.366000,120.362000,120.363000
1573528140,120.363000,120.378000,120.363000,120.377000
1573528200,120.378000,120.388000,120.378000,120.383000
1573528260,120.383000,120.390000,120.383000,120.389000
1573528320,120.389000,120.394000,120.387000,120.394000
1573528380,120.394000,120.396000,120.388000,120.391000
1573528440,120.392000,120.396000,120.390000,120.392000
1573528500,120.392000,120.392000,120.388000,120.391000
1573528560,120.390000,120.395000,120.387000,120.393000
1573528620,120.393000,120.398000,120.393000,120.398000
1573528680,120.398000,120.401000,120.398000,120.399000
1573528740,120.398000,120.399000,120.393000,120.394000
1573528800,120.394000,120.394000,120.389000,120.390000
1573528860,120.390000,120.393000,120.389000,120.391000
1573528920,120.392000,120.404000,120.392000,120.401000
1573528980,120.403000,120.417000,120.401000,120.414000
1573529040,120.413000,120.413000,120.412000,120.412000
1573529100,120.411000,120.424000,120.411000,120.423000
1573529160,120.423000,120.423000,120.411000,120.415000
1573529220,120.414000,120.414000,120.409000,120.414000
1573529280,120.416000,120.416000,120.414000,120.415000
1573529340,120.415000,120.420000,120.411000,120.415000
1573529400,120.415000,120.420000,120.414000,120.419000
1573529460,120.419000,120.419000,120.397000,120.405000
1573529520,120.405000,120.411000,120.402000,120.407000
1573529580,120.407000,120.407000,120.396000,120.400000
1573529640,120.400000,120.400000,120.391000,120.397000
1573529700,120.398000,120.403000,120.392000,120.402000
1573529760,120.401000,120.401000,120.392000,120.393000
1573529820,120.394000,120.397000,120.393000,120.397000
1573529880,120.396000,120.397000,120.393000,120.393000
1573529940,120.393000,120.415000,120.393000,120.415000
1573530000,120.416000,120.417000,120.411000,120.411000
1573530060,120.411000,120.412000,120.410000,120.411000
1573530120,120.410000,120.414000,120.409000,120.413000
1573530180,120.415000,120.415000,120.411000,120.412000
1573530240,120.412000,120.416000,120.411000,120.414000
1573530300,120.414000,120.417000,120.414000,120.417000
1573530360,120.417000,120.420000,120.416000,120.420000
1573530420,120.421000,120.427000,120.416000,120.427000
1573530480,120.427000,120.434000,120.425000,120.434000
1573530540,120.434000,120.438000,120.430000,120.430000
1573530600,120.429000,120.429000,120.426000,120.426000
1573530660,120.427000,120.429000,120.426000,120.429000
1573530720,120.428000,120.435000,120.425000,120.434000
1573530780,120.434000,120.437000,120.434000,120.435000
1573530840,120.435000,120.435000,120.431000,120.431000
1573530900,120.431000,120.436000,120.431000,120.433000
1573530960,120.434000,120.437000,120.432000,120.432000
1573531020,120.432000,120.432000,120.423000,120.423000
1573531080,120.422000,120.423000,120.410000,120.413000
1573531140,120.413000,120.418000,120.411000,120.412000
1573531200,120.414000,120.422000,120.414000,120.422000
1573531260,120.421000,120.437000,120.421000,120.429000
1573531320,120.430000,120.432000,120.426000,120.432000
1573531380,120.431000,120.432000,120.421000,120.421000
1573531440,120.421000,120.424000,120.419000,120.421000
1573531500,120.421000,120.424000,120.421000,120.422000
1573531560,120.421000,120.421000,120.420000,120.420000
1573531620,120.419000,120.421000,120.419000,120.421000
1573531680,120.419000,120.419000,120.419000,120.419000
1573531740,120.418000,120.418000,120.408000,120.410000
1573531800,120.410000,120.411000,120.405000,120.405000
1573531860,120.405000,120.407000,120.402000,120.407000
1573531920,120.407000,120.407000,120.407000,120.407000
1573531980,120.407000,120.411000,120.407000,120.408000
1573532040,120.407000,120.407000,120.407000,120.407000
1573532100,120.407000,120.407000,120.401000,120.401000
1573532160,120.401000,120.401000,120.395000,120.395000
1573532220,120.396000,120.398000,120.393000,120.396000
1573532280,120.396000,120.398000,120.395000,120.398000
1573532340,120.398000,120.406000,120.398000,120.405000
1573532400,120.404000,120.404000,120.401000,120.403000
1573532460,120.403000,120.403000,120.400000,120.401000
1573532520,120.401000,120.402000,120.398000,120.398000
1573532580,120.398000,120.398000,120.395000,120.397000
1573532640,120.397000,120.402000,120.395000,120.402000
1573532700,120.401000,120.401000,120.394000,120.394000
1573532760,120.394000,120.395000,120.393000,120.393000
1573532820,120.393000,120.394000,120.389000,120.394000
1573532880,120.394000,120.395000,120.391000,120.392000
1573532940,120.393000,120.395000,120.390000,120.395000
1573533000,120.395000,120.398000,120.390000,120.396000
1573533060,120.396000,120.396000,120.390000,120.391000
1573533120,120.390000,120.401000,120.390000,120.398000
1573533180,120.397000,120.403000,120.395000,120.398000
1573533240,120.398000,120.400000,120.397000,120.399000
1573533300,120.399000,120.399000,120.398000,120.398000
1573533360,120.397000,120.398000,120.396000,120.398000
1573533420,120.399000,120.399000,120.397000,120.398000
1573533480,120.398000,120.407000,120.398000,120.405000
1573533540,120.405000,120.406000,120.403000,120.403000
1573533600,120.403000,120.405000,120.399000,120.399000
1573533660,120.399000,120.399000,120.393000,120.393000
1573533720,120.395000,120.399000,120.394000,120.399000
1573533780,120.399000,120.403000,120.399000,120.403000
1573533840,120.402000,120.419000,120.402000,120.416000
1573533900,120.416000,120.418000,120.410000,120.413000
1573533960,120.413000,120.424000,120.413000,120.424000
1573534020,120.424000,120.424000,120.417000,120.424000
1573534080,120.424000,120.426000,120.424000,120.424000
1573534140,120.425000,120.441000,120.424000,120.440000
1573534200,120.439000,120.446000,120.439000,120.442000
1573534260,120.442000,120.442000,120.431000,120.431000
1573534320,120.431000,120.433000,120.426000,120.430000
1573534380,120.430000,120.436000,120.427000,120.427000
1573534440,120.426000,120.426000,120.422000,120.422000
1573534500,120.422000,120.423000,120.418000,120.420000
1573534560,120.419000,120.423000,120.417000,120.421000
1573534620,120.422000,120.423000,120.416000,120.421000
1573534680,120.422000,120.424000,120.419000,120.423000
1573534740,120.423000,120.425000,120.415000,120.421000
