time,open,high,low,close
1559880000,0.697230,0.697280,0.697220,0.697230
1559880060,0.697230,0.697380,0.697230,0.697350
1559880120,0.697330,0.697360,0.697320,0.697320
1559880180,0.697320,0.697500,0.697320,0.697380
1559880240,0.697380,0.697470,0.697360,0.697430
1559880300,0.697440,0.697470,0.697410,0.697430
1559880360,0.697430,0.697490,0.697430,0.697430
1559880420,0.697430,0.697470,0.697430,0.697470
1559880480,0.697470,0.697510,0.697460,0.697510
1559880540,0.697490,0.697510,0.697400,0.697430
1559880600,0.697430,0.697500,0.697410,0.697460
1559880660,0.697460,0.697490,0.697410,0.697430
1559880720,0.697430,0.697500,0.697400,0.697400
1559880780,0.697420,0.697510,0.697420,0.697500
1559880840,0.697500,0.697510,0.697420,0.697470
1559880900,0.697490,0.697520,0.697410,0.697420
1559880960,0.697430,0.697480,0.697390,0.697440
1559881020,0.697440,0.697470,0.697420,0.697460
1559881080,0.697450,0.697490,0.697400,0.697460
1559881140,0.697460,0.697510,0.697440,0.697470
1559881200,0.697470,0.697480,0.697390,0.697410
1559881260,0.697410,0.697480,0.697410,0.697430
1559881320,0.697430,0.697490,0.697430,0.697440
1559881380,0.697440,0.697500,0.697440,0.697500
1559881440,0.697500,0.697500,0.697450,0.697460
1559881500,0.697460,0.697480,0.697400,0.697420
1559881560,0.697410,0.697480,0.697360,0.697400
1559881620,0.697390,0.697440,0.697350,0.697390
1559881680,0.697400,0.697410,0.697390,0.697400
1559881740,0.697390,0.697430,0.697350,0.697350
1559881800,0.697350,0.697350,0.697240,0.697330
1559881860,0.697340,0.697350,0.697280,0.697340
1559881920,0.697330,0.697330,0.697250,0.697270
1559881980,0.697270,0.697330,0.697250,0.697330
1559882040,0.697320,0.697320,0.697240,0.697250
1559882100,0.697250,0.697260,0.697220,0.697230
1559882160,0.697230,0.697300,0.697220,0.697270
1559882220,0.697270,0.697390,0.697270,0.697360
1559882280,0.697340,0.697370,0.697290,0.697340
1559882340,0.697370,0.697370,0.697330,0.697350
1559882400,0.697360,0.697380,0.697320,0.697320
1559882460,0.697340,0.697360,0.697330,0.697350
1559882520,0.697350,0.697370,0.697330,0.697360
1559882580,0.697360,0.697380,0.697350,0.697370
1559882640,0.697370,0.697380,0.697350,0.697370
1559882700,0.697350,0.697360,0.697220,0.697240
1559882760,0.697240,0.697290,0.697230,0.697270
1559882820,0.697270,0.697270,0.697230,0.697260
1559882880,0.697250,0.697280,0.697240,0.697250
1559882940,0.697260,0.697290,0.697240,0.697250
1559883000,0.697250,0.697270,0.697230,0.697250
1559883060,0.697250,0.697260,0.697230,0.697240
1559883120,0.697230,0.697260,0.697230,0.697260
1559883180,0.697250,0.697260,0.697240,0.697250
1559883240,0.697250,0.697250,0.697150,0.697160
1559883300,0.697170,0.697170,0.697130,0.697150
1559883360,0.697160,0.697170,0.697130,0.697170
1559883420,0.697160,0.697160,0.697130,0.697130
1559883480,0.697130,0.697160,0.697130,0.697130
1559883540,0.697140,0.697170,0.697130,0.697170
1559883600,0.697170,0.697170,0.697130,0.697170
1559883660,0.697170,0.697170,0.697140,0.697150
1559883720,0.697150,0.697160,0.697130,0.697130
1559883780,0.697140,0.697140,0.697140,0.697140
1559883840,0.697130,0.697150,0.697130,0.697150
1559883900,0.697150,0.697160,0.697140,0.697140
1559883960,0.697150,0.697160,0.697130,0.697150
1559884020,0.697140,0.697150,0.697130,0.697130
1559884080,0.697140,0.697150,0.697130,0.697150
1559884140,0.697150,0.697150,0.697140,0.697140
1559884200,0.697140,0.697150,0.697140,0.697150
1559884260,0.697130,0.697170,0.697130,0.697160
1559884320,0.697150,0.697150,0.697130,0.697130
1559884380,0.697130,0.697130,0.697050,0.697050
1559884440,0.697050,0.697090,0.697050,0.697080
1559884500,0.697080,0.697080,0.697040,0.697060
1559884560,0.697050,0.697070,0.697050,0.697060
1559884620,0.697050,0.697080,0.697050,0.697080
1559884680,0.697070,0.697080,0.697060,0.697060
1559884740,0.697050,0.697070,0.697040,0.697040
1559884800,0.697040,0.697040,0.697040,0.697040
1559884860,0.697050,0.697080,0.697050,0.697080
1559884920,0.697140,0.697140,0.697060,0.697090
1559884980,0.697090,0.697090,0.697060,0.697060
1559885040,0.697070,0.697090,0.697000,0.697000
1559885100,0.697000,0.697040,0.697000,0.697040
1559885160,0.697020,0.697030,0.697000,0.697000
1559885220,0.697000,0.697000,0.697000,0.697000
1559885280,0.697000,0.697010,0.697000,0.697000
1559885340,0.697000,0.697000,0.697000,0.697000
1559885400,0.697000,0.697000,0.697000,0.697000
1559885460,0.697000,0.697000,0.697000,0.697000
1559885520,0.697000,0.697000,0.697000,0.697000
1559885580,0.697000,0.697020,0.697000,0.697010
1559885640,0.697000,0.697010,0.697000,0.697000
1559885700,0.697000,0.697000,0.697000,0.697000
1559885760,0.697000,0.697010,0.697000,0.697010
1559885820,0.697000,0.697000,0.697000,0.697000
1559885880,0.697000,0.697010,0.697000,0.697000
1559885940,0.697000,0.697000,0.697000,0.697000
1559886000,0.697000,0.697000,0.697000,0.697000
1559886060,0.697000,0.697010,0.697000,0.697000
1559886120,0.697000,0.697000,0.697000,0.697000
1559886180,0.697000,0.697010,0.697000,0.697000
1559886240,0.697000,0.697000,0.697000,0.697000
1559886300,0.697010,0.697020,0.697000,0.697020
1559886360,0.697020,0.697070,0.697010,0.697060
1559886420,0.697050,0.697060,0.697050,0.697050
1559886480,0.697040,0.697040,0.697000,0.697010
1559886540,0.697040,0.697090,0.697000,0.697070
1559886600,0.697070,0.697080,0.697040,0.697050
1559886660,0.697050,0.697050,0.697000,0.697000
1559886720,0.697010,0.697070,0.697000,0.697070
1559886780,0.697080,0.697200,0.697070,0.697180
1559886840,0.697160,0.697170,0.697090,0.697100
1559886900,0.697110,0.697120,0.697000,0.697010
1559886960,0.697010,0.697070,0.697010,0.697010
1559887020,0.697020,0.697020,0.697000,0.697000
1559887080,0.697000,0.697050,0.697000,0.697010
1559887140,0.697020,0.697020,0.697000,0.697000
1559887200,0.697000,0.697000,0.696870,0.696910
1559887260,0.696900,0.696910,0.696850,0.696910
1559887320,0.696910,0.696980,0.696890,0.696980
1559887380,0.697000,0.697000,0.696910,0.696920
1559887440,0.696920,0.697010,0.696910,0.697010
1559887500,0.697000,0.697020,0.696990,0.697010
1559887560,0.697010,0.697020,0.696990,0.697010
1559887620,0.697010,0.697020,0.697000,0.697010
1559887680,0.697010,0.697020,0.696910,0.696950
1559887740,0.696950,0.696970,0.696950,0.696960
1559887800,0.696970,0.697020,0.696970,0.697020
1559887860,0.697040,0.697080,0.697020,0.697030
1559887920,0.697020,0.697030,0.697000,0.697010
1559887980,0.697010,0.697010,0.696970,0.696970
1559888040,0.696970,0.697020,0.696970,0.697010
1559888100,0.697010,0.697110,0.697000,0.697110
1559888160,0.697110,0.697130,0.697100,0.697110
1559888220,0.697120,0.697120,0.697110,0.697120
1559888280,0.697120,0.697130,0.697120,0.697120
1559888340,0.697130,0.697200,0.697120,0.697200
1559888400,0.697200,0.697220,0.697180,0.697210
1559888460,0.697200,0.697200,0.697170,0.697190
1559888520,0.697190,0.697200,0.697190,0.697200
1559888580,0.697200,0.697200,0.697160,0.697170
1559888640,0.697180,0.697190,0.697100,0.697160
1559888700,0.697150,0.697180,0.697110,0.697170
1559888760,0.697180,0.697200,0.697120,0.697130
1559888820,0.697140,0.697170,0.697090,0.697100
1559888880,0.697080,0.697110,0.697060,0.697110
1559888940,0.697100,0.697110,0.697100,0.697110
1559889000,0.697110,0.697110,0.696980,0.697010
1559889060,0.697000,0.697000,0.696950,0.696960
1559889120,0.696940,0.696940,0.696810,0.696880
1559889180,0.696870,0.696900,0.696840,0.696890
1559889240,0.696890,0.696970,0.696860,0.696950
1559889300,0.696960,0.697090,0.696940,0.697090
1559889360,0.697100,0.697180,0.697090,0.697160
1559889420,0.697150,0.697180,0.697140,0.697150
1559889480,0.697150,0.697160,0.697120,0.697130
1559889540,0.697130,0.697160,0.697130,0.697160
1559889600,0.697150,0.697340,0.697130,0.697280
1559889660,0.697270,0.697270,0.697220,0.697230
1559889720,0.697230,0.697270,0.697230,0.697270
1559889780,0.697260,0.697340,0.697220,0.697340
1559889840,0.697330,0.697330,0.697260,0.697270
1559889900,0.697270,0.697270,0.697180,0.697240
1559889960,0.697240,0.697260,0.697170,0.697180
1559890020,0.697180,0.697250,0.697140,0.697210
1559890080,0.697210,0.697210,0.697130,0.697140
1559890140,0.697140,0.697290,0.697140,0.697270
1559890200,0.697260,0.697280,0.697240,0.697250
1559890260,0.697260,0.697320,0.697250,0.697270
1559890320,0.697270,0.697290,0.697240,0.697260
1559890380,0.697280,0.697340,0.697270,0.697290
1559890440,0.697290,0.697340,0.697240,0.697250
1559890500,0.697250,0.697350,0.697250,0.697340
1559890560,0.697340,0.697480,0.697310,0.697400
1559890620,0.697390,0.697420,0.697340,0.697350
1559890680,0.697350,0.697380,0.697340,0.697350
1559890740,0.697340,0.697340,0.697240,0.697260
1559890800,0.697250,0.697370,0.697240,0.697240
1559890860,0.697240,0.697250,0.697230,0.697240
1559890920,0.697230,0.697250,0.697220,0.697230
1559890980,0.697240,0.697410,0.697240,0.697380
1559891040,0.697380,0.697440,0.697380,0.697380
1559891100,0.697380,0.697520,0.697380,0.697440
1559891160,0.697470,0.697480,0.697440,0.697450
1559891220,0.697440,0.697450,0.697330,0.697430
1559891280,0.697430,0.697490,0.697430,0.697480
1559891340,0.697490,0.697490,0.697440,0.697460
1559891400,0.697460,0.697470,0.697440,0.697450
1559891460,0.697460,0.697490,0.697440,0.697470
1559891520,0.697490,0.697530,0.697430,0.697440
1559891580,0.697430,0.697530,0.697430,0.697490
1559891640,0.697520,0.697590,0.697490,0.697580
1559891700,0.697590,0.697650,0.697570,0.697650
1559891760,0.697670,0.697700,0.697650,0.697680
1559891820,0.697670,0.697680,0.697610,0.697650
1559891880,0.697650,0.697740,0.697640,0.697700
1559891940,0.697720,0.697810,0.697720,0.697790
1559892000,0.697790,0.697790,0.697590,0.697590
1559892060,0.697580,0.697640,0.697550,0.697630
1559892120,0.697630,0.697630,0.697540,0.697540
1559892180,0.697540,0.697650,0.697530,0.697620
1559892240,0.697620,0.697620,0.697550,0.697600
1559892300,0.697590,0.697590,0.697560,0.697570
1559892360,0.697580,0.697580,0.697550,0.697570
1559892420,0.697560,0.697650,0.697560,0.697600
1559892480,0.697620,0.697650,0.697540,0.697630
1559892540,0.697640,0.697640,0.697500,0.697550
1559892600,0.697590,0.697610,0.697490,0.697610
1559892660,0.697600,0.697630,0.697570,0.697570
1559892720,0.697570,0.697660,0.697560,0.697650
1559892780,0.697640,0.697650,0.697570,0.697600
1559892840,0.697620,0.697620,0.697560,0.697570
1559892900,0.697570,0.697570,0.697490,0.697560
1559892960,0.697560,0.697600,0.697550,0.697570
1559893020,0.697580,0.697600,0.697550,0.697570
1559893080,0.697570,0.697590,0.697440,0.697450
1559893140,0.697460,0.697640,0.697450,0.697600
1559893200,0.697600,0.697600,0.697550,0.697550
1559893260,0.697550,0.697560,0.697490,0.697490
1559893320,0.697500,0.697540,0.697440,0.697440
1559893380,0.697450,0.697500,0.697380,0.697500
1559893440,0.697530,0.697540,0.697450,0.697470
1559893500,0.697470,0.697470,0.697430,0.697440
1559893560,0.697440,0.697540,0.697440,0.697530
1559893620,0.697540,0.697540,0.697450,0.697500
1559893680,0.697490,0.697540,0.697460,0.697470
1559893740,0.697470,0.697490,0.697440,0.697450
1559893800,0.697460,0.697460,0.697430,0.697450
1559893860,0.697450,0.697450,0.697380,0.697390
1559893920,0.697420,0.697450,0.697390,0.697450
1559893980,0.697440,0.697440,0.697330,0.697350
1559894040,0.697350,0.697380,0.697330,0.697370
1559894100,0.697380,0.697460,0.697380,0.697430
1559894160,0.697450,0.697460,0.697390,0.697390
1559894220,0.697410,0.697410,0.697320,0.697350
1559894280,0.697340,0.697350,0.697280,0.697340
1559894340,0.697330,0.697340,0.697280,0.697340
1559894400,0.697330,0.697330,0.697230,0.697230
1559894460,0.697220,0.697280,0.697010,0.697010
1559894520,0.697030,0.697070,0.696880,0.696880
1559894580,0.696890,0.696960,0.696880,0.696960
1559894640,0.696960,0.697050,0.696900,0.697050
1559894700,0.697060,0.697150,0.696990,0.697130
1559894760,0.697130,0.697160,0.697110,0.697150
1559894820,0.697140,0.697260,0.697140,0.697230
1559894880,0.697230,0.697280,0.697230,0.697240
1559894940,0.697250,0.697350,0.697240,0.697270
1559895000,0.697280,0.697280,0.697170,0.697180
1559895060,0.697180,0.697190,0.697090,0.697140
1559895120,0.697140,0.697140,0.697080,0.697130
1559895180,0.697130,0.697200,0.697130,0.697190
1559895240,0.697180,0.697240,0.697170,0.697220
1559895300,0.697210,0.697240,0.697180,0.697200
1559895360,0.697200,0.697200,0.697080,0.697170
1559895420,0.697150,0.697230,0.697120,0.697170
1559895480,0.697160,0.697160,0.697090,0.697160
1559895540,0.697150,0.697220,0.697150,0.697160
1559895600,0.697160,0.697160,0.697040,0.697050
1559895660,0.697050,0.697050,0.697040,0.697050
1559895720,0.697070,0.697120,0.697030,0.697030
1559895780,0.697050,0.697060,0.697020,0.697040
1559895840,0.697040,0.697040,0.696940,0.696940
1559895900,0.696950,0.696950,0.696830,0.696890
1559895960,0.696900,0.696930,0.696850,0.696930
1559896020,0.696930,0.696950,0.696860,0.696930
1559896080,0.696930,0.697060,0.696890,0.697040
1559896140,0.697060,0.697080,0.697030,0.697060
1559896200,0.697060,0.697060,0.696990,0.697000
1559896260,0.697000,0.697020,0.696950,0.696990
1559896320,0.696990,0.697040,0.696990,0.697030
1559896380,0.697040,0.697080,0.697030,0.697070
1559896440,0.697080,0.697140,0.697080,0.697140
1559896500,0.697130,0.697130,0.697050,0.697060
1559896560,0.697040,0.697060,0.696770,0.696840
1559896620,0.696830,0.696850,0.696780,0.696800
1559896680,0.696820,0.696830,0.696760,0.696790
1559896740,0.696790,0.696850,0.696770,0.696850
1559896800,0.696850,0.696950,0.696840,0.696930
1559896860,0.696920,0.696940,0.696920,0.696930
1559896920,0.696920,0.696960,0.696920,0.696950
1559896980,0.696940,0.696950,0.696940,0.696940
1559897040,0.696940,0.696970,0.696940,0.696970
1559897100,0.696960,0.697040,0.696950,0.696990
1559897160,0.697000,0.697040,0.696990,0.697040
1559897220,0.697040,0.697090,0.697040,0.697080
1559897280,0.697080,0.697080,0.697020,0.697040
1559897340,0.697030,0.697120,0.696990,0.697120
1559897400,0.697120,0.697160,0.697080,0.697110
1559897460,0.697100,0.697110,0.697090,0.697110
1559897520,0.697100,0.697110,0.697100,0.697110
1559897580,0.697100,0.697110,0.697100,0.697110
1559897640,0.697100,0.697100,0.697000,0.697030
1559897700,0.697030,0.697030,0.696970,0.696970
1559897760,0.696980,0.697010,0.696980,0.696990
1559897820,0.696980,0.697080,0.696960,0.697080
1559897880,0.697050,0.697110,0.697050,0.697110
1559897940,0.697100,0.697170,0.697070,0.697140
1559898000,0.697140,0.697210,0.697090,0.697180
1559898060,0.697180,0.697210,0.697150,0.697210
1559898120,0.697200,0.697210,0.697160,0.697170
1559898180,0.697180,0.697190,0.697160,0.697180
1559898240,0.697180,0.697180,0.697090,0.697090
1559898300,0.697090,0.697150,0.697090,0.697140
1559898360,0.697150,0.697150,0.697090,0.697090
1559898420,0.697090,0.697120,0.697090,0.697110
1559898480,0.697110,0.697110,0.697090,0.697090
1559898540,0.697100,0.697170,0.697090,0.697160
1559898600,0.697160,0.697170,0.697150,0.697160
1559898660,0.697170,0.697170,0.697150,0.697150
1559898720,0.697130,0.697130,0.697050,0.697050
1559898780,0.697050,0.697050,0.696990,0.696990
1559898840,0.697010,0.697040,0.696990,0.697000
1559898900,0.697000,0.697050,0.696990,0.697010
1559898960,0.697020,0.697020,0.696980,0.696990
1559899020,0.696990,0.696990,0.696980,0.696990
1559899080,0.697000,0.697000,0.696990,0.696990
1559899140,0.696990,0.697000,0.696990,0.697000
1559899200,0.697000,0.697080,0.697000,0.697070
1559899260,0.697070,0.697090,0.697060,0.697070
1559899320,0.697060,0.697090,0.697060,0.697090
1559899380,0.697090,0.697090,0.697000,0.697000
1559899440,0.697000,0.697010,0.696990,0.696990
1559899500,0.696990,0.697000,0.696980,0.696990
1559899560,0.696990,0.696990,0.696910,0.696980
1559899620,0.696980,0.697000,0.696970,0.697000
1559899680,0.696990,0.697030,0.696980,0.697010
1559899740,0.697000,0.697070,0.697000,0.697040
1559899800,0.697030,0.697070,0.696990,0.697050
1559899860,0.697050,0.697050,0.697010,0.697010
1559899920,0.697030,0.697040,0.696980,0.696980
1559899980,0.696980,0.697000,0.696980,0.697000
1559900040,0.697000,0.697000,0.696890,0.696890
1559900100,0.696890,0.696920,0.696880,0.696880
1559900160,0.696900,0.696910,0.696890,0.696900
1559900220,0.696900,0.696900,0.696890,0.696900
1559900280,0.696890,0.696900,0.696790,0.696800
1559900340,0.696800,0.696810,0.696790,0.696800
1559900400,0.696800,0.696810,0.696700,0.696710
1559900460,0.696710,0.696760,0.696700,0.696720
1559900520,0.696710,0.696760,0.696700,0.696730
1559900580,0.696710,0.696740,0.696700,0.696700
1559900640,0.696700,0.696710,0.696670,0.696700
1559900700,0.696690,0.696700,0.696690,0.696690
1559900760,0.696700,0.696700,0.696670,0.696690
1559900820,0.696680,0.696700,0.696680,0.696680
1559900880,0.696680,0.696680,0.696590,0.696610
1559900940,0.696610,0.696700,0.696590,0.696670
1559901000,0.696680,0.696700,0.696640,0.696650
1559901060,0.696660,0.696670,0.696590,0.696670
1559901120,0.696670,0.696670,0.696590,0.696600
1559901180,0.696590,0.696600,0.696580,0.696600
1559901240,0.696650,0.696660,0.696600,0.696620
1559901300,0.696630,0.696670,0.696610,0.696630
1559901360,0.696630,0.696680,0.696630,0.696670
1559901420,0.696660,0.696670,0.696610,0.696610
1559901480,0.696620,0.696620,0.696500,0.696600
1559901540,0.696610,0.696610,0.696530,0.696530
1559901600,0.696530,0.696540,0.696390,0.696390
1559901660,0.696390,0.696450,0.696370,0.696370
1559901720,0.696370,0.696470,0.696370,0.696470
1559901780,0.696470,0.696500,0.696440,0.696500
1559901840,0.696500,0.696510,0.696500,0.696500
1559901900,0.696530,0.696570,0.696490,0.696500
1559901960,0.696510,0.696570,0.696500,0.696560
1559902020,0.696570,0.696600,0.696510,0.696570
1559902080,0.696570,0.696640,0.696560,0.696640
1559902140,0.696630,0.696740,0.696590,0.696730
1559902200,0.696680,0.696710,0.696670,0.696690
1559902260,0.696700,0.696700,0.696680,0.696690
1559902320,0.696700,0.696700,0.696690,0.696690
1559902380,0.696690,0.696760,0.696680,0.696700
1559902440,0.696700,0.696740,0.696680,0.696690
1559902500,0.696750,0.696760,0.696700,0.696760
1559902560,0.696750,0.696760,0.696700,0.696710
1559902620,0.696720,0.696720,0.696600,0.696630
1559902680,0.696630,0.696670,0.696610,0.696660
1559902740,0.696700,0.696780,0.696700,0.696750
1559902800,0.696760,0.696760,0.696720,0.696750
1559902860,0.696750,0.696760,0.696730,0.696760
1559902920,0.696770,0.696770,0.696750,0.696750
1559902980,0.696750,0.696750,0.696660,0.696730
1559903040,0.696750,0.696760,0.696730,0.696760
1559903100,0.696760,0.696780,0.696710,0.696740
1559903160,0.696760,0.696780,0.696730,0.696750
1559903220,0.696750,0.696760,0.696730,0.696750
1559903280,0.696750,0.696780,0.696730,0.696770
1559903340,0.696780,0.696780,0.696760,0.696760
1559903400,0.696750,0.696760,0.696680,0.696730
1559903460,0.696730,0.696730,0.696630,0.696630
1559903520,0.696650,0.696670,0.696640,0.696650
1559903580,0.696650,0.696650,0.696570,0.696570
1559903640,0.696580,0.696650,0.696580,0.696640
1559903700,0.696650,0.696720,0.696630,0.696720
1559903760,0.696740,0.696770,0.696730,0.696760
1559903820,0.696760,0.696780,0.696740,0.696780
1559903880,0.696770,0.696850,0.696760,0.696820
1559903940,0.696810,0.696860,0.696800,0.696860
1559904000,0.696860,0.696860,0.696800,0.696860
1559904060,0.696860,0.696860,0.696800,0.696860
1559904120,0.696850,0.696910,0.696850,0.696890
1559904180,0.696900,0.696900,0.696870,0.696890
1559904240,0.696900,0.696900,0.696800,0.696830
1559904300,0.696820,0.696880,0.696800,0.696860
1559904360,0.696870,0.696880,0.696830,0.696860
1559904420,0.696860,0.696890,0.696850,0.696880
1559904480,0.696870,0.696910,0.696860,0.696860
1559904540,0.696870,0.696890,0.696850,0.696860
1559904600,0.696860,0.696980,0.696860,0.696980
1559904660,0.696980,0.696980,0.696900,0.696920
1559904720,0.696910,0.696990,0.696900,0.696970
1559904780,0.696960,0.696980,0.696900,0.696900
1559904840,0.696900,0.696960,0.696900,0.696950
1559904900,0.696950,0.696960,0.696930,0.696950
1559904960,0.696930,0.696930,0.696890,0.696890
1559905020,0.696910,0.696960,0.696880,0.696900
1559905080,0.696890,0.696910,0.696880,0.696880
1559905140,0.696880,0.696890,0.696840,0.696860
1559905200,0.696850,0.696880,0.696850,0.696860
1559905260,0.696850,0.696870,0.696850,0.696870
1559905320,0.696850,0.696950,0.696850,0.696900
1559905380,0.696910,0.696910,0.696870,0.696880
1559905440,0.696880,0.696890,0.696850,0.696860
1559905500,0.696850,0.696880,0.696850,0.696870
1559905560,0.696880,0.696880,0.696860,0.696880
1559905620,0.696880,0.696950,0.696870,0.696910
1559905680,0.696920,0.696990,0.696920,0.696960
1559905740,0.696950,0.697000,0.696940,0.697000
1559905800,0.697000,0.697000,0.696940,0.696940
1559905860,0.696960,0.697050,0.696960,0.697020
1559905920,0.697030,0.697040,0.696980,0.697010
1559905980,0.697000,0.697020,0.696970,0.696970
1559906040,0.696970,0.697000,0.696960,0.696990
1559906100,0.696990,0.697000,0.696930,0.697000
1559906160,0.697010,0.697120,0.697010,0.697090
1559906220,0.697080,0.697150,0.697060,0.697070
1559906280,0.697070,0.697120,0.697040,0.697110
1559906340,0.697100,0.697120,0.697100,0.697110
1559906400,0.697110,0.697130,0.697100,0.697110
1559906460,0.697110,0.697110,0.697060,0.697080
1559906520,0.697080,0.697100,0.697060,0.697060
1559906580,0.697090,0.697100,0.697050,0.697050
1559906640,0.697060,0.697100,0.697050,0.697050
1559906700,0.697050,0.697130,0.697050,0.697100
1559906760,0.697090,0.697100,0.697060,0.697090
1559906820,0.697090,0.697100,0.697050,0.697060
1559906880,0.697060,0.697090,0.697060,0.697080
1559906940,0.697080,0.697100,0.697060,0.697100
1559907000,0.697110,0.697110,0.697070,0.697070
1559907060,0.697070,0.697070,0.696960,0.696960
1559907120,0.696960,0.696980,0.696960,0.696970
1559907180,0.696970,0.697160,0.696970,0.697040
1559907240,0.697040,0.697060,0.697010,0.697010
1559907300,0.697010,0.697010,0.696970,0.696990
1559907360,0.696980,0.696980,0.696940,0.696940
1559907420,0.696950,0.696950,0.696870,0.696870
1559907480,0.696870,0.696880,0.696870,0.696880
1559907540,0.696880,0.696950,0.696870,0.696890
1559907600,0.696890,0.696890,0.696840,0.696840
1559907660,0.696840,0.696860,0.696840,0.696840
1559907720,0.696830,0.696850,0.696780,0.696800
1559907780,0.696820,0.696900,0.696800,0.696830
1559907840,0.696840,0.696870,0.696830,0.696840
1559907900,0.696850,0.696850,0.696750,0.696800
1559907960,0.696800,0.696860,0.696790,0.696810
1559908020,0.696860,0.696890,0.696820,0.696880
1559908080,0.696870,0.696890,0.696850,0.696880
1559908140,0.696880,0.696900,0.696870,0.696900
1559908200,0.696900,0.696900,0.696850,0.696870
1559908260,0.696870,0.696890,0.696860,0.696880
1559908320,0.696890,0.696890,0.696820,0.696870
1559908380,0.696860,0.696910,0.696860,0.696880
1559908440,0.696880,0.696880,0.696800,0.696810
1559908500,0.696800,0.696900,0.696800,0.696850
1559908560,0.696860,0.696890,0.696800,0.696850
1559908620,0.696850,0.696860,0.696770,0.696800
1559908680,0.696840,0.696860,0.696800,0.696820
1559908740,0.696810,0.696870,0.696790,0.696810
1559908800,0.696840,0.696860,0.696780,0.696780
1559908860,0.696780,0.696840,0.696780,0.696810
1559908920,0.696810,0.696860,0.696760,0.696760
1559908980,0.696750,0.696810,0.696750,0.696800
1559909040,0.696800,0.696810,0.696760,0.696790
1559909100,0.696800,0.696800,0.696760,0.696760
1559909160,0.696770,0.696800,0.696760,0.696790
1559909220,0.696790,0.696920,0.696790,0.696900
1559909280,0.696920,0.696960,0.696910,0.696930
1559909340,0.696960,0.696960,0.696890,0.696910
1559909400,0.696910,0.696980,0.696860,0.696880
1559909460,0.696870,0.696950,0.696870,0.696890
1559909520,0.696890,0.696960,0.696850,0.696920
1559909580,0.696920,0.696960,0.696870,0.696910
1559909640,0.696900,0.696980,0.696890,0.696960
1559909700,0.696950,0.696990,0.696940,0.696960
1559909760,0.696970,0.697010,0.696930,0.696940
1559909820,0.696950,0.696980,0.696890,0.696900
1559909880,0.696900,0.696960,0.696870,0.696870
1559909940,0.696880,0.696900,0.696780,0.696870
1559910000,0.696870,0.696940,0.696840,0.696870
1559910060,0.696870,0.696950,0.696840,0.696900
1559910120,0.696930,0.696960,0.696860,0.696870
1559910180,0.696870,0.696940,0.696860,0.696870
1559910240,0.696880,0.696940,0.696840,0.696880
1559910300,0.696880,0.696960,0.696850,0.696900
1559910360,0.696910,0.697010,0.696900,0.696990
1559910420,0.696990,0.696990,0.696900,0.696970
1559910480,0.696970,0.697010,0.696880,0.696880
1559910540,0.696870,0.697270,0.696850,0.696920
1559910600,0.696870,0.698920,0.696860,0.698760
1559910660,0.698730,0.699290,0.698710,0.698940
1559910720,0.698950,0.699160,0.698780,0.698800
1559910780,0.698810,0.699090,0.698750,0.698830
1559910840,0.698820,0.698870,0.698670,0.698750
1559910900,0.698740,0.698880,0.698660,0.698660
1559910960,0.698660,0.699520,0.698630,0.699510
1559911020,0.699520,0.699520,0.699230,0.699300
1559911080,0.699290,0.699420,0.699090,0.699100
1559911140,0.699100,0.699650,0.699100,0.699600
1559911200,0.699600,0.699640,0.699370,0.699510
1559911260,0.699500,0.699620,0.699390,0.699520
1559911320,0.699510,0.699720,0.699400,0.699710
1559911380,0.699710,0.699750,0.699590,0.699670
1559911440,0.699680,0.699720,0.699490,0.699600
1559911500,0.699590,0.699640,0.699450,0.699510
1559911560,0.699510,0.699810,0.699500,0.699810
1559911620,0.699800,0.699930,0.699770,0.699780
1559911680,0.699790,0.699860,0.699650,0.699690
1559911740,0.699680,0.699840,0.699670,0.699820
1559911800,0.699820,0.699960,0.699820,0.699840
1559911860,0.699840,0.699910,0.699680,0.699700
1559911920,0.699680,0.699950,0.699670,0.699830
1559911980,0.699840,0.699960,0.699740,0.699930
1559912040,0.699930,0.699970,0.699870,0.699950
1559912100,0.699950,0.699990,0.699650,0.699670
1559912160,0.699670,0.699750,0.699430,0.699440
1559912220,0.699450,0.699570,0.699260,0.699360
1559912280,0.699350,0.699620,0.699330,0.699600
1559912340,0.699600,0.699730,0.699380,0.699450
1559912400,0.699450,0.699510,0.699230,0.699230
1559912460,0.699230,0.699260,0.699140,0.699150
1559912520,0.699130,0.699350,0.699120,0.699200
1559912580,0.699200,0.699260,0.699060,0.699120
1559912640,0.699130,0.699280,0.699050,0.699240
1559912700,0.699230,0.699550,0.699160,0.699490
1559912760,0.699490,0.699490,0.699260,0.699280
1559912820,0.699280,0.699400,0.699270,0.699380
1559912880,0.699370,0.699540,0.699330,0.699460
1559912940,0.699460,0.699680,0.699440,0.699610
1559913000,0.699610,0.699630,0.699470,0.699510
1559913060,0.699510,0.699660,0.699480,0.699600
1559913120,0.699590,0.699610,0.699490,0.699580
1559913180,0.699570,0.699680,0.699530,0.699610
1559913240,0.699600,0.699760,0.699550,0.699670
1559913300,0.699670,0.699800,0.699660,0.699660
1559913360,0.699660,0.699790,0.699660,0.699750
1559913420,0.699750,0.699790,0.699670,0.699690
1559913480,0.699690,0.699820,0.699580,0.699820
1559913540,0.699820,0.699900,0.699790,0.699810
1559913600,0.699810,0.699850,0.699750,0.699800
1559913660,0.699810,0.699820,0.699670,0.699730
1559913720,0.699730,0.699780,0.699670,0.699670
1559913780,0.699680,0.699710,0.699580,0.699690
1559913840,0.699690,0.699750,0.699570,0.699590
1559913900,0.699600,0.699650,0.699540,0.699570
1559913960,0.699560,0.699610,0.699490,0.699610
1559914020,0.699620,0.699700,0.699610,0.699670
1559914080,0.699670,0.699710,0.699640,0.699640
1559914140,0.699640,0.699660,0.699540,0.699580
1559914200,0.699600,0.699670,0.699440,0.699440
1559914260,0.699430,0.699440,0.699160,0.699230
1559914320,0.699220,0.699350,0.699160,0.699320
1559914380,0.699300,0.699370,0.699150,0.699230
1559914440,0.699230,0.699330,0.699160,0.699320
1559914500,0.699320,0.699570,0.699320,0.699540
1559914560,0.699540,0.699690,0.699520,0.699660
1559914620,0.699650,0.699680,0.699530,0.699530
1559914680,0.699530,0.699620,0.699440,0.699580
1559914740,0.699560,0.699660,0.699530,0.699580
1559914800,0.699570,0.699760,0.699570,0.699740
1559914860,0.699740,0.699790,0.699710,0.699760
1559914920,0.699760,0.699940,0.699730,0.699910
1559914980,0.699890,0.700150,0.699870,0.700000
1559915040,0.700000,0.700000,0.699900,0.699900
1559915100,0.699920,0.700050,0.699910,0.700000
1559915160,0.700000,0.700050,0.699890,0.699890
1559915220,0.699890,0.700140,0.699890,0.700140
1559915280,0.700130,0.700150,0.700120,0.700130
1559915340,0.700130,0.700130,0.699750,0.699770
1559915400,0.699770,0.699840,0.699730,0.699830
1559915460,0.699840,0.699930,0.699830,0.699850
1559915520,0.699850,0.699930,0.699780,0.699920
1559915580,0.699930,0.699930,0.699870,0.699880
1559915640,0.699930,0.700030,0.699920,0.699960
1559915700,0.699970,0.700120,0.699970,0.700120
1559915760,0.700120,0.700220,0.700080,0.700150
1559915820,0.700160,0.700260,0.700090,0.700090
1559915880,0.700090,0.700170,0.700070,0.700140
1559915940,0.700130,0.700190,0.699940,0.700010
1559916000,0.700010,0.700130,0.699880,0.700040
1559916060,0.700050,0.700200,0.700050,0.700140
1559916120,0.700140,0.700250,0.700110,0.700150
1559916180,0.700170,0.700300,0.700170,0.700280
1559916240,0.700280,0.700350,0.700250,0.700350
1559916300,0.700340,0.700720,0.700320,0.700610
1559916360,0.700590,0.700680,0.700480,0.700610
1559916420,0.700620,0.700770,0.700570,0.700770
1559916480,0.700750,0.700910,0.700730,0.700900
1559916540,0.700900,0.700920,0.700820,0.700870
1559916600,0.700870,0.700960,0.700740,0.700760
1559916660,0.700750,0.700830,0.700700,0.700800
1559916720,0.700810,0.700870,0.700730,0.700750
1559916780,0.700740,0.700740,0.700580,0.700610
1559916840,0.700610,0.700720,0.700590,0.700700
1559916900,0.700750,0.700810,0.700680,0.700790
1559916960,0.700820,0.700840,0.700630,0.700750
1559917020,0.700760,0.700940,0.700760,0.700860
1559917080,0.700860,0.701130,0.700860,0.701110
1559917140,0.701130,0.701390,0.700990,0.701300
1559917200,0.701300,0.701480,0.701290,0.701400
1559917260,0.701400,0.701420,0.701110,0.701130
1559917320,0.701110,0.701200,0.700980,0.701070
1559917380,0.701070,0.701180,0.701050,0.701130
1559917440,0.701140,0.701300,0.701130,0.701280
1559917500,0.701280,0.701320,0.701080,0.701100
1559917560,0.701080,0.701170,0.701070,0.701130
1559917620,0.701130,0.701150,0.701020,0.701060
1559917680,0.701050,0.701330,0.701020,0.701330
1559917740,0.701340,0.701370,0.701270,0.701290
1559917800,0.701290,0.701440,0.701270,0.701390
1559917860,0.701380,0.701580,0.701380,0.701580
1559917920,0.701570,0.701680,0.701530,0.701610
1559917980,0.701600,0.701670,0.701560,0.701670
1559918040,0.701680,0.701750,0.701650,0.701660
1559918100,0.701660,0.701700,0.701600,0.701640
1559918160,0.701640,0.701720,0.701590,0.701590
1559918220,0.701590,0.701640,0.701570,0.701570
1559918280,0.701590,0.701650,0.701540,0.701590
1559918340,0.701600,0.701690,0.701540,0.701600
1559918400,0.701580,0.701580,0.701430,0.701440
1559918460,0.701430,0.701450,0.701280,0.701350
1559918520,0.701350,0.701390,0.701240,0.701270
1559918580,0.701280,0.701450,0.701250,0.701430
1559918640,0.701430,0.701500,0.701430,0.701460
1559918700,0.701450,0.701510,0.701370,0.701460
1559918760,0.701500,0.701600,0.701430,0.701580
1559918820,0.701580,0.701690,0.701540,0.701690
1559918880,0.701690,0.701760,0.701670,0.701730
1559918940,0.701730,0.701990,0.701730,0.701940
1559919000,0.701940,0.702180,0.701860,0.702070
1559919060,0.702070,0.702070,0.701890,0.701910
1559919120,0.701920,0.702050,0.701900,0.702040
1559919180,0.702040,0.702050,0.701950,0.701990
1559919240,0.701970,0.702030,0.701890,0.701890
1559919300,0.701880,0.701880,0.701620,0.701620
1559919360,0.701620,0.701620,0.701440,0.701440
1559919420,0.701450,0.701460,0.701120,0.701180
1559919480,0.701180,0.701330,0.701070,0.701290
1559919540,0.701290,0.701340,0.701200,0.701300
1559919600,0.701300,0.701340,0.701240,0.701290
1559919660,0.701270,0.701460,0.701250,0.701440
1559919720,0.701440,0.701630,0.701370,0.701530
1559919780,0.701540,0.701540,0.701430,0.701450
1559919840,0.701460,0.701610,0.701460,0.701490
1559919900,0.701490,0.701490,0.701430,0.701430
1559919960,0.701430,0.701470,0.701360,0.701380
1559920020,0.701370,0.701390,0.701310,0.701330
1559920080,0.701340,0.701510,0.701330,0.701470
1559920140,0.701480,0.701500,0.701420,0.701490
1559920200,0.701530,0.701560,0.701500,0.701540
1559920260,0.701540,0.701560,0.701420,0.701530
1559920320,0.701520,0.701570,0.701510,0.701520
1559920380,0.701510,0.701510,0.701340,0.701370
1559920440,0.701420,0.701470,0.701400,0.701420
1559920500,0.701430,0.701470,0.701340,0.701360
1559920560,0.701360,0.701370,0.701280,0.701320
1559920620,0.701320,0.701410,0.701310,0.701410
1559920680,0.701410,0.701440,0.701320,0.701330
1559920740,0.701330,0.701360,0.701310,0.701360
1559920800,0.701360,0.701360,0.701220,0.701270
1559920860,0.701270,0.701280,0.701240,0.701270
1559920920,0.701270,0.701270,0.701230,0.701230
1559920980,0.701220,0.701230,0.701120,0.701120
1559921040,0.701120,0.701170,0.701090,0.701100
1559921100,0.701100,0.701170,0.701030,0.701100
1559921160,0.701100,0.701160,0.700990,0.701000
1559921220,0.701020,0.701070,0.700960,0.700990
1559921280,0.700970,0.701080,0.700970,0.700990
1559921340,0.700970,0.701030,0.700920,0.700950
1559921400,0.700950,0.701030,0.700910,0.700910
1559921460,0.700910,0.700930,0.700750,0.700750
1559921520,0.700740,0.700760,0.700630,0.700710
1559921580,0.700720,0.700780,0.700710,0.700720
1559921640,0.700750,0.700790,0.700710,0.700770
1559921700,0.700750,0.700900,0.700730,0.700740
1559921760,0.700760,0.700850,0.700740,0.700850
1559921820,0.700850,0.700850,0.700750,0.700750
1559921880,0.700740,0.700770,0.700720,0.700720
1559921940,0.700740,0.700800,0.700720,0.700720
1559922000,0.700730,0.700740,0.700640,0.700730
1559922060,0.700730,0.700740,0.700630,0.700630
1559922120,0.700610,0.700630,0.700520,0.700560
1559922180,0.700580,0.700660,0.700560,0.700630
1559922240,0.700630,0.700650,0.700620,0.700650
1559922300,0.700660,0.700740,0.700640,0.700730
1559922360,0.700740,0.700740,0.700660,0.700670
1559922420,0.700680,0.700740,0.700680,0.700730
1559922480,0.700730,0.700730,0.700550,0.700580
1559922540,0.700580,0.700660,0.700580,0.700650
1559922600,0.700640,0.700650,0.700550,0.700640
1559922660,0.700650,0.700720,0.700630,0.700670
1559922720,0.700650,0.700650,0.700540,0.700560
1559922780,0.700550,0.700570,0.700470,0.700560
1559922840,0.700560,0.700570,0.700460,0.700550
1559922900,0.700570,0.700570,0.700330,0.700350
1559922960,0.700340,0.700380,0.700280,0.700310
1559923020,0.700290,0.700290,0.700060,0.700090
1559923080,0.700090,0.700230,0.700090,0.700170
1559923140,0.700180,0.700240,0.700170,0.700170
1559923200,0.700170,0.700170,0.700120,0.700130
1559923260,0.700130,0.700230,0.700130,0.700230
1559923320,0.700230,0.700250,0.700170,0.700220
1559923380,0.700220,0.700220,0.700060,0.700120
1559923440,0.700120,0.700250,0.700120,0.700250
1559923500,0.700260,0.700340,0.700240,0.700340
1559923560,0.700330,0.700370,0.700320,0.700330
1559923620,0.700340,0.700440,0.700340,0.700440
1559923680,0.700430,0.700430,0.700410,0.700410
1559923740,0.700420,0.700430,0.700410,0.700420
1559923800,0.700420,0.700460,0.700390,0.700430
1559923860,0.700440,0.700450,0.700430,0.700440
1559923920,0.700430,0.700460,0.700360,0.700440
1559923980,0.700440,0.700460,0.700370,0.700430
1559924040,0.700440,0.700480,0.700420,0.700460
1559924100,0.700460,0.700500,0.700430,0.700440
1559924160,0.700420,0.700470,0.700420,0.700450
1559924220,0.700450,0.700460,0.700420,0.700440
1559924280,0.700440,0.700460,0.700430,0.700440
1559924340,0.700440,0.700510,0.700440,0.700450
1559924400,0.700450,0.700480,0.700430,0.700460
1559924460,0.700460,0.700480,0.700440,0.700480
1559924520,0.700480,0.700480,0.700360,0.700370
1559924580,0.700380,0.700450,0.700370,0.700450
1559924640,0.700440,0.700450,0.700420,0.700420
1559924700,0.700420,0.700430,0.700340,0.700430
1559924760,0.700430,0.700450,0.700390,0.700430
1559924820,0.700430,0.700440,0.700430,0.700430
1559924880,0.700430,0.700490,0.700430,0.700450
1559924940,0.700480,0.700480,0.700420,0.700430
1559925000,0.700430,0.700440,0.700430,0.700440
1559925060,0.700460,0.700570,0.700460,0.700550
1559925120,0.700550,0.700550,0.700430,0.700430
1559925180,0.700430,0.700440,0.700430,0.700430
1559925240,0.700430,0.700450,0.700430,0.700450
1559925300,0.700450,0.700530,0.700450,0.700470
1559925360,0.700490,0.700530,0.700460,0.700460
1559925420,0.700480,0.700480,0.700400,0.700440
1559925480,0.700430,0.700520,0.700430,0.700470
1559925540,0.700460,0.700500,0.700450,0.700500
1559925600,0.700490,0.700580,0.700480,0.700560
1559925660,0.700580,0.700590,0.700540,0.700540
1559925720,0.700550,0.700560,0.700510,0.700550
1559925780,0.700530,0.700580,0.700530,0.700550
1559925840,0.700550,0.700560,0.700530,0.700550
1559925900,0.700550,0.700550,0.700480,0.700490
1559925960,0.700480,0.700570,0.700480,0.700550
1559926020,0.700540,0.700540,0.700470,0.700510
1559926080,0.700530,0.700550,0.700500,0.700550
1559926140,0.700550,0.700590,0.700550,0.700590
1559926200,0.700600,0.700650,0.700580,0.700630
1559926260,0.700630,0.700640,0.700590,0.700600
1559926320,0.700600,0.700610,0.700570,0.700590
1559926380,0.700590,0.700640,0.700590,0.700600
1559926440,0.700630,0.700640,0.700580,0.700590
1559926500,0.700590,0.700600,0.700440,0.700450
1559926560,0.700430,0.700500,0.700380,0.700480
1559926620,0.700500,0.700630,0.700490,0.700620
1559926680,0.700620,0.700680,0.700580,0.700680
1559926740,0.700690,0.700750,0.700680,0.700680
1559926800,0.700680,0.700750,0.700670,0.700730
1559926860,0.700730,0.700780,0.700670,0.700740
1559926920,0.700740,0.700840,0.700740,0.700830
1559926980,0.700830,0.700870,0.700780,0.700780
1559927040,0.700770,0.700770,0.700730,0.700740
1559927100,0.700720,0.700740,0.700680,0.700690
1559927160,0.700680,0.700760,0.700670,0.700750
1559927220,0.700750,0.700790,0.700750,0.700770
1559927280,0.700770,0.700770,0.700710,0.700720
1559927340,0.700720,0.700790,0.700720,0.700790
1559927400,0.700780,0.700800,0.700780,0.700790
1559927460,0.700780,0.700780,0.700690,0.700690
1559927520,0.700710,0.700790,0.700690,0.700770
1559927580,0.700780,0.700800,0.700760,0.700780
1559927640,0.700780,0.700790,0.700730,0.700760
1559927700,0.700760,0.700760,0.700690,0.700690
1559927760,0.700690,0.700690,0.700680,0.700690
1559927820,0.700700,0.700770,0.700640,0.700670
1559927880,0.700670,0.700700,0.700600,0.700670
1559927940,0.700660,0.700660,0.700580,0.700590
1559928000,0.700600,0.700650,0.700580,0.700610
1559928060,0.700600,0.700600,0.700500,0.700550
1559928120,0.700550,0.700590,0.700470,0.700470
1559928180,0.700490,0.700510,0.700470,0.700480
1559928240,0.700480,0.700510,0.700430,0.700430
1559928300,0.700430,0.700470,0.700390,0.700400
1559928360,0.700390,0.700420,0.700300,0.700340
1559928420,0.700350,0.700370,0.700320,0.700370
1559928480,0.700380,0.700400,0.700310,0.700340
1559928540,0.700340,0.700430,0.700320,0.700380
1559928600,0.700380,0.700400,0.700330,0.700340
1559928660,0.700340,0.700350,0.700300,0.700330
1559928720,0.700320,0.700330,0.700230,0.700230
1559928780,0.700230,0.700250,0.700150,0.700170
1559928840,0.700190,0.700240,0.700190,0.700190
1559928900,0.700200,0.700250,0.700200,0.700250
1559928960,0.700250,0.700330,0.700250,0.700330
1559929020,0.700340,0.700350,0.700330,0.700350
1559929080,0.700340,0.700460,0.700340,0.700450
1559929140,0.700470,0.700500,0.700440,0.700440
1559929200,0.700440,0.700460,0.700400,0.700430
1559929260,0.700430,0.700480,0.700430,0.700450
1559929320,0.700450,0.700450,0.700300,0.700310
1559929380,0.700310,0.700350,0.700300,0.700330
1559929440,0.700330,0.700360,0.700320,0.700340
1559929500,0.700340,0.700360,0.700270,0.700310
1559929560,0.700310,0.700470,0.700300,0.700470
1559929620,0.700460,0.700480,0.700460,0.700480
1559929680,0.700480,0.700480,0.700450,0.700480
1559929740,0.700480,0.700490,0.700450,0.700450
1559929800,0.700450,0.700470,0.700450,0.700470
1559929860,0.700470,0.700470,0.700440,0.700450
1559929920,0.700440,0.700460,0.700440,0.700450
1559929980,0.700460,0.700470,0.700460,0.700470
1559930040,0.700470,0.700540,0.700440,0.700530
1559930100,0.700530,0.700580,0.700490,0.700550
1559930160,0.700560,0.700670,0.700550,0.700660
1559930220,0.700670,0.700760,0.700650,0.700750
1559930280,0.700750,0.700760,0.700700,0.700760
1559930340,0.700760,0.700780,0.700740,0.700780
1559930400,0.700780,0.700830,0.700710,0.700740
1559930460,0.700730,0.700770,0.700720,0.700730
1559930520,0.700730,0.700730,0.700650,0.700660
1559930580,0.700660,0.700660,0.700500,0.700550
1559930640,0.700560,0.700560,0.700480,0.700550
1559930700,0.700570,0.700600,0.700520,0.700590
1559930760,0.700580,0.700590,0.700550,0.700560
1559930820,0.700550,0.700560,0.700470,0.700470
1559930880,0.700470,0.700500,0.700470,0.700480
1559930940,0.700490,0.700510,0.700470,0.700490
1559931000,0.700500,0.700510,0.700480,0.700490
1559931060,0.700490,0.700520,0.700480,0.700510
1559931120,0.700520,0.700540,0.700490,0.700500
1559931180,0.700490,0.700520,0.700390,0.700410
1559931240,0.700400,0.700420,0.700290,0.700390
1559931300,0.700390,0.700450,0.700390,0.700430
1559931360,0.700450,0.700520,0.700410,0.700440
1559931420,0.700440,0.700580,0.700430,0.700510
1559931480,0.700520,0.700520,0.700440,0.700490
1559931540,0.700480,0.700510,0.700470,0.700470
1559931600,0.700460,0.700490,0.700440,0.700470
1559931660,0.700480,0.700510,0.700440,0.700480
1559931720,0.700490,0.700500,0.700470,0.700480
1559931780,0.700490,0.700490,0.700480,0.700480
1559931840,0.700480,0.700490,0.700380,0.700400
1559931900,0.700390,0.700400,0.700380,0.700390
1559931960,0.700400,0.700450,0.700310,0.700320
1559932020,0.700360,0.700410,0.700350,0.700410
1559932080,0.700410,0.700410,0.700320,0.700400
1559932140,0.700400,0.700490,0.700390,0.700480
1559932200,0.700470,0.700470,0.700420,0.700420
1559932260,0.700420,0.700420,0.700420,0.700420
1559932320,0.700420,0.700420,0.700410,0.700410
1559932380,0.700410,0.700410,0.700280,0.700300
1559932440,0.700320,0.700330,0.700200,0.700210
1559932500,0.700210,0.700210,0.700150,0.700170
1559932560,0.700140,0.700160,0.700050,0.700070
1559932620,0.700080,0.700180,0.700080,0.700160
1559932680,0.700150,0.700190,0.700140,0.700170
1559932740,0.700170,0.700240,0.700170,0.700240
1559932800,0.700240,0.700270,0.700230,0.700270
1559932860,0.700280,0.700310,0.700270,0.700280
1559932920,0.700280,0.700330,0.700240,0.700300
1559932980,0.700290,0.700370,0.700260,0.700260
1559933040,0.700260,0.700270,0.700180,0.700200
1559933100,0.700240,0.700280,0.700200,0.700260
1559933160,0.700260,0.700310,0.700200,0.700260
1559933220,0.700260,0.700280,0.700250,0.700260
1559933280,0.700270,0.700270,0.700190,0.700190
1559933340,0.700190,0.700190,0.700150,0.700180
1559933400,0.700160,0.700160,0.700030,0.700050
1559933460,0.700060,0.700150,0.700040,0.700050
1559933520,0.700050,0.700110,0.700040,0.700060
1559933580,0.700060,0.700090,0.700040,0.700080
1559933640,0.700070,0.700100,0.700040,0.700090
1559933700,0.700100,0.700220,0.700100,0.700180
1559933760,0.700190,0.700200,0.700180,0.700190
1559933820,0.700190,0.700270,0.700190,0.700270
1559933880,0.700260,0.700270,0.700230,0.700240
1559933940,0.700230,0.700370,0.700230,0.700370
1559934000,0.700380,0.700380,0.700220,0.700240
1559934060,0.700230,0.700280,0.700210,0.700260
1559934120,0.700250,0.700300,0.700240,0.700300
1559934180,0.700310,0.700310,0.700260,0.700290
1559934240,0.700280,0.700280,0.700230,0.700230
1559934300,0.700220,0.700220,0.700170,0.700190
1559934360,0.700180,0.700180,0.700180,0.700180
1559934420,0.700150,0.700150,0.700080,0.700080
1559934480,0.700090,0.700090,0.700050,0.700090
1559934540,0.700110,0.700150,0.700070,0.700070
1559934600,0.700070,0.700070,0.699980,0.700040
1559934660,0.700030,0.700070,0.699950,0.700030
1559934720,0.700040,0.700070,0.700020,0.700030
1559934780,0.700040,0.700060,0.699940,0.699990
1559934840,0.699980,0.700000,0.699940,0.699940
1559934900,0.699950,0.699990,0.699930,0.699940
1559934960,0.699950,0.700080,0.699950,0.699990
1559935020,0.699990,0.700070,0.699950,0.699950
1559935080,0.699950,0.699960,0.699870,0.699880
1559935140,0.699890,0.699910,0.699830,0.699860
1559935200,0.699860,0.699890,0.699780,0.699800
1559935260,0.699790,0.699850,0.699740,0.699780
1559935320,0.699770,0.699790,0.699740,0.699760
1559935380,0.699760,0.699790,0.699690,0.699760
1559935440,0.699760,0.699770,0.699750,0.699750
1559935500,0.699730,0.699790,0.699730,0.699770
1559935560,0.699760,0.699760,0.699750,0.699750
1559935620,0.699750,0.699760,0.699740,0.699760
1559935680,0.699750,0.699860,0.699750,0.699850
1559935740,0.699860,0.699860,0.699830,0.699840
1559935800,0.699830,0.699870,0.699830,0.699840
1559935860,0.699840,0.699880,0.699790,0.699850
1559935920,0.699840,0.699850,0.699780,0.699780
1559935980,0.699780,0.699780,0.699750,0.699780
1559936040,0.699800,0.699890,0.699800,0.699850
1559936100,0.699850,0.699860,0.699830,0.699840
1559936160,0.699840,0.699890,0.699840,0.699860
1559936220,0.699850,0.699860,0.699840,0.699840
1559936280,0.699850,0.699890,0.699840,0.699880
1559936340,0.699850,0.699960,0.699840,0.699890
1559936400,0.699890,0.699940,0.699870,0.699870
1559936460,0.699860,0.699970,0.699860,0.699900
1559936520,0.699890,0.699900,0.699880,0.699900
1559936580,0.699880,0.699940,0.699860,0.699860
1559936640,0.699870,0.699880,0.699830,0.699840
1559936700,0.699840,0.699840,0.699830,0.699830
1559936760,0.699830,0.699830,0.699790,0.699790
1559936820,0.699790,0.699820,0.699780,0.699800
1559936880,0.699800,0.699870,0.699790,0.699850
1559936940,0.699850,0.699860,0.699830,0.699840
1559937000,0.699860,0.699860,0.699780,0.699800
1559937060,0.699810,0.699830,0.699760,0.699760
1559937120,0.699760,0.699820,0.699760,0.699820
1559937180,0.699830,0.699830,0.699790,0.699810
1559937240,0.699820,0.699870,0.699770,0.699780
1559937300,0.699770,0.699800,0.699700,0.699710
1559937360,0.699710,0.699720,0.699700,0.699710
1559937420,0.699710,0.699750,0.699710,0.699740
1559937480,0.699740,0.699780,0.699740,0.699760
1559937540,0.699750,0.699810,0.699700,0.699800
1559937600,0.699760,0.699780,0.699710,0.699760
1559937660,0.699760,0.699790,0.699760,0.699780
1559937720,0.699780,0.699780,0.699780,0.699780
1559937780,0.699770,0.699790,0.699770,0.699790
1559937840,0.699800,0.699800,0.699790,0.699800
1559937960,0.699800,0.699800,0.699790,0.699800
1559938020,0.699800,0.699820,0.699790,0.699790
1559938080,0.699830,0.699910,0.699830,0.699900
1559938140,0.699900,0.699900,0.699810,0.699810
1559938200,0.699820,0.699850,0.699810,0.699850
1559938260,0.699840,0.699850,0.699830,0.699850
1559938320,0.699850,0.699850,0.699840,0.699840
1559938380,0.699850,0.699850,0.699840,0.699850
1559938440,0.699850,0.699860,0.699850,0.699860
1559938500,0.699870,0.699870,0.699850,0.699850
1559938560,0.699870,0.699870,0.699860,0.699860
1559938620,0.699870,0.699870,0.699860,0.699870
1559938680,0.699870,0.699870,0.699860,0.699870
1559938740,0.699870,0.699870,0.699870,0.699870
1559938800,0.699870,0.699870,0.699860,0.699860
1559938860,0.699870,0.699880,0.699860,0.699870
1559938920,0.699870,0.699880,0.699860,0.699870
1559938980,0.699870,0.700000,0.699870,0.700000
1559939040,0.699980,0.699990,0.699970,0.699980
1559939100,0.699990,0.700000,0.699990,0.700000
1559939160,0.699990,0.700070,0.699990,0.700060
1559939220,0.700060,0.700070,0.700060,0.700070
1559939280,0.700070,0.700070,0.699920,0.699930
1559939340,0.699940,0.700030,0.699940,0.700030
1559939400,0.700010,0.700010,0.700000,0.700010
1559939460,0.700010,0.700010,0.700010,0.700010
1559939520,0.700010,0.700010,0.699930,0.699930
1559939580,0.699920,0.699920,0.699870,0.699870
1559939640,0.699860,0.699870,0.699790,0.699790
1559939700,0.699790,0.699850,0.699790,0.699800
1559939760,0.699800,0.699810,0.699790,0.699800
1559939820,0.699800,0.699800,0.699780,0.699780
1559939880,0.699780,0.699780,0.699740,0.699740
1559939940,0.699760,0.699760,0.699740,0.699740
1559940000,0.699740,0.699760,0.699740,0.699750
1559940060,0.699750,0.699750,0.699670,0.699700
1559940120,0.699680,0.699730,0.699680,0.699690
1559940180,0.699690,0.699760,0.699680,0.699740
1559940240,0.699740,0.699750,0.699720,0.699750
1559940300,0.699720,0.699740,0.699700,0.699720
1559940360,0.699730,0.699760,0.699720,0.699720
1559940420,0.699730,0.699730,0.699710,0.699720
1559940480,0.699730,0.699730,0.699720,0.699730
1559940540,0.699730,0.699760,0.699720,0.699740
1559940600,0.699740,0.699740,0.699720,0.699730
1559940660,0.699730,0.699750,0.699720,0.699750
1559940720,0.699750,0.699780,0.699750,0.699780
1559940780,0.699770,0.699780,0.699710,0.699710
1559940840,0.699720,0.699900,0.699720,0.699830
1559940900,0.699830,0.699850,0.699790,0.699850
1559940960,0.699860,0.699900,0.699840,0.699900
1559941020,0.699920,0.699950,0.699890,0.699950
1559941080,0.699900,0.700040,0.699890,0.699940
1559941140,0.699820,0.699830,0.699780,0.699790
