time,open,high,low,close
1497240000,0.752620,0.752690,0.752600,0.752690
1497240060,0.752660,0.752710,0.752660,0.752700
1497240120,0.752700,0.752730,0.752700,0.752720
1497240180,0.752750,0.752810,0.752600,0.752600
1497240240,0.752610,0.752630,0.752610,0.752620
1497240300,0.752620,0.752740,0.752620,0.752710
1497240360,0.752710,0.752740,0.752680,0.752720
1497240420,0.752710,0.752710,0.752680,0.752680
1497240480,0.752670,0.752700,0.752600,0.752700
1497240540,0.752710,0.752710,0.752610,0.752610
1497240600,0.752610,0.752620,0.752610,0.752610
1497240660,0.752630,0.752690,0.752620,0.752690
1497240720,0.752690,0.752720,0.752690,0.752710
1497240840,0.752710,0.752710,0.752610,0.752610
1497240900,0.752600,0.752610,0.752600,0.752610
1497240960,0.752620,0.752620,0.752610,0.752610
1497241020,0.752610,0.752610,0.752510,0.752510
1497241080,0.752510,0.752540,0.752510,0.752510
1497241140,0.752520,0.752530,0.752500,0.752500
1497241200,0.752510,0.752520,0.752480,0.752490
1497241260,0.752490,0.752500,0.752480,0.752500
1497241320,0.752490,0.752500,0.752490,0.752500
1497241380,0.752500,0.752500,0.752290,0.752290
1497241440,0.752280,0.752300,0.752240,0.752290
1497241500,0.752300,0.752310,0.752290,0.752310
1497241560,0.752330,0.752400,0.752290,0.752300
1497241620,0.752300,0.752310,0.752300,0.752300
1497241680,0.752300,0.752310,0.752300,0.752310
1497241740,0.752300,0.752310,0.752300,0.752310
1497241800,0.752310,0.752310,0.752310,0.752310
1497241860,0.752300,0.752380,0.752300,0.752380
1497241920,0.752400,0.752410,0.752400,0.752410
1497241980,0.752410,0.752410,0.752410,0.752410
1497242040,0.752400,0.752400,0.752400,0.752400
1497242100,0.752410,0.752410,0.752390,0.752410
1497242160,0.752400,0.752400,0.752310,0.752310
1497242220,0.752300,0.752300,0.752280,0.752280
1497242280,0.752270,0.752270,0.752200,0.752220
1497242340,0.752180,0.752190,0.752160,0.752190
1497242400,0.752190,0.752190,0.752180,0.752180
1497242460,0.752180,0.752210,0.752180,0.752210
1497242520,0.752220,0.752300,0.752220,0.752300
1497242580,0.752280,0.752310,0.752280,0.752310
1497242640,0.752320,0.752410,0.752320,0.752410
1497242700,0.752410,0.752420,0.752410,0.752420
1497242760,0.752420,0.752420,0.752400,0.752410
1497242820,0.752410,0.752410,0.752410,0.752410
1497242880,0.752410,0.752410,0.752400,0.752400
1497242940,0.752410,0.752410,0.752400,0.752400
1497243000,0.752410,0.752410,0.752400,0.752400
1497243060,0.752420,0.752420,0.752410,0.752410
1497243120,0.752420,0.752420,0.752420,0.752420
1497243180,0.752420,0.752420,0.752420,0.752420
1497243240,0.752430,0.752430,0.752420,0.752420
1497243360,0.752420,0.752420,0.752400,0.752400
1497243420,0.752410,0.752410,0.752400,0.752410
1497243480,0.752410,0.752410,0.752410,0.752410
1497243540,0.752410,0.752410,0.752390,0.752390
1497243600,0.752410,0.752410,0.752410,0.752410
1497243660,0.752410,0.752420,0.752410,0.752420
1497243720,0.752440,0.752460,0.752440,0.752440
1497243780,0.752450,0.752450,0.752440,0.752440
1497243840,0.752480,0.752530,0.752480,0.752530
1497243900,0.752530,0.752600,0.752530,0.752600
1497243960,0.752610,0.752710,0.752610,0.752690
1497244020,0.752690,0.752720,0.752690,0.752720
1497244080,0.752720,0.752720,0.752710,0.752710
1497244140,0.752720,0.752720,0.752710,0.752710
1497244200,0.752730,0.752730,0.752730,0.752730
1497244260,0.752720,0.752720,0.752710,0.752710
1497244320,0.752720,0.752720,0.752720,0.752720
1497244380,0.752720,0.752720,0.752720,0.752720
1497244440,0.752720,0.752720,0.752690,0.752690
1497244500,0.752690,0.752690,0.752690,0.752690
1497244560,0.752700,0.752700,0.752700,0.752700
1497244620,0.752710,0.752720,0.752700,0.752720
1497244680,0.752710,0.752710,0.752680,0.752680
1497244740,0.752690,0.752710,0.752690,0.752710
1497244800,0.752710,0.752720,0.752710,0.752710
1497244860,0.752710,0.752730,0.752700,0.752700
1497244920,0.752710,0.752710,0.752700,0.752700
1497244980,0.752690,0.752710,0.752690,0.752700
1497245040,0.752710,0.752710,0.752690,0.752700
1497245100,0.752700,0.752700,0.752700,0.752700
1497245220,0.752710,0.752710,0.752710,0.752710
1497245280,0.752700,0.752710,0.752700,0.752700
1497245340,0.752700,0.752740,0.752700,0.752720
1497245400,0.752720,0.752720,0.752710,0.752720
1497245460,0.752710,0.752730,0.752710,0.752730
1497245520,0.752730,0.752820,0.752730,0.752820
1497245580,0.752810,0.752810,0.752810,0.752810
1497245640,0.752830,0.752840,0.752820,0.752830
1497245700,0.752830,0.752830,0.752810,0.752820
1497245760,0.752820,0.752830,0.752810,0.752830
1497245820,0.752830,0.752830,0.752820,0.752820
1497245880,0.752830,0.752900,0.752820,0.752830
1497245940,0.752830,0.752830,0.752820,0.752820
1497246000,0.752820,0.752830,0.752820,0.752820
1497246060,0.752820,0.752820,0.752820,0.752820
1497246120,0.752820,0.752880,0.752820,0.752820
1497246180,0.752820,0.752910,0.752820,0.752910
1497246240,0.752960,0.752980,0.752920,0.752970
1497246300,0.752960,0.752960,0.752900,0.752920
1497246360,0.752920,0.752920,0.752900,0.752920
1497246420,0.752920,0.752930,0.752820,0.752900
1497246480,0.752880,0.752970,0.752880,0.752920
1497246540,0.752910,0.753020,0.752890,0.753010
1497246600,0.753020,0.753090,0.753020,0.753090
1497246660,0.753100,0.753180,0.753100,0.753170
1497246720,0.753150,0.753190,0.753090,0.753100
1497246780,0.753090,0.753090,0.752960,0.752980
1497246840,0.752970,0.753080,0.752960,0.753080
1497246900,0.753090,0.753090,0.753060,0.753070
1497246960,0.753060,0.753060,0.752990,0.753010
1497247020,0.753070,0.753080,0.753060,0.753080
1497247080,0.753070,0.753070,0.752910,0.752910
1497247140,0.752900,0.752990,0.752900,0.752980
1497247200,0.752970,0.752990,0.752970,0.752990
1497247260,0.752990,0.753100,0.752990,0.753100
1497247320,0.753110,0.753200,0.753110,0.753200
1497247380,0.753210,0.753510,0.753180,0.753390
1497247440,0.753420,0.753440,0.753390,0.753420
1497247500,0.753410,0.753470,0.753370,0.753450
1497247560,0.753440,0.753440,0.753410,0.753420
1497247620,0.753430,0.753430,0.753400,0.753410
1497247680,0.753410,0.753490,0.753370,0.753490
1497247740,0.753480,0.753480,0.753290,0.753380
1497247800,0.753380,0.753510,0.753380,0.753510
1497247860,0.753490,0.753500,0.753470,0.753480
1497247920,0.753490,0.753490,0.753280,0.753390
1497247980,0.753370,0.753420,0.753320,0.753400
1497248040,0.753400,0.753410,0.753360,0.753400
1497248100,0.753390,0.753390,0.753310,0.753310
1497248160,0.753310,0.753320,0.753310,0.753320
1497248220,0.753360,0.753480,0.753360,0.753470
1497248280,0.753460,0.753490,0.753300,0.753300
1497248340,0.753280,0.753300,0.753260,0.753280
1497248400,0.753280,0.753390,0.753230,0.753320
1497248460,0.753310,0.753390,0.753310,0.753380
1497248520,0.753370,0.753460,0.753370,0.753410
1497248580,0.753390,0.753390,0.753310,0.753320
1497248640,0.753340,0.753340,0.753190,0.753220
1497248700,0.753240,0.753310,0.753220,0.753290
1497248760,0.753290,0.753390,0.753290,0.753390
1497248820,0.753410,0.753500,0.753400,0.753490
1497248880,0.753490,0.753490,0.753300,0.753300
1497248940,0.753290,0.753320,0.753270,0.753280
1497249000,0.753250,0.753300,0.753210,0.753270
1497249060,0.753280,0.753280,0.753190,0.753190
1497249120,0.753190,0.753250,0.753180,0.753190
1497249180,0.753180,0.753210,0.753180,0.753180
1497249240,0.753190,0.753280,0.753170,0.753270
1497249300,0.753270,0.753300,0.753270,0.753270
1497249360,0.753260,0.753260,0.753190,0.753210
1497249420,0.753200,0.753250,0.753170,0.753170
1497249480,0.753170,0.753180,0.753100,0.753170
1497249540,0.753160,0.753170,0.753100,0.753100
1497249600,0.753150,0.753180,0.753130,0.753160
1497249660,0.753170,0.753200,0.753160,0.753190
1497249720,0.753170,0.753190,0.753170,0.753170
1497249780,0.753150,0.753170,0.753150,0.753160
1497249840,0.753150,0.753150,0.753100,0.753100
1497249900,0.753090,0.753100,0.753080,0.753100
1497249960,0.753100,0.753180,0.753100,0.753160
1497250020,0.753170,0.753170,0.753010,0.753030
1497250080,0.753040,0.753200,0.753010,0.753100
1497250140,0.753110,0.753190,0.753110,0.753160
1497250200,0.753170,0.753190,0.753110,0.753180
1497250260,0.753180,0.753210,0.753150,0.753190
1497250320,0.753190,0.753210,0.753190,0.753200
1497250380,0.753210,0.753210,0.753100,0.753110
1497250440,0.753140,0.753180,0.752990,0.753000
1497250500,0.752990,0.752990,0.752700,0.752700
1497250560,0.752690,0.753010,0.752690,0.752890
1497250620,0.752890,0.752970,0.752890,0.752900
1497250680,0.752910,0.753120,0.752910,0.753120
1497250740,0.753100,0.753160,0.753090,0.753110
1497250800,0.753110,0.753220,0.753040,0.753190
1497250860,0.753200,0.753240,0.753200,0.753220
1497250920,0.753230,0.753230,0.752920,0.752920
1497250980,0.752910,0.752930,0.752900,0.752920
1497251040,0.752920,0.752920,0.752840,0.752900
1497251100,0.752910,0.752960,0.752900,0.752950
1497251160,0.752940,0.753020,0.752820,0.752830
1497251220,0.752820,0.752840,0.752650,0.752690
1497251280,0.752690,0.752740,0.752580,0.752670
1497251340,0.752670,0.752720,0.752630,0.752700
1497251400,0.752710,0.752720,0.752700,0.752720
1497251460,0.752720,0.752830,0.752710,0.752800
1497251520,0.752810,0.752900,0.752810,0.752900
1497251580,0.752900,0.752970,0.752900,0.752920
1497251640,0.752900,0.752910,0.752890,0.752910
1497251700,0.752920,0.752930,0.752920,0.752930
1497251760,0.752930,0.753030,0.752930,0.753030
1497251820,0.753040,0.753120,0.753030,0.753120
1497251880,0.753160,0.753170,0.753130,0.753130
1497251940,0.753140,0.753190,0.753110,0.753110
1497252000,0.753120,0.753120,0.753000,0.753010
1497252060,0.753020,0.753080,0.753020,0.753020
1497252120,0.753040,0.753200,0.753040,0.753140
1497252180,0.753140,0.753230,0.753140,0.753230
1497252240,0.753230,0.753290,0.753190,0.753280
1497252300,0.753250,0.753330,0.753250,0.753330
1497252360,0.753330,0.753330,0.753270,0.753320
1497252420,0.753340,0.753360,0.753270,0.753330
1497252480,0.753320,0.753350,0.753320,0.753330
1497252540,0.753330,0.753390,0.753320,0.753390
1497252600,0.753380,0.753380,0.753300,0.753300
1497252660,0.753290,0.753390,0.753290,0.753390
1497252720,0.753390,0.753430,0.753380,0.753420
1497252780,0.753430,0.753490,0.753360,0.753450
1497252840,0.753470,0.753490,0.753310,0.753310
1497252900,0.753310,0.753410,0.753300,0.753330
1497252960,0.753330,0.753390,0.753320,0.753320
1497253020,0.753310,0.753320,0.753170,0.753180
1497253080,0.753190,0.753280,0.753190,0.753280
1497253140,0.753290,0.753340,0.753260,0.753330
1497253200,0.753330,0.753430,0.753310,0.753420
1497253260,0.753420,0.753490,0.753420,0.753490
1497253320,0.753460,0.753510,0.753410,0.753510
1497253380,0.753510,0.753520,0.753470,0.753470
1497253440,0.753450,0.753450,0.753400,0.753400
1497253500,0.753410,0.753410,0.753340,0.753360
1497253560,0.753360,0.753360,0.753310,0.753330
1497253620,0.753330,0.753370,0.753310,0.753370
1497253680,0.753370,0.753410,0.753370,0.753370
1497253740,0.753370,0.753470,0.753370,0.753430
1497253800,0.753450,0.753470,0.753370,0.753370
1497253860,0.753370,0.753390,0.753370,0.753370
1497253920,0.753370,0.753400,0.753370,0.753390
1497253980,0.753390,0.753440,0.753380,0.753440
1497254040,0.753430,0.753440,0.753430,0.753440
1497254100,0.753440,0.753500,0.753420,0.753430
1497254160,0.753440,0.753500,0.753440,0.753500
1497254220,0.753500,0.753510,0.753490,0.753500
1497254280,0.753490,0.753490,0.753400,0.753400
1497254340,0.753400,0.753400,0.753160,0.753210
1497254400,0.753200,0.753280,0.753200,0.753210
1497254460,0.753210,0.753350,0.753180,0.753350
1497254520,0.753320,0.753360,0.753260,0.753310
1497254580,0.753310,0.753310,0.753090,0.753090
1497254640,0.753110,0.753110,0.752960,0.752980
1497254700,0.752960,0.752990,0.752880,0.752980
1497254760,0.752990,0.753170,0.752990,0.753160
1497254820,0.753130,0.753130,0.752990,0.753010
1497254880,0.753000,0.753010,0.752960,0.752980
1497254940,0.752970,0.752970,0.752790,0.752790
1497255000,0.752770,0.752800,0.752670,0.752800
1497255060,0.752810,0.752990,0.752800,0.752940
1497255120,0.752960,0.753130,0.752960,0.753050
1497255180,0.753070,0.753070,0.752990,0.752990
1497255240,0.753000,0.753030,0.753000,0.753020
1497255300,0.753020,0.753020,0.752990,0.753010
1497255360,0.753010,0.753020,0.753000,0.753010
1497255420,0.753000,0.753170,0.753000,0.753110
1497255480,0.753110,0.753150,0.753030,0.753040
1497255540,0.753020,0.753040,0.752920,0.752990
1497255600,0.752990,0.753230,0.752990,0.753180
1497255660,0.753210,0.753230,0.753190,0.753200
1497255720,0.753210,0.753320,0.753210,0.753230
1497255780,0.753230,0.753250,0.753200,0.753200
1497255840,0.753200,0.753270,0.753200,0.753230
1497255900,0.753250,0.753320,0.753250,0.753290
1497255960,0.753280,0.753280,0.753220,0.753220
1497256020,0.753230,0.753290,0.753210,0.753220
1497256080,0.753240,0.753280,0.753220,0.753220
1497256140,0.753220,0.753320,0.753220,0.753320
1497256200,0.753320,0.753330,0.753220,0.753240
1497256260,0.753240,0.753330,0.753220,0.753300
1497256320,0.753310,0.753440,0.753280,0.753440
1497256380,0.753440,0.753440,0.753370,0.753420
1497256440,0.753410,0.753420,0.753330,0.753410
1497256500,0.753410,0.753430,0.753340,0.753420
1497256560,0.753430,0.753440,0.753420,0.753440
1497256620,0.753430,0.753460,0.753430,0.753460
1497256680,0.753520,0.753530,0.753450,0.753500
1497256740,0.753510,0.753530,0.753450,0.753510
1497256800,0.753520,0.753600,0.753480,0.753480
1497256860,0.753480,0.753720,0.753430,0.753580
1497256920,0.753590,0.753590,0.753420,0.753430
1497256980,0.753440,0.753480,0.753440,0.753470
1497257040,0.753470,0.753520,0.753420,0.753430
1497257100,0.753440,0.753600,0.753440,0.753600
1497257160,0.753610,0.753650,0.753610,0.753630
1497257220,0.753640,0.753640,0.753530,0.753610
1497257280,0.753610,0.753710,0.753590,0.753590
1497257340,0.753600,0.753600,0.753590,0.753600
1497257400,0.753590,0.753590,0.753530,0.753540
1497257460,0.753540,0.753640,0.753540,0.753640
1497257520,0.753630,0.753640,0.753590,0.753600
1497257580,0.753560,0.753560,0.753530,0.753540
1497257640,0.753550,0.753560,0.753520,0.753520
1497257700,0.753520,0.753540,0.753520,0.753540
1497257760,0.753550,0.753570,0.753530,0.753540
1497257820,0.753560,0.753640,0.753560,0.753640
1497257880,0.753630,0.753640,0.753610,0.753630
1497257940,0.753630,0.753640,0.753600,0.753640
1497258000,0.753640,0.753640,0.753520,0.753540
1497258060,0.753540,0.753590,0.753520,0.753590
1497258120,0.753590,0.753600,0.753540,0.753590
1497258180,0.753610,0.753640,0.753610,0.753640
1497258240,0.753630,0.753710,0.753620,0.753620
1497258300,0.753640,0.753810,0.753640,0.753720
1497258360,0.753740,0.753740,0.753730,0.753730
1497258420,0.753750,0.753820,0.753750,0.753810
1497258480,0.753800,0.753820,0.753790,0.753810
1497258540,0.753820,0.753830,0.753800,0.753810
1497258600,0.753820,0.753880,0.753810,0.753860
1497258660,0.753880,0.753890,0.753820,0.753830
1497258720,0.753820,0.753840,0.753740,0.753780
1497258780,0.753800,0.753840,0.753790,0.753820
1497258840,0.753830,0.753920,0.753820,0.753900
1497258900,0.753900,0.753900,0.753780,0.753800
1497258960,0.753800,0.753890,0.753800,0.753890
1497259020,0.753890,0.753910,0.753870,0.753910
1497259080,0.753910,0.753980,0.753910,0.753980
1497259140,0.753980,0.754000,0.753960,0.753990
1497259200,0.753990,0.754020,0.753920,0.753980
1497259260,0.753970,0.753990,0.753920,0.753970
1497259320,0.753960,0.754230,0.753940,0.754020
1497259380,0.754030,0.754170,0.754010,0.754130
1497259440,0.754140,0.754540,0.754120,0.754520
1497259500,0.754510,0.754530,0.754430,0.754440
1497259560,0.754420,0.754460,0.754410,0.754410
1497259620,0.754410,0.754440,0.754330,0.754440
1497259680,0.754430,0.754500,0.754390,0.754500
1497259740,0.754510,0.754520,0.754400,0.754440
1497259800,0.754430,0.754460,0.754420,0.754420
1497259860,0.754430,0.754430,0.754380,0.754380
1497259920,0.754390,0.754420,0.754380,0.754380
1497259980,0.754370,0.754430,0.754370,0.754390
1497260040,0.754390,0.754390,0.754230,0.754230
1497260100,0.754220,0.754380,0.754200,0.754350
1497260160,0.754360,0.754400,0.754350,0.754390
1497260220,0.754380,0.754390,0.754330,0.754390
1497260280,0.754390,0.754510,0.754390,0.754500
1497260340,0.754500,0.754500,0.754440,0.754480
1497260400,0.754490,0.754490,0.754450,0.754490
1497260460,0.754490,0.754550,0.754490,0.754530
1497260520,0.754530,0.754540,0.754510,0.754530
1497260580,0.754530,0.754530,0.754510,0.754520
1497260640,0.754530,0.754590,0.754500,0.754500
1497260700,0.754490,0.754510,0.754440,0.754500
1497260760,0.754500,0.754500,0.754480,0.754490
1497260820,0.754500,0.754580,0.754490,0.754570
1497260880,0.754570,0.754570,0.754450,0.754460
1497260940,0.754460,0.754510,0.754460,0.754490
1497261000,0.754500,0.754510,0.754460,0.754480
1497261060,0.754470,0.754480,0.754470,0.754470
1497261120,0.754440,0.754490,0.754390,0.754490
1497261180,0.754470,0.754490,0.754400,0.754400
1497261240,0.754400,0.754410,0.754380,0.754400
1497261300,0.754390,0.754450,0.754390,0.754430
1497261360,0.754420,0.754520,0.754420,0.754500
1497261420,0.754500,0.754500,0.754430,0.754470
1497261480,0.754470,0.754470,0.754300,0.754380
1497261540,0.754380,0.754390,0.754300,0.754300
1497261600,0.754300,0.754370,0.754300,0.754320
1497261660,0.754350,0.754430,0.754350,0.754410
1497261720,0.754410,0.754430,0.754370,0.754370
1497261780,0.754360,0.754420,0.754260,0.754320
1497261840,0.754330,0.754420,0.754320,0.754400
1497261900,0.754390,0.754480,0.754340,0.754440
1497261960,0.754450,0.754450,0.754420,0.754420
1497262020,0.754430,0.754440,0.754430,0.754430
1497262080,0.754430,0.754500,0.754420,0.754500
1497262140,0.754490,0.754510,0.754490,0.754500
1497262200,0.754510,0.754510,0.754500,0.754500
1497262260,0.754510,0.754520,0.754490,0.754490
1497262320,0.754500,0.754590,0.754500,0.754530
1497262380,0.754540,0.754540,0.754510,0.754520
1497262440,0.754520,0.754590,0.754520,0.754540
1497262500,0.754520,0.754650,0.754520,0.754640
1497262560,0.754640,0.754700,0.754630,0.754640
1497262620,0.754640,0.754650,0.754620,0.754620
1497262680,0.754640,0.754640,0.754560,0.754590
1497262740,0.754590,0.754610,0.754540,0.754610
1497262800,0.754590,0.754590,0.754520,0.754530
1497262860,0.754530,0.754640,0.754520,0.754620
1497262920,0.754630,0.754630,0.754600,0.754630
1497262980,0.754630,0.754630,0.754520,0.754520
1497263040,0.754520,0.754590,0.754520,0.754520
1497263100,0.754520,0.754520,0.754430,0.754490
1497263160,0.754480,0.754480,0.754400,0.754420
1497263220,0.754440,0.754440,0.754390,0.754390
1497263280,0.754400,0.754410,0.754350,0.754410
1497263340,0.754410,0.754520,0.754400,0.754510
1497263400,0.754520,0.754580,0.754410,0.754500
1497263460,0.754520,0.754550,0.754500,0.754500
1497263520,0.754520,0.754520,0.754410,0.754410
1497263580,0.754430,0.754480,0.754420,0.754480
1497263640,0.754480,0.754540,0.754480,0.754520
1497263700,0.754530,0.754530,0.754510,0.754510
1497263760,0.754500,0.754500,0.754470,0.754480
1497263820,0.754470,0.754500,0.754410,0.754420
1497263880,0.754410,0.754410,0.754260,0.754310
1497263940,0.754320,0.754320,0.754280,0.754280
1497264000,0.754290,0.754300,0.754210,0.754280
1497264060,0.754280,0.754280,0.754170,0.754170
1497264120,0.754190,0.754300,0.754190,0.754210
1497264180,0.754250,0.754260,0.754210,0.754210
1497264240,0.754210,0.754230,0.754190,0.754210
1497264300,0.754210,0.754250,0.754190,0.754190
1497264360,0.754200,0.754210,0.754180,0.754210
1497264420,0.754200,0.754210,0.754170,0.754170
1497264480,0.754180,0.754200,0.754070,0.754070
1497264540,0.754080,0.754100,0.754040,0.754040
1497264600,0.754020,0.754160,0.754020,0.754090
1497264660,0.754100,0.754100,0.754060,0.754090
1497264720,0.754080,0.754110,0.754060,0.754070
1497264780,0.754080,0.754080,0.753970,0.754010
1497264900,0.754010,0.754010,0.754010,0.754010
1497264960,0.754010,0.754080,0.753980,0.754080
1497265020,0.754090,0.754180,0.754090,0.754180
1497265080,0.754180,0.754180,0.754110,0.754120
1497265140,0.754110,0.754200,0.754110,0.754200
1497265200,0.754190,0.754200,0.754190,0.754200
1497265260,0.754210,0.754300,0.754210,0.754290
1497265320,0.754280,0.754290,0.754220,0.754230
1497265380,0.754250,0.754260,0.754200,0.754200
1497265440,0.754200,0.754280,0.754200,0.754280
1497265500,0.754270,0.754290,0.754250,0.754270
1497265560,0.754270,0.754300,0.754270,0.754300
1497265620,0.754290,0.754300,0.754280,0.754300
1497265680,0.754290,0.754300,0.754290,0.754300
1497265740,0.754290,0.754290,0.754290,0.754290
1497265800,0.754300,0.754330,0.754300,0.754310
1497265860,0.754320,0.754320,0.754300,0.754300
1497265920,0.754310,0.754310,0.754290,0.754310
1497265980,0.754310,0.754310,0.754260,0.754290
1497266040,0.754300,0.754330,0.754300,0.754330
1497266100,0.754320,0.754320,0.754230,0.754230
1497266160,0.754260,0.754300,0.754220,0.754300
1497266220,0.754300,0.754320,0.754300,0.754320
1497266280,0.754310,0.754400,0.754310,0.754390
1497266340,0.754380,0.754390,0.754380,0.754380
1497266400,0.754390,0.754540,0.754390,0.754530
1497266460,0.754530,0.754530,0.754500,0.754510
1497266520,0.754500,0.754600,0.754500,0.754520
1497266580,0.754530,0.754600,0.754500,0.754590
1497266640,0.754600,0.754630,0.754540,0.754610
1497266700,0.754600,0.754600,0.754580,0.754580
1497266760,0.754590,0.754600,0.754470,0.754480
1497266820,0.754480,0.754500,0.754480,0.754480
1497266880,0.754480,0.754480,0.754410,0.754440
1497266940,0.754430,0.754430,0.754350,0.754370
1497267000,0.754370,0.754380,0.754270,0.754280
1497267060,0.754290,0.754400,0.754290,0.754370
1497267120,0.754360,0.754390,0.754360,0.754360
1497267180,0.754340,0.754380,0.754290,0.754350
1497267240,0.754380,0.754480,0.754380,0.754430
1497267300,0.754430,0.754480,0.754410,0.754430
1497267360,0.754450,0.754490,0.754390,0.754390
1497267420,0.754390,0.754390,0.754290,0.754290
1497267480,0.754300,0.754360,0.754300,0.754330
1497267540,0.754320,0.754380,0.754320,0.754380
1497267600,0.754380,0.754390,0.754300,0.754310
1497267660,0.754320,0.754350,0.754290,0.754350
1497267720,0.754340,0.754360,0.754300,0.754330
1497267780,0.754350,0.754410,0.754300,0.754400
1497267840,0.754400,0.754460,0.754380,0.754410
1497267900,0.754400,0.754420,0.754340,0.754390
1497267960,0.754380,0.754420,0.754380,0.754390
1497268020,0.754390,0.754420,0.754390,0.754400
1497268080,0.754410,0.754430,0.754400,0.754430
1497268140,0.754430,0.754440,0.754410,0.754420
1497268200,0.754420,0.754480,0.754400,0.754400
1497268260,0.754400,0.754420,0.754400,0.754400
1497268320,0.754400,0.754470,0.754400,0.754430
1497268380,0.754420,0.754420,0.754410,0.754410
1497268440,0.754410,0.754420,0.754400,0.754420
1497268500,0.754410,0.754430,0.754400,0.754400
1497268560,0.754390,0.754410,0.754380,0.754390
1497268620,0.754400,0.754420,0.754390,0.754420
1497268680,0.754410,0.754410,0.754180,0.754190
1497268740,0.754170,0.754170,0.754090,0.754130
1497268800,0.754130,0.754190,0.754110,0.754190
1497268860,0.754190,0.754260,0.754190,0.754190
1497268920,0.754200,0.754300,0.754190,0.754280
1497268980,0.754270,0.754280,0.754210,0.754270
1497269040,0.754280,0.754290,0.754270,0.754290
1497269100,0.754300,0.754370,0.754300,0.754310
1497269160,0.754300,0.754300,0.754220,0.754220
1497269220,0.754250,0.754280,0.754230,0.754280
1497269280,0.754300,0.754310,0.754300,0.754300
1497269340,0.754310,0.754350,0.754300,0.754310
1497269400,0.754320,0.754380,0.754300,0.754320
1497269460,0.754330,0.754390,0.754310,0.754310
1497269520,0.754320,0.754360,0.754310,0.754310
1497269580,0.754310,0.754320,0.754310,0.754320
1497269640,0.754310,0.754310,0.754300,0.754310
1497269700,0.754310,0.754400,0.754310,0.754380
1497269760,0.754360,0.754390,0.754320,0.754350
1497269820,0.754360,0.754370,0.754310,0.754310
1497269880,0.754320,0.754320,0.754310,0.754310
1497269940,0.754300,0.754350,0.754300,0.754330
1497270000,0.754350,0.754390,0.754330,0.754330
1497270060,0.754330,0.754370,0.754330,0.754330
1497270120,0.754330,0.754370,0.754320,0.754330
1497270180,0.754360,0.754360,0.754320,0.754320
1497270240,0.754320,0.754420,0.754320,0.754420
1497270300,0.754420,0.754440,0.754420,0.754440
1497270360,0.754440,0.754530,0.754430,0.754430
1497270420,0.754430,0.754500,0.754420,0.754500
1497270480,0.754500,0.754540,0.754500,0.754530
1497270540,0.754530,0.754530,0.754490,0.754510
1497270600,0.754500,0.754530,0.754490,0.754510
1497270660,0.754500,0.754560,0.754400,0.754550
1497270720,0.754550,0.754550,0.754540,0.754540
1497270780,0.754540,0.754540,0.754460,0.754480
1497270840,0.754460,0.754540,0.754460,0.754540
1497270900,0.754540,0.754550,0.754540,0.754550
1497270960,0.754540,0.754550,0.754480,0.754550
1497271020,0.754550,0.754550,0.754540,0.754550
1497271080,0.754550,0.754550,0.754530,0.754540
1497271140,0.754540,0.754600,0.754520,0.754530
1497271200,0.754540,0.754540,0.754510,0.754520
1497271260,0.754520,0.754530,0.754510,0.754520
1497271320,0.754510,0.754530,0.754510,0.754520
1497271380,0.754520,0.754520,0.754400,0.754400
1497271440,0.754420,0.754480,0.754400,0.754440
1497271500,0.754430,0.754510,0.754420,0.754500
1497271560,0.754500,0.754510,0.754430,0.754430
1497271620,0.754420,0.754430,0.754410,0.754410
1497271680,0.754400,0.754430,0.754400,0.754430
1497271740,0.754420,0.754500,0.754420,0.754430
1497271800,0.754430,0.754450,0.754340,0.754340
1497271860,0.754330,0.754400,0.754330,0.754330
1497271920,0.754330,0.754340,0.754310,0.754310
1497271980,0.754320,0.754400,0.754300,0.754400
1497272040,0.754420,0.754420,0.754380,0.754390
1497272100,0.754400,0.754400,0.754270,0.754270
1497272160,0.754270,0.754270,0.754200,0.754200
1497272220,0.754260,0.754260,0.754160,0.754170
1497272280,0.754150,0.754150,0.753910,0.753910
1497272340,0.753890,0.753910,0.753860,0.753880
1497272400,0.753860,0.753950,0.753860,0.753940
1497272460,0.753970,0.753990,0.753970,0.753990
1497272520,0.753990,0.753990,0.753990,0.753990
1497272580,0.753990,0.754000,0.753950,0.754000
1497272640,0.753990,0.754000,0.753970,0.753990
1497272700,0.754000,0.754000,0.753980,0.754000
1497272760,0.753990,0.754000,0.753970,0.753990
1497272820,0.753990,0.753990,0.753980,0.753980
1497272880,0.753980,0.753990,0.753970,0.753980
1497272940,0.753970,0.753980,0.753930,0.753980
1497273000,0.753980,0.753980,0.753950,0.753970
1497273060,0.753950,0.753970,0.753950,0.753960
1497273120,0.753960,0.753960,0.753910,0.753910
1497273180,0.753950,0.753960,0.753900,0.753910
1497273240,0.753900,0.753960,0.753900,0.753960
1497273300,0.753960,0.754020,0.753960,0.754010
1497273360,0.754010,0.754090,0.754000,0.754090
1497273420,0.754100,0.754100,0.754020,0.754090
1497273480,0.754090,0.754100,0.754010,0.754020
1497273540,0.754030,0.754110,0.754020,0.754030
1497273600,0.754040,0.754120,0.754040,0.754100
1497273660,0.754090,0.754110,0.753990,0.754040
1497273720,0.754050,0.754100,0.754040,0.754080
1497273780,0.754080,0.754110,0.754080,0.754100
1497273840,0.754100,0.754230,0.754100,0.754230
1497273900,0.754230,0.754230,0.754230,0.754230
1497273960,0.754230,0.754230,0.754200,0.754210
1497274020,0.754220,0.754230,0.754200,0.754200
1497274080,0.754210,0.754230,0.754180,0.754190
1497274140,0.754180,0.754220,0.754110,0.754200
1497274200,0.754220,0.754310,0.754180,0.754300
1497274260,0.754310,0.754340,0.754300,0.754330
1497274320,0.754330,0.754340,0.754280,0.754300
1497274380,0.754300,0.754380,0.754220,0.754310
1497274440,0.754310,0.754320,0.754100,0.754170
1497274500,0.754180,0.754180,0.754010,0.754080
1497274560,0.754070,0.754100,0.754070,0.754080
1497274620,0.754080,0.754080,0.753970,0.754060
1497274680,0.754080,0.754180,0.754040,0.754130
1497274740,0.754110,0.754190,0.754090,0.754120
1497274800,0.754120,0.754120,0.754070,0.754080
1497274860,0.754070,0.754080,0.753910,0.753910
1497274920,0.753930,0.753980,0.753910,0.753920
1497274980,0.753960,0.754210,0.753920,0.754170
1497275040,0.754180,0.754220,0.754180,0.754190
1497275100,0.754190,0.754230,0.754100,0.754100
1497275160,0.754090,0.754100,0.753980,0.754090
1497275220,0.754090,0.754110,0.754060,0.754090
1497275280,0.754090,0.754130,0.754090,0.754090
1497275340,0.754080,0.754190,0.754080,0.754080
1497275400,0.754060,0.754090,0.754020,0.754050
1497275460,0.754040,0.754040,0.753920,0.753990
1497275520,0.754000,0.754000,0.753780,0.753790
1497275580,0.753780,0.753790,0.753690,0.753690
1497275640,0.753670,0.753800,0.753560,0.753800
1497275700,0.753800,0.753900,0.753790,0.753890
1497275760,0.753910,0.754050,0.753910,0.753920
1497275820,0.753920,0.753990,0.753910,0.753940
1497275880,0.753940,0.753990,0.753920,0.753950
1497275940,0.753960,0.754100,0.753960,0.754000
1497276000,0.754010,0.754090,0.753870,0.753900
1497276060,0.753910,0.753940,0.753810,0.753810
1497276120,0.753800,0.753940,0.753790,0.753800
1497276180,0.753800,0.753850,0.753730,0.753830
1497276240,0.753820,0.753900,0.753820,0.753870
1497276300,0.753860,0.754090,0.753850,0.754090
1497276360,0.754080,0.754100,0.753970,0.753970
1497276420,0.753980,0.754080,0.753750,0.753780
1497276480,0.753770,0.753860,0.753770,0.753790
1497276540,0.753840,0.753850,0.753680,0.753690
1497276600,0.753690,0.753930,0.753690,0.753920
1497276660,0.753930,0.753970,0.753810,0.753880
1497276720,0.753890,0.753900,0.753820,0.753900
1497276780,0.753890,0.754000,0.753890,0.753970
1497276840,0.753980,0.754010,0.753970,0.753980
1497276900,0.753970,0.754050,0.753900,0.754020
1497276960,0.754020,0.754060,0.753990,0.754000
1497277020,0.753990,0.754050,0.753970,0.753970
1497277080,0.753980,0.754000,0.753850,0.753890
1497277140,0.753890,0.753980,0.753860,0.753870
1497277200,0.753860,0.753860,0.753750,0.753750
1497277260,0.753760,0.753760,0.753750,0.753750
1497277320,0.753740,0.753790,0.753740,0.753790
1497277380,0.753790,0.753860,0.753780,0.753860
1497277440,0.753850,0.753870,0.753770,0.753800
1497277500,0.753810,0.753820,0.753690,0.753750
1497277560,0.753760,0.753800,0.753710,0.753760
1497277620,0.753750,0.753810,0.753690,0.753700
1497277680,0.753690,0.753760,0.753690,0.753760
1497277740,0.753740,0.753780,0.753700,0.753770
1497277800,0.753760,0.753780,0.753710,0.753770
1497277860,0.753760,0.753870,0.753760,0.753870
1497277920,0.753880,0.753910,0.753790,0.753910
1497277980,0.753910,0.753990,0.753910,0.753990
1497278040,0.753960,0.753960,0.753800,0.753820
1497278100,0.753810,0.753850,0.753810,0.753830
1497278160,0.753830,0.753990,0.753820,0.753990
1497278220,0.753980,0.753980,0.753920,0.753920
1497278280,0.753910,0.753960,0.753890,0.753940
1497278340,0.753940,0.753990,0.753920,0.753930
1497278400,0.753950,0.754000,0.753930,0.753990
1497278460,0.753990,0.754100,0.753990,0.754100
1497278520,0.754100,0.754130,0.754100,0.754130
1497278580,0.754120,0.754120,0.754030,0.754100
1497278640,0.754110,0.754170,0.754010,0.754100
1497278700,0.754100,0.754220,0.754100,0.754210
1497278760,0.754200,0.754280,0.754130,0.754280
1497278820,0.754250,0.754300,0.754210,0.754210
1497278880,0.754210,0.754270,0.754190,0.754210
1497278940,0.754220,0.754350,0.754220,0.754350
1497279000,0.754340,0.754430,0.754340,0.754430
1497279060,0.754420,0.754480,0.754400,0.754420
1497279120,0.754430,0.754480,0.754420,0.754450
1497279180,0.754450,0.754460,0.754380,0.754410
1497279240,0.754410,0.754410,0.754330,0.754370
1497279300,0.754350,0.754380,0.754270,0.754370
1497279360,0.754380,0.754500,0.754360,0.754470
1497279420,0.754460,0.754510,0.754370,0.754510
1497279480,0.754500,0.754580,0.754370,0.754370
1497279540,0.754360,0.754400,0.754260,0.754370
1497279600,0.754370,0.754370,0.754180,0.754270
1497279660,0.754250,0.754340,0.754160,0.754330
1497279720,0.754360,0.754390,0.754290,0.754290
1497279780,0.754300,0.754320,0.754200,0.754240
1497279840,0.754220,0.754220,0.754210,0.754210
1497279900,0.754220,0.754290,0.754190,0.754190
1497279960,0.754210,0.754220,0.754090,0.754090
1497280020,0.754100,0.754160,0.754040,0.754090
1497280080,0.754080,0.754090,0.754020,0.754090
1497280140,0.754100,0.754150,0.754100,0.754110
1497280200,0.754140,0.754200,0.754120,0.754200
1497280260,0.754200,0.754200,0.754080,0.754080
1497280320,0.754090,0.754100,0.754070,0.754100
1497280380,0.754100,0.754100,0.753970,0.753970
1497280440,0.753970,0.754060,0.753970,0.754030
1497280500,0.754020,0.754260,0.754020,0.754210
1497280560,0.754220,0.754240,0.754200,0.754230
1497280620,0.754210,0.754290,0.754210,0.754230
1497280680,0.754250,0.754260,0.754200,0.754200
1497280740,0.754200,0.754210,0.753930,0.753980
1497280800,0.753980,0.754040,0.753890,0.753890
1497280860,0.753910,0.753920,0.753780,0.753900
1497280920,0.753880,0.753880,0.753800,0.753800
1497280980,0.753790,0.753810,0.753740,0.753770
1497281040,0.753760,0.753770,0.753760,0.753770
1497281100,0.753760,0.753790,0.753760,0.753780
1497281160,0.753780,0.753790,0.753670,0.753670
1497281220,0.753680,0.753780,0.753650,0.753770
1497281280,0.753760,0.753790,0.753710,0.753760
1497281340,0.753780,0.753780,0.753690,0.753710
1497281400,0.753700,0.753780,0.753700,0.753780
1497281460,0.753780,0.753810,0.753760,0.753770
1497281520,0.753790,0.753890,0.753750,0.753830
1497281580,0.753850,0.753900,0.753830,0.753870
1497281640,0.753860,0.753880,0.753790,0.753840
1497281700,0.753850,0.753910,0.753830,0.753830
1497281760,0.753840,0.753890,0.753830,0.753890
1497281820,0.753960,0.754080,0.753890,0.753940
1497281880,0.753910,0.753950,0.753810,0.753830
1497281940,0.753830,0.753860,0.753820,0.753820
1497282000,0.753810,0.753830,0.753730,0.753810
1497282060,0.753820,0.753860,0.753810,0.753810
1497282120,0.753820,0.753920,0.753820,0.753890
1497282180,0.753910,0.753990,0.753910,0.753990
1497282240,0.753990,0.754030,0.753990,0.754010
1497282300,0.754010,0.754110,0.753990,0.754110
1497282360,0.754120,0.754120,0.754020,0.754080
1497282420,0.754070,0.754080,0.754070,0.754080
1497282480,0.754080,0.754130,0.754010,0.754130
1497282540,0.754160,0.754170,0.754100,0.754110
1497282600,0.754090,0.754090,0.753990,0.754000
1497282660,0.753990,0.754000,0.753920,0.753960
1497282720,0.753970,0.753970,0.753890,0.753910
1497282780,0.753910,0.753910,0.753870,0.753890
1497282840,0.753890,0.753900,0.753750,0.753790
1497282900,0.753770,0.753810,0.753670,0.753810
1497282960,0.753820,0.753890,0.753820,0.753880
1497283020,0.753880,0.753880,0.753810,0.753880
1497283080,0.753880,0.753900,0.753880,0.753880
1497283140,0.753890,0.753890,0.753740,0.753760
1497283200,0.753740,0.753840,0.753740,0.753790
1497283260,0.753790,0.753870,0.753790,0.753800
1497283320,0.753800,0.753800,0.753800,0.753800
1497283380,0.753800,0.753840,0.753780,0.753820
1497283440,0.753810,0.753860,0.753800,0.753800
1497283500,0.753800,0.753800,0.753790,0.753790
1497283560,0.753790,0.753790,0.753650,0.753690
1497283620,0.753690,0.753690,0.753570,0.753600
1497283680,0.753590,0.753590,0.753400,0.753470
1497283740,0.753480,0.753480,0.753400,0.753400
1497283800,0.753410,0.753440,0.753360,0.753380
1497283860,0.753380,0.753480,0.753380,0.753390
1497283920,0.753380,0.753480,0.753380,0.753480
1497283980,0.753470,0.753470,0.753470,0.753470
1497284040,0.753480,0.753580,0.753480,0.753570
1497284100,0.753540,0.753590,0.753540,0.753590
1497284160,0.753570,0.753570,0.753510,0.753510
1497284220,0.753490,0.753540,0.753490,0.753490
1497284280,0.753460,0.753480,0.753370,0.753390
1497284340,0.753380,0.753400,0.753380,0.753400
1497284400,0.753380,0.753400,0.753380,0.753400
1497284460,0.753420,0.753420,0.753400,0.753400
1497284520,0.753410,0.753430,0.753400,0.753410
1497284580,0.753410,0.753490,0.753410,0.753490
1497284640,0.753500,0.753530,0.753500,0.753530
1497284700,0.753520,0.753540,0.753510,0.753530
1497284760,0.753520,0.753540,0.753490,0.753500
1497284820,0.753500,0.753500,0.753350,0.753400
1497284880,0.753400,0.753420,0.753390,0.753400
1497284940,0.753400,0.753430,0.753370,0.753370
1497285000,0.753380,0.753490,0.753310,0.753380
1497285060,0.753360,0.753390,0.753300,0.753320
1497285120,0.753320,0.753320,0.753220,0.753260
1497285180,0.753250,0.753260,0.753200,0.753200
1497285240,0.753210,0.753210,0.753210,0.753210
1497285300,0.753220,0.753280,0.753210,0.753250
1497285360,0.753250,0.753320,0.753250,0.753270
1497285420,0.753260,0.753310,0.753260,0.753290
1497285480,0.753300,0.753380,0.753300,0.753330
1497285540,0.753320,0.753330,0.753310,0.753310
1497285600,0.753320,0.753320,0.753310,0.753320
1497285660,0.753330,0.753350,0.753320,0.753320
1497285720,0.753310,0.753330,0.753230,0.753230
1497285780,0.753230,0.753230,0.753220,0.753230
1497285840,0.753230,0.753230,0.753230,0.753230
1497285900,0.753230,0.753230,0.753210,0.753220
1497285960,0.753220,0.753250,0.753220,0.753230
1497286020,0.753240,0.753320,0.753220,0.753220
1497286080,0.753220,0.753220,0.753210,0.753220
1497286140,0.753220,0.753270,0.753220,0.753220
1497286200,0.753240,0.753240,0.753210,0.753220
1497286260,0.753220,0.753220,0.753210,0.753220
1497286320,0.753210,0.753210,0.753180,0.753190
1497286380,0.753200,0.753220,0.753190,0.753190
1497286440,0.753190,0.753200,0.753190,0.753200
1497286500,0.753210,0.753210,0.753180,0.753200
1497286560,0.753220,0.753220,0.753200,0.753220
1497286620,0.753220,0.753220,0.753220,0.753220
1497286680,0.753220,0.753220,0.753190,0.753210
1497286740,0.753180,0.753220,0.753110,0.753110
1497286800,0.753110,0.753180,0.753100,0.753130
1497286860,0.753160,0.753230,0.753130,0.753230
1497286920,0.753220,0.753220,0.753180,0.753210
1497286980,0.753200,0.753280,0.753180,0.753270
1497287040,0.753280,0.753290,0.753200,0.753200
1497287100,0.753190,0.753220,0.753110,0.753180
1497287160,0.753190,0.753230,0.753090,0.753090
1497287220,0.753100,0.753100,0.753070,0.753080
1497287280,0.753090,0.753100,0.753030,0.753070
1497287340,0.753080,0.753090,0.753050,0.753080
1497287400,0.753090,0.753090,0.752960,0.752970
1497287460,0.752960,0.752990,0.752950,0.752980
1497287520,0.752970,0.753000,0.752920,0.753000
1497287580,0.752990,0.753000,0.752980,0.752980
1497287640,0.753000,0.753000,0.752960,0.752980
1497287700,0.752970,0.752980,0.752970,0.752980
1497287760,0.753000,0.753000,0.752910,0.752910
1497287820,0.752920,0.752990,0.752920,0.752920
1497287880,0.752960,0.753090,0.752960,0.753090
1497287940,0.753100,0.753140,0.753100,0.753110
1497288000,0.753100,0.753640,0.753100,0.753420
1497288060,0.753420,0.753420,0.753280,0.753300
1497288120,0.753300,0.753380,0.753200,0.753200
1497288180,0.753160,0.753160,0.753080,0.753120
1497288240,0.753130,0.753190,0.753070,0.753190
1497288300,0.753210,0.753300,0.753210,0.753300
1497288360,0.753300,0.753410,0.753240,0.753310
1497288420,0.753300,0.753370,0.753300,0.753370
1497288480,0.753360,0.753390,0.753310,0.753390
1497288540,0.753380,0.753390,0.753230,0.753310
1497288600,0.753300,0.753370,0.753290,0.753320
1497288660,0.753310,0.753360,0.753300,0.753310
1497288720,0.753320,0.753430,0.753300,0.753420
1497288780,0.753430,0.753520,0.753320,0.753320
1497288840,0.753310,0.753360,0.753050,0.753060
1497288900,0.753040,0.753060,0.752890,0.752910
1497288960,0.752890,0.753000,0.752890,0.753000
1497289020,0.752990,0.753080,0.752930,0.753080
1497289080,0.753040,0.753160,0.753010,0.753160
1497289140,0.753140,0.753200,0.753070,0.753100
1497289200,0.753090,0.753100,0.752910,0.752910
1497289260,0.752940,0.752960,0.752910,0.752910
1497289320,0.752910,0.752970,0.752820,0.752970
1497289380,0.752960,0.753010,0.752910,0.753000
1497289440,0.752980,0.753000,0.752880,0.752910
1497289500,0.752920,0.753030,0.752910,0.753030
1497289560,0.753020,0.753060,0.752990,0.753000
1497289620,0.753020,0.753020,0.752800,0.752820
1497289680,0.752840,0.752860,0.752640,0.752680
1497289740,0.752660,0.752680,0.752570,0.752590
1497289800,0.752600,0.752780,0.752600,0.752760
1497289860,0.752780,0.752910,0.752720,0.752770
1497289920,0.752770,0.752830,0.752740,0.752820
1497289980,0.752810,0.752850,0.752810,0.752820
1497290040,0.752820,0.752930,0.752810,0.752930
1497290100,0.752910,0.752960,0.752820,0.752820
1497290160,0.752830,0.752880,0.752810,0.752820
1497290220,0.752810,0.752820,0.752730,0.752760
1497290280,0.752780,0.752780,0.752600,0.752600
1497290340,0.752610,0.752680,0.752610,0.752680
1497290400,0.752680,0.752750,0.752670,0.752750
1497290460,0.752750,0.752750,0.752660,0.752670
1497290520,0.752690,0.752830,0.752690,0.752830
1497290580,0.752840,0.753000,0.752840,0.752980
1497290640,0.752990,0.752990,0.752920,0.752930
1497290700,0.752930,0.753120,0.752930,0.753110
1497290760,0.753100,0.753120,0.753080,0.753120
1497290820,0.753130,0.753140,0.753100,0.753130
1497290880,0.753150,0.753260,0.753150,0.753230
1497290940,0.753220,0.753310,0.753210,0.753310
1497291000,0.753310,0.753410,0.753210,0.753410
1497291060,0.753400,0.753400,0.753310,0.753320
1497291120,0.753310,0.753360,0.753270,0.753270
1497291180,0.753260,0.753360,0.753210,0.753330
1497291240,0.753330,0.753390,0.753300,0.753380
1497291300,0.753390,0.753390,0.753340,0.753380
1497291360,0.753410,0.753470,0.753390,0.753390
1497291420,0.753380,0.753400,0.753350,0.753370
1497291480,0.753380,0.753390,0.753260,0.753270
1497291540,0.753290,0.753290,0.753280,0.753290
1497291600,0.753280,0.753280,0.753190,0.753200
1497291660,0.753200,0.753250,0.753200,0.753210
1497291720,0.753200,0.753250,0.753120,0.753180
1497291780,0.753200,0.753220,0.753190,0.753210
1497291840,0.753220,0.753220,0.753180,0.753210
1497291900,0.753210,0.753290,0.753130,0.753270
1497291960,0.753280,0.753310,0.753260,0.753310
1497292020,0.753320,0.753320,0.753200,0.753210
1497292080,0.753200,0.753270,0.753200,0.753270
1497292140,0.753260,0.753290,0.753220,0.753280
1497292200,0.753270,0.753390,0.753270,0.753360
1497292260,0.753370,0.753390,0.753360,0.753380
1497292320,0.753380,0.753380,0.753290,0.753300
1497292380,0.753290,0.753320,0.753180,0.753180
1497292440,0.753200,0.753250,0.753180,0.753180
1497292500,0.753170,0.753210,0.753150,0.753190
1497292560,0.753180,0.753180,0.753080,0.753080
1497292620,0.753080,0.753180,0.753080,0.753170
1497292680,0.753180,0.753290,0.753180,0.753290
1497292740,0.753300,0.753300,0.753170,0.753170
1497292800,0.753160,0.753170,0.753070,0.753150
1497292860,0.753160,0.753170,0.753160,0.753170
1497292920,0.753190,0.753340,0.753190,0.753320
1497292980,0.753320,0.753460,0.753280,0.753320
1497293040,0.753340,0.753360,0.753300,0.753360
1497293100,0.753370,0.753380,0.753370,0.753370
1497293160,0.753390,0.753400,0.753310,0.753320
1497293220,0.753330,0.753370,0.753330,0.753370
1497293280,0.753370,0.753550,0.753360,0.753550
1497293340,0.753500,0.753600,0.753490,0.753590
1497293400,0.753590,0.753640,0.753580,0.753580
1497293460,0.753580,0.753580,0.753500,0.753570
1497293520,0.753560,0.753670,0.753560,0.753670
1497293580,0.753650,0.753710,0.753590,0.753680
1497293640,0.753680,0.753710,0.753610,0.753610
1497293700,0.753610,0.753610,0.753580,0.753610
1497293760,0.753610,0.753700,0.753600,0.753680
1497293820,0.753700,0.753790,0.753690,0.753770
1497293880,0.753780,0.753790,0.753700,0.753770
1497293940,0.753770,0.753990,0.753750,0.753970
1497294000,0.754070,0.754070,0.753840,0.753870
1497294060,0.753870,0.754030,0.753870,0.753980
1497294120,0.753970,0.754180,0.753970,0.754150
1497294180,0.754100,0.754170,0.754070,0.754070
1497294240,0.754070,0.754140,0.754000,0.754080
1497294300,0.754060,0.754140,0.754050,0.754070
1497294360,0.754090,0.754250,0.754070,0.754200
1497294420,0.754250,0.754400,0.754230,0.754370
1497294480,0.754390,0.754410,0.754320,0.754400
1497294540,0.754410,0.754470,0.754390,0.754410
1497294600,0.754410,0.754500,0.754370,0.754370
1497294660,0.754380,0.754380,0.754290,0.754310
1497294720,0.754350,0.754360,0.754270,0.754270
1497294780,0.754280,0.754360,0.754280,0.754280
1497294840,0.754300,0.754370,0.754300,0.754370
1497294900,0.754380,0.754430,0.754370,0.754400
1497294960,0.754420,0.754470,0.754380,0.754380
1497295020,0.754380,0.754380,0.754310,0.754370
1497295080,0.754390,0.754390,0.754300,0.754370
1497295140,0.754380,0.754390,0.754370,0.754380
1497295200,0.754390,0.754390,0.754330,0.754380
1497295260,0.754350,0.754420,0.754330,0.754370
1497295320,0.754350,0.754350,0.754240,0.754250
1497295380,0.754270,0.754300,0.754230,0.754230
1497295440,0.754230,0.754280,0.754210,0.754230
1497295500,0.754240,0.754320,0.754240,0.754310
1497295560,0.754310,0.754360,0.754290,0.754290
1497295620,0.754300,0.754390,0.754290,0.754390
1497295680,0.754400,0.754410,0.754290,0.754290
1497295740,0.754310,0.754310,0.754210,0.754220
1497295800,0.754240,0.754240,0.754150,0.754180
1497295860,0.754170,0.754170,0.754090,0.754090
1497295920,0.754140,0.754160,0.754090,0.754100
1497295980,0.754120,0.754160,0.754110,0.754160
1497296040,0.754180,0.754220,0.754180,0.754220
1497296100,0.754230,0.754280,0.754190,0.754220
1497296160,0.754250,0.754290,0.754250,0.754280
1497296220,0.754270,0.754270,0.754180,0.754180
1497296280,0.754170,0.754230,0.754170,0.754220
1497296340,0.754200,0.754200,0.754140,0.754180
1497296400,0.754170,0.754200,0.754170,0.754200
1497296460,0.754190,0.754280,0.754190,0.754260
1497296520,0.754210,0.754230,0.754180,0.754180
1497296580,0.754170,0.754190,0.754170,0.754190
1497296640,0.754180,0.754190,0.754100,0.754100
1497296700,0.754130,0.754180,0.754120,0.754150
1497296760,0.754170,0.754200,0.754170,0.754200
1497296820,0.754190,0.754280,0.754190,0.754210
1497296880,0.754200,0.754220,0.754160,0.754160
1497296940,0.754140,0.754170,0.754110,0.754170
1497297000,0.754180,0.754210,0.754170,0.754170
1497297060,0.754180,0.754180,0.754170,0.754170
1497297120,0.754170,0.754180,0.754160,0.754160
1497297180,0.754160,0.754180,0.754150,0.754170
1497297240,0.754170,0.754250,0.754170,0.754200
1497297300,0.754220,0.754290,0.754200,0.754280
1497297360,0.754280,0.754370,0.754280,0.754350
1497297420,0.754370,0.754410,0.754370,0.754390
1497297480,0.754400,0.754400,0.754320,0.754390
1497297540,0.754410,0.754410,0.754330,0.754370
1497297600,0.754380,0.754420,0.754360,0.754390
1497297660,0.754380,0.754410,0.754330,0.754350
1497297720,0.754360,0.754390,0.754360,0.754360
1497297780,0.754370,0.754380,0.754360,0.754370
1497297840,0.754360,0.754430,0.754360,0.754370
1497297900,0.754350,0.754350,0.754300,0.754300
1497297960,0.754300,0.754340,0.754300,0.754340
1497298020,0.754340,0.754350,0.754280,0.754290
1497298080,0.754270,0.754280,0.754250,0.754270
1497298140,0.754270,0.754270,0.754270,0.754270
1497298200,0.754290,0.754400,0.754280,0.754390
1497298260,0.754380,0.754420,0.754380,0.754410
1497298320,0.754410,0.754420,0.754400,0.754410
1497298380,0.754420,0.754420,0.754410,0.754410
1497298440,0.754370,0.754420,0.754360,0.754420
1497298500,0.754420,0.754420,0.754410,0.754420
1497298560,0.754390,0.754390,0.754370,0.754370
1497298620,0.754390,0.754390,0.754330,0.754330
1497298680,0.754310,0.754310,0.754290,0.754290
1497298740,0.754290,0.754300,0.754270,0.754270
1497298800,0.754270,0.754290,0.754260,0.754270
1497298860,0.754280,0.754280,0.754270,0.754280
1497298920,0.754280,0.754290,0.754260,0.754290
1497298980,0.754280,0.754290,0.754280,0.754290
1497299040,0.754280,0.754280,0.754230,0.754270
1497299100,0.754290,0.754290,0.754190,0.754290
1497299160,0.754270,0.754290,0.754260,0.754280
1497299220,0.754260,0.754260,0.754190,0.754190
1497299280,0.754200,0.754200,0.754150,0.754150
1497299340,0.754140,0.754190,0.754110,0.754120
1497299400,0.754120,0.754120,0.754090,0.754090
1497299460,0.754080,0.754080,0.754080,0.754080
1497299520,0.754070,0.754080,0.754060,0.754080
1497299580,0.754070,0.754120,0.754060,0.754110
1497299640,0.754120,0.754180,0.754080,0.754170
1497299700,0.754170,0.754180,0.754160,0.754180
1497299760,0.754170,0.754180,0.754160,0.754160
1497299820,0.754170,0.754190,0.754120,0.754130
1497299880,0.754090,0.754090,0.754050,0.754080
1497299940,0.754090,0.754090,0.754060,0.754080
1497300000,0.754080,0.754090,0.754050,0.754070
1497300060,0.754080,0.754090,0.754060,0.754080
1497300120,0.754070,0.754080,0.754060,0.754080
1497300180,0.754060,0.754090,0.754060,0.754070
1497300240,0.754090,0.754090,0.754060,0.754070
1497300300,0.754060,0.754100,0.754060,0.754080
1497300360,0.754090,0.754100,0.754080,0.754100
1497300420,0.754100,0.754100,0.754090,0.754090
1497300480,0.754090,0.754100,0.754080,0.754100
1497300540,0.754100,0.754100,0.754070,0.754080
1497300600,0.754090,0.754090,0.754050,0.754070
1497300660,0.754090,0.754100,0.754080,0.754080
1497300720,0.754100,0.754100,0.754080,0.754080
1497300780,0.754090,0.754090,0.754090,0.754090
1497300840,0.754080,0.754100,0.754080,0.754090
1497300900,0.754100,0.754110,0.754090,0.754110
1497300960,0.754110,0.754160,0.754110,0.754110
1497301020,0.754110,0.754140,0.754090,0.754120
1497301080,0.754110,0.754130,0.754100,0.754130
1497301140,0.754120,0.754120,0.754020,0.754020
1497301260,0.753890,0.754010,0.753880,0.754010
1497301320,0.754010,0.754010,0.754010,0.754010
1497301380,0.753970,0.753970,0.753970,0.753970
1497301440,0.753980,0.753980,0.753980,0.753980
1497301500,0.753980,0.753980,0.753980,0.753980
1497301560,0.753960,0.754020,0.753960,0.754000
1497301620,0.753980,0.754030,0.753980,0.753980
1497301680,0.754000,0.754000,0.753990,0.753990
1497301740,0.753930,0.753990,0.753930,0.753990
1497301800,0.753930,0.754020,0.753930,0.753990
1497301860,0.753980,0.754050,0.753980,0.754040
1497301920,0.754030,0.754060,0.753990,0.754050
1497301980,0.754050,0.754100,0.754010,0.754050
1497302040,0.754040,0.754060,0.754010,0.754050
1497302100,0.754070,0.754090,0.754000,0.754070
1497302160,0.754080,0.754080,0.754020,0.754070
1497302220,0.754080,0.754110,0.754050,0.754070
1497302280,0.754060,0.754080,0.753980,0.754050
1497302340,0.753980,0.754060,0.753980,0.754050
1497302400,0.753990,0.753990,0.753990,0.753990
1497302460,0.753940,0.754120,0.753940,0.754120
1497302520,0.754140,0.754290,0.754120,0.754290
1497302580,0.754280,0.754280,0.754260,0.754270
1497302640,0.754260,0.754270,0.754260,0.754270
1497302700,0.754280,0.754400,0.754280,0.754400
1497302760,0.754410,0.754550,0.754350,0.754530
1497302820,0.754530,0.754530,0.754290,0.754290
1497302880,0.754270,0.754310,0.754270,0.754310
1497302940,0.754290,0.754390,0.754290,0.754370
1497303000,0.754370,0.754500,0.754300,0.754300
1497303060,0.754300,0.754300,0.753950,0.753950
1497303120,0.753970,0.753980,0.753940,0.753970
1497303180,0.753970,0.753990,0.753950,0.753970
1497303240,0.753970,0.753970,0.753970,0.753970
1497303300,0.753970,0.753970,0.753950,0.753950
1497303360,0.753950,0.753950,0.753930,0.753930
1497303420,0.753940,0.753940,0.753930,0.753940
1497303480,0.753920,0.754110,0.753920,0.754100
1497303540,0.754100,0.754110,0.754100,0.754110
1497303660,0.754070,0.754130,0.754070,0.754130
1497303780,0.754090,0.754090,0.754090,0.754090
1497303840,0.754090,0.754160,0.754090,0.754160
1497303900,0.754130,0.754130,0.754130,0.754130
1497304020,0.754100,0.754100,0.754080,0.754080
1497304080,0.754080,0.754080,0.754080,0.754080
1497304140,0.754080,0.754080,0.754080,0.754080
1497304200,0.754080,0.754080,0.754080,0.754080
1497304260,0.754080,0.754080,0.754080,0.754080
1497304320,0.754080,0.754080,0.754080,0.754080
1497304380,0.754080,0.754110,0.754080,0.754090
1497304500,0.754090,0.754090,0.754080,0.754080
1497304560,0.754090,0.754110,0.754080,0.754090
1497304620,0.754090,0.754100,0.753930,0.754000
1497304680,0.753960,0.753970,0.753850,0.753850
1497304740,0.753870,0.753870,0.753870,0.753870
1497304800,0.753910,0.753960,0.753890,0.753890
1497304860,0.753890,0.753960,0.753890,0.753950
1497304920,0.753940,0.754020,0.753930,0.753960
1497304980,0.753970,0.753970,0.753960,0.753960
1497305040,0.753980,0.753990,0.753960,0.753960
1497305100,0.753960,0.753990,0.753930,0.753940
1497305160,0.753940,0.753980,0.753940,0.753970
1497305220,0.753960,0.753980,0.753880,0.753890
1497305280,0.753900,0.753900,0.753870,0.753880
1497305340,0.753890,0.754070,0.753890,0.754060
1497305400,0.754060,0.754170,0.754060,0.754090
1497305460,0.754160,0.754180,0.754050,0.754130
1497305520,0.754080,0.754080,0.753850,0.753940
1497305580,0.753930,0.754180,0.753930,0.754100
1497305640,0.754080,0.754220,0.753960,0.754010
1497305700,0.754010,0.754160,0.753920,0.754030
1497305760,0.754030,0.754160,0.753860,0.754140
1497305820,0.754140,0.754190,0.754120,0.754190
1497305880,0.754200,0.754270,0.754190,0.754190
1497305940,0.754180,0.754300,0.754150,0.754230
1497306000,0.754240,0.754310,0.754180,0.754200
1497306060,0.754210,0.754360,0.754180,0.754320
1497306120,0.754290,0.754290,0.754190,0.754190
1497306180,0.754180,0.754250,0.754160,0.754160
1497306240,0.754160,0.754230,0.754080,0.754080
1497306300,0.754080,0.754300,0.754070,0.754180
1497306360,0.754180,0.754310,0.754170,0.754240
1497306420,0.754210,0.754310,0.754130,0.754160
1497306480,0.754170,0.754310,0.754160,0.754310
1497306540,0.754290,0.754290,0.754160,0.754180
1497306600,0.754200,0.754310,0.754180,0.754260
1497306660,0.754260,0.754300,0.754260,0.754280
1497306720,0.754270,0.754280,0.754260,0.754280
1497306780,0.754260,0.754260,0.754050,0.754050
1497306840,0.754040,0.754080,0.754040,0.754080
1497306900,0.754080,0.754300,0.754080,0.754300
1497306960,0.754270,0.754400,0.754150,0.754170
1497307020,0.754170,0.754270,0.754170,0.754270
1497307080,0.754260,0.754400,0.754250,0.754350
1497307140,0.754360,0.754470,0.754340,0.754370
1497307200,0.754350,0.754350,0.754340,0.754350
1497307260,0.754470,0.754470,0.754470,0.754470
1497307320,0.754460,0.754540,0.754440,0.754460
1497307380,0.754470,0.754490,0.754460,0.754470
1497307440,0.754470,0.754470,0.754340,0.754360
1497307500,0.754370,0.754380,0.754360,0.754380
1497307560,0.754370,0.754400,0.754350,0.754400
1497307620,0.754380,0.754400,0.754360,0.754370
1497307680,0.754380,0.754500,0.754370,0.754420
1497307740,0.754390,0.754450,0.754370,0.754370
1497307800,0.754380,0.754460,0.754350,0.754400
1497307860,0.754370,0.754380,0.754370,0.754380
1497307920,0.754400,0.754400,0.754380,0.754380
1497307980,0.754390,0.754390,0.754370,0.754380
1497308040,0.754370,0.754390,0.754370,0.754380
1497308100,0.754370,0.754460,0.754370,0.754380
1497308160,0.754380,0.754390,0.754370,0.754390
1497308220,0.754380,0.754400,0.754380,0.754380
1497308280,0.754380,0.754390,0.754350,0.754350
1497308340,0.754370,0.754390,0.754360,0.754380
1497308400,0.754390,0.754500,0.754380,0.754500
1497308460,0.754490,0.754520,0.754490,0.754490
1497308520,0.754500,0.754500,0.754400,0.754410
1497308580,0.754410,0.754420,0.754390,0.754410
1497308640,0.754430,0.754430,0.754400,0.754400
1497308700,0.754390,0.754390,0.754370,0.754380
1497308760,0.754370,0.754390,0.754370,0.754380
1497308820,0.754400,0.754410,0.754310,0.754390
1497308880,0.754410,0.754410,0.754380,0.754400
1497308940,0.754390,0.754400,0.754380,0.754380
1497309000,0.754370,0.754380,0.754370,0.754380
1497309060,0.754370,0.754380,0.754370,0.754380
1497309120,0.754370,0.754380,0.754370,0.754370
1497309180,0.754380,0.754380,0.754280,0.754280
1497309240,0.754290,0.754450,0.754290,0.754390
1497309300,0.754370,0.754370,0.754360,0.754370
1497309360,0.754360,0.754380,0.754330,0.754380
1497309420,0.754360,0.754450,0.754350,0.754360
1497309480,0.754350,0.754430,0.754250,0.754260
1497309540,0.754310,0.754340,0.754250,0.754270
1497309600,0.754250,0.754270,0.754250,0.754260
1497309660,0.754250,0.754290,0.754250,0.754260
1497309720,0.754270,0.754270,0.754270,0.754270
1497309780,0.754270,0.754270,0.754260,0.754260
1497309840,0.754240,0.754240,0.754150,0.754180
1497309900,0.754170,0.754210,0.754160,0.754170
1497309960,0.754180,0.754310,0.754170,0.754290
1497310020,0.754280,0.754280,0.754240,0.754240
1497310080,0.754240,0.754290,0.754160,0.754280
1497310140,0.754290,0.754290,0.754290,0.754290
1497310200,0.754280,0.754300,0.754280,0.754290
1497310260,0.754300,0.754300,0.754300,0.754300
1497310380,0.754280,0.754290,0.754270,0.754290
1497310440,0.754300,0.754310,0.754290,0.754310
1497310500,0.754310,0.754310,0.754200,0.754280
1497310560,0.754260,0.754260,0.754170,0.754190
1497310620,0.754180,0.754310,0.754180,0.754280
1497310680,0.754280,0.754290,0.754270,0.754280
1497310740,0.754260,0.754310,0.754140,0.754260
1497310800,0.754280,0.754400,0.754280,0.754400
1497310860,0.754450,0.754450,0.754400,0.754400
1497310920,0.754400,0.754400,0.754380,0.754380
1497310980,0.754390,0.754460,0.754380,0.754420
1497311040,0.754430,0.754450,0.754430,0.754450
1497311100,0.754450,0.754550,0.754450,0.754540
1497311160,0.754540,0.754540,0.754530,0.754530
1497311220,0.754600,0.754720,0.754580,0.754650
1497311280,0.754650,0.754730,0.754640,0.754730
1497311340,0.754730,0.754770,0.754720,0.754770
1497311400,0.754750,0.754810,0.754740,0.754740
1497311460,0.754760,0.754780,0.754670,0.754740
1497311520,0.754740,0.754740,0.754660,0.754700
1497311580,0.754700,0.754730,0.754670,0.754700
1497311640,0.754680,0.754680,0.754650,0.754650
1497311700,0.754670,0.754680,0.754660,0.754660
1497311760,0.754680,0.754780,0.754680,0.754760
1497311820,0.754750,0.754750,0.754730,0.754730
1497311880,0.754730,0.754830,0.754720,0.754830
1497311940,0.754830,0.754830,0.754800,0.754830
1497312000,0.754780,0.754850,0.754750,0.754750
1497312060,0.754750,0.754870,0.754750,0.754860
1497312120,0.754840,0.754880,0.754830,0.754850
1497312180,0.754840,0.755040,0.754840,0.755030
1497312240,0.755030,0.755190,0.755010,0.755190
1497312300,0.755180,0.755240,0.755170,0.755230
1497312360,0.755210,0.755420,0.755190,0.755290
1497312420,0.755310,0.755400,0.755310,0.755380
1497312480,0.755390,0.755390,0.755250,0.755280
1497312540,0.755290,0.755550,0.755290,0.755550
1497312600,0.755560,0.755600,0.755470,0.755590
1497312660,0.755570,0.755650,0.755520,0.755640
1497312720,0.755620,0.755670,0.755600,0.755630
1497312780,0.755630,0.755630,0.755440,0.755470
1497312840,0.755490,0.755540,0.755300,0.755330
1497312900,0.755330,0.755480,0.755330,0.755450
1497312960,0.755440,0.755440,0.755300,0.755300
1497313020,0.755320,0.755490,0.755300,0.755490
1497313080,0.755530,0.755670,0.755480,0.755570
1497313140,0.755560,0.755570,0.755480,0.755570
1497313200,0.755590,0.755600,0.755560,0.755570
1497313260,0.755560,0.755560,0.755450,0.755490
1497313320,0.755460,0.755570,0.755440,0.755560
1497313380,0.755550,0.755580,0.755470,0.755580
1497313440,0.755620,0.755920,0.755600,0.755890
1497313500,0.755870,0.755890,0.755730,0.755730
1497313560,0.755720,0.755750,0.755700,0.755750
1497313620,0.755730,0.755730,0.755660,0.755670
1497313680,0.755690,0.755750,0.755670,0.755670
1497313740,0.755680,0.755680,0.755670,0.755670
1497313800,0.755660,0.755670,0.755600,0.755650
1497313860,0.755620,0.755670,0.755590,0.755590
1497313920,0.755620,0.755620,0.755430,0.755430
1497313980,0.755400,0.755400,0.755330,0.755350
1497314040,0.755370,0.755580,0.755360,0.755520
1497314100,0.755520,0.755560,0.755410,0.755550
1497314160,0.755510,0.755510,0.755510,0.755510
1497314220,0.755540,0.755580,0.755520,0.755560
1497314280,0.755560,0.755560,0.755510,0.755510
1497314340,0.755530,0.755540,0.755500,0.755510
1497314400,0.755510,0.755560,0.755500,0.755560
1497314460,0.755580,0.755580,0.755560,0.755560
1497314520,0.755560,0.755560,0.755440,0.755460
1497314580,0.755470,0.755470,0.755280,0.755340
1497314640,0.755320,0.755360,0.755270,0.755320
1497314700,0.755340,0.755610,0.755340,0.755610
1497314760,0.755610,0.755690,0.755580,0.755640
1497314820,0.755660,0.755930,0.755660,0.755930
1497314880,0.755950,0.756020,0.755790,0.756000
1497314940,0.756050,0.756310,0.755950,0.756200
1497315000,0.756200,0.756450,0.756180,0.756360
1497315060,0.756350,0.756410,0.756290,0.756340
1497315120,0.756290,0.756460,0.756270,0.756370
1497315180,0.756380,0.756420,0.756340,0.756360
1497315240,0.756340,0.756340,0.756150,0.756150
1497315300,0.756160,0.756370,0.756130,0.756290
1497315360,0.756300,0.756310,0.756210,0.756220
1497315420,0.756210,0.756210,0.756090,0.756100
1497315480,0.756090,0.756200,0.755990,0.756050
1497315540,0.756040,0.756040,0.755880,0.755890
1497315600,0.755880,0.756080,0.755860,0.756040
1497315660,0.756060,0.756080,0.756030,0.756070
1497315720,0.756090,0.756150,0.756060,0.756100
1497315780,0.756080,0.756100,0.755920,0.755930
1497315840,0.755900,0.756040,0.755900,0.756000
1497315900,0.755990,0.756050,0.755990,0.756040
1497315960,0.756060,0.756080,0.755880,0.755880
1497316020,0.755870,0.755870,0.755660,0.755670
1497316080,0.755720,0.755780,0.755620,0.755630
1497316140,0.755630,0.755900,0.755520,0.755790
1497316200,0.755790,0.755840,0.755420,0.755420
1497316260,0.755420,0.755430,0.755270,0.755340
1497316320,0.755240,0.755320,0.755080,0.755250
1497316380,0.755220,0.755260,0.755180,0.755190
1497316440,0.755200,0.755280,0.755120,0.755210
1497316500,0.755230,0.755560,0.755230,0.755370
1497316560,0.755360,0.755450,0.755280,0.755410
1497316620,0.755430,0.755500,0.755400,0.755400
1497316680,0.755400,0.755550,0.755380,0.755550
1497316740,0.755530,0.755710,0.755520,0.755660
1497316800,0.755640,0.755710,0.755600,0.755690
1497316860,0.755680,0.755760,0.755570,0.755750
1497316920,0.755720,0.755840,0.755720,0.755840
1497316980,0.755840,0.755840,0.755650,0.755770
1497317040,0.755760,0.755770,0.755630,0.755630
1497317100,0.755610,0.755750,0.755610,0.755720
1497317160,0.755740,0.755740,0.755660,0.755740
1497317220,0.755760,0.755850,0.755750,0.755850
1497317280,0.755850,0.755850,0.755770,0.755770
1497317340,0.755780,0.755840,0.755660,0.755760
1497317400,0.755730,0.755730,0.755230,0.755520
1497317460,0.755520,0.755780,0.755520,0.755750
1497317520,0.755750,0.755960,0.755750,0.755950
1497317580,0.755970,0.756060,0.755970,0.755990
1497317640,0.755980,0.756060,0.755900,0.755930
1497317700,0.755930,0.756070,0.755930,0.756000
1497317760,0.755990,0.756000,0.755860,0.756000
1497317820,0.756020,0.756060,0.755930,0.756020
1497317880,0.756020,0.756020,0.755930,0.755930
1497317940,0.755920,0.756000,0.755890,0.756000
1497318000,0.755990,0.755990,0.755880,0.755890
1497318060,0.755890,0.755890,0.755750,0.755760
1497318120,0.755750,0.755770,0.755690,0.755730
1497318180,0.755720,0.755840,0.755720,0.755780
1497318240,0.755780,0.755890,0.755780,0.755880
1497318300,0.755880,0.755940,0.755880,0.755890
1497318360,0.755880,0.755900,0.755870,0.755870
1497318420,0.755880,0.755880,0.755870,0.755880
1497318480,0.755890,0.755990,0.755870,0.755910
1497318540,0.755910,0.755910,0.755800,0.755800
1497318600,0.755850,0.755880,0.755780,0.755850
1497318660,0.755870,0.755980,0.755850,0.755980
1497318720,0.755970,0.755970,0.755860,0.755880
1497318780,0.755880,0.755890,0.755810,0.755890
1497318840,0.755900,0.755900,0.755900,0.755900
1497318900,0.755890,0.755900,0.755820,0.755820
1497318960,0.755840,0.755900,0.755840,0.755880
1497319020,0.755880,0.755890,0.755870,0.755880
1497319080,0.755890,0.755890,0.755780,0.755800
1497319140,0.755790,0.755800,0.755750,0.755750
1497319200,0.755760,0.755800,0.755750,0.755800
1497319260,0.755790,0.755800,0.755760,0.755800
1497319320,0.755790,0.755790,0.755760,0.755790
1497319380,0.755770,0.755770,0.755600,0.755650
1497319440,0.755670,0.755770,0.755670,0.755740
1497319500,0.755750,0.755800,0.755750,0.755790
1497319560,0.755800,0.755870,0.755790,0.755790
1497319620,0.755800,0.755850,0.755790,0.755800
1497319680,0.755800,0.755800,0.755800,0.755800
1497319740,0.755790,0.755900,0.755790,0.755870
1497319800,0.755900,0.755920,0.755900,0.755920
1497319860,0.755920,0.756190,0.755920,0.756100
1497319920,0.756090,0.756090,0.756080,0.756090
1497319980,0.756080,0.756090,0.756000,0.756000
1497320040,0.755990,0.756000,0.755990,0.756000
1497320100,0.756000,0.756000,0.755930,0.755990
1497320160,0.756000,0.756000,0.755980,0.756000
1497320220,0.755990,0.756000,0.755990,0.755990
1497320280,0.756000,0.756000,0.755990,0.755990
1497320340,0.756000,0.756000,0.755970,0.755990
1497320400,0.755980,0.755990,0.755970,0.755970
1497320460,0.755980,0.756000,0.755980,0.756000
1497320520,0.755990,0.756070,0.755990,0.756070
1497320580,0.756080,0.756090,0.756060,0.756090
1497320640,0.756090,0.756110,0.756080,0.756100
1497320700,0.756110,0.756150,0.756100,0.756150
1497320760,0.756140,0.756150,0.756070,0.756080
1497320820,0.756070,0.756100,0.756070,0.756100
1497320880,0.756100,0.756120,0.756100,0.756110
1497320940,0.756140,0.756250,0.756110,0.756170
1497321000,0.756160,0.756200,0.756160,0.756200
1497321060,0.756190,0.756260,0.756190,0.756250
1497321120,0.756230,0.756300,0.756200,0.756230
1497321180,0.756230,0.756270,0.756190,0.756210
1497321240,0.756190,0.756190,0.756190,0.756190
1497321300,0.756170,0.756180,0.756170,0.756180
1497321360,0.756180,0.756180,0.756010,0.756040
1497321420,0.756040,0.756050,0.755990,0.756040
1497321480,0.756040,0.756150,0.756010,0.756150
1497321540,0.756150,0.756310,0.756150,0.756310
1497321600,0.756310,0.756350,0.756280,0.756290
1497321660,0.756310,0.756380,0.756290,0.756290
1497321720,0.756300,0.756400,0.756250,0.756250
1497321780,0.756270,0.756270,0.756190,0.756210
1497321840,0.756200,0.756280,0.756200,0.756260
1497321900,0.756270,0.756270,0.756200,0.756240
1497321960,0.756230,0.756240,0.756210,0.756230
1497322020,0.756230,0.756230,0.756190,0.756230
1497322080,0.756210,0.756210,0.756110,0.756140
1497322140,0.756150,0.756160,0.756080,0.756080
1497322200,0.756050,0.756060,0.756000,0.756040
1497322260,0.756050,0.756070,0.756040,0.756040
1497322320,0.756030,0.756060,0.755930,0.755930
1497322380,0.755880,0.755880,0.755790,0.755850
1497322440,0.755870,0.756030,0.755870,0.756010
1497322500,0.755980,0.755980,0.755950,0.755950
1497322560,0.755930,0.755930,0.755870,0.755880
1497322620,0.755900,0.755910,0.755890,0.755910
1497322680,0.755890,0.755900,0.755890,0.755890
1497322740,0.755880,0.755880,0.755760,0.755780
1497322800,0.755790,0.755840,0.755780,0.755840
1497322860,0.755830,0.755830,0.755810,0.755810
1497322920,0.755810,0.755860,0.755810,0.755860
1497322980,0.755860,0.755860,0.755780,0.755790
1497323040,0.755790,0.755800,0.755780,0.755800
1497323100,0.755790,0.755790,0.755770,0.755790
1497323160,0.755780,0.755800,0.755780,0.755790
1497323220,0.755790,0.755800,0.755770,0.755770
1497323280,0.755770,0.755770,0.755750,0.755760
1497323340,0.755760,0.755760,0.755730,0.755740
1497323400,0.755740,0.755780,0.755730,0.755740
1497323460,0.755750,0.755750,0.755740,0.755740
1497323520,0.755760,0.755770,0.755710,0.755710
1497323580,0.755700,0.755740,0.755700,0.755730
1497323640,0.755720,0.755730,0.755700,0.755720
1497323700,0.755730,0.755790,0.755730,0.755750
1497323760,0.755760,0.755760,0.755720,0.755740
1497323820,0.755740,0.755750,0.755710,0.755750
1497323880,0.755750,0.755840,0.755750,0.755820
1497323940,0.755800,0.755820,0.755790,0.755820
1497324000,0.755820,0.755830,0.755810,0.755830
1497324060,0.755820,0.755860,0.755790,0.755790
1497324120,0.755830,0.755890,0.755830,0.755880
1497324180,0.755880,0.755880,0.755800,0.755800
1497324240,0.755830,0.755840,0.755780,0.755800
1497324300,0.755810,0.755810,0.755780,0.755790
1497324360,0.755780,0.755820,0.755770,0.755770
1497324420,0.755770,0.755860,0.755740,0.755790
1497324480,0.755790,0.755790,0.755740,0.755750
1497324540,0.755760,0.755950,0.755760,0.755850
1497324600,0.755860,0.755860,0.755740,0.755750
1497324660,0.755740,0.755810,0.755690,0.755710
1497324720,0.755720,0.755720,0.755570,0.755570
1497324780,0.755570,0.755660,0.755550,0.755600
1497324840,0.755590,0.755630,0.755590,0.755620
1497324900,0.755620,0.755670,0.755600,0.755670
1497324960,0.755680,0.755770,0.755670,0.755770
1497325020,0.755760,0.755820,0.755750,0.755780
1497325080,0.755790,0.755830,0.755730,0.755780
1497325140,0.755770,0.755810,0.755740,0.755780
1497325200,0.755790,0.755820,0.755780,0.755820
1497325260,0.755840,0.755920,0.755840,0.755920
1497325320,0.755930,0.755930,0.755920,0.755930
1497325380,0.755920,0.755920,0.755920,0.755920
1497325440,0.755920,0.755920,0.755820,0.755860
1497325500,0.755870,0.755920,0.755870,0.755920
1497325560,0.755910,0.755920,0.755900,0.755920
1497325620,0.755910,0.755930,0.755820,0.755820
1497325680,0.755820,0.755830,0.755800,0.755800
1497325740,0.755820,0.755880,0.755810,0.755830
1497325800,0.755810,0.755880,0.755800,0.755880
1497325860,0.755890,0.755900,0.755880,0.755890
1497325920,0.755890,0.755900,0.755810,0.755810
1497325980,0.755810,0.755810,0.755700,0.755700
1497326040,0.755700,0.755770,0.755700,0.755700
1497326100,0.755710,0.755720,0.755660,0.755660
1497326160,0.755650,0.755680,0.755610,0.755670
1497326220,0.755690,0.755740,0.755690,0.755720
1497326280,0.755710,0.755720,0.755710,0.755710
1497326340,0.755710,0.755710,0.755690,0.755690
