time,open,high,low,close
1077512400,202.110000,202.220000,202.070000,202.190000
1077512460,202.200000,202.250000,202.200000,202.250000
1077512520,202.250000,202.250000,202.220000,202.220000
1077512580,202.200000,202.270000,202.200000,202.230000
1077512640,202.220000,202.220000,202.210000,202.210000
1077512700,202.210000,202.220000,202.150000,202.170000
1077512760,202.160000,202.190000,202.160000,202.160000
1077512820,202.160000,202.160000,202.130000,202.130000
1077512880,202.130000,202.130000,202.120000,202.120000
1077512940,202.110000,202.120000,202.100000,202.100000
1077513000,202.110000,202.110000,202.080000,202.090000
1077513060,202.090000,202.100000,202.060000,202.070000
1077513120,202.060000,202.070000,202.060000,202.060000
1077513180,202.060000,202.080000,202.050000,202.080000
1077513240,202.070000,202.090000,202.070000,202.090000
1077513300,202.090000,202.090000,202.060000,202.060000
1077513360,202.060000,202.090000,202.050000,202.050000
1077513420,202.060000,202.060000,202.020000,202.040000
1077513480,202.030000,202.040000,202.020000,202.040000
1077513540,202.030000,202.040000,202.020000,202.030000
1077513600,202.030000,202.050000,202.020000,202.050000
1077513660,202.050000,202.060000,202.030000,202.050000
1077513720,202.040000,202.050000,202.040000,202.040000
1077513780,202.050000,202.070000,202.050000,202.070000
1077513840,202.080000,202.090000,202.070000,202.070000
1077513900,202.070000,202.080000,202.040000,202.040000
1077513960,202.050000,202.050000,202.020000,202.030000
1077514020,202.030000,202.050000,202.030000,202.040000
1077514080,202.030000,202.070000,202.030000,202.060000
1077514140,202.070000,202.070000,202.060000,202.070000
1077514200,202.080000,202.080000,202.050000,202.050000
1077514260,202.040000,202.040000,202.040000,202.040000
1077514320,202.050000,202.050000,202.030000,202.030000
1077514380,202.040000,202.050000,202.020000,202.020000
1077514440,202.030000,202.040000,202.030000,202.030000
1077514560,202.040000,202.040000,202.030000,202.040000
1077514620,202.050000,202.060000,202.050000,202.050000
1077514740,202.050000,202.060000,202.040000,202.060000
1077514800,202.050000,202.060000,202.050000,202.050000
1077514860,202.060000,202.070000,202.040000,202.040000
1077514920,202.030000,202.030000,202.010000,202.010000
1077514980,202.020000,202.030000,202.010000,202.020000
1077515040,202.010000,202.040000,202.010000,202.030000
1077515100,202.020000,202.030000,201.980000,201.990000
1077515160,201.980000,201.990000,201.980000,201.980000
1077515220,201.980000,202.010000,201.980000,201.990000
1077515280,202.010000,202.020000,201.980000,202.020000
1077515340,202.020000,202.030000,202.000000,202.020000
1077515400,202.020000,202.030000,202.000000,202.020000
1077515460,202.020000,202.020000,201.970000,201.970000
1077515520,201.960000,202.010000,201.960000,201.990000
1077515580,202.000000,202.040000,201.990000,202.020000
1077515640,202.020000,202.020000,202.000000,202.010000
1077515700,202.020000,202.020000,201.950000,201.950000
1077515760,201.950000,201.980000,201.930000,201.980000
1077515820,201.970000,202.020000,201.970000,202.010000
1077515880,202.020000,202.040000,202.020000,202.020000
1077515940,202.010000,202.020000,201.970000,201.980000
1077516000,201.970000,201.970000,201.920000,201.950000
1077516060,201.960000,202.010000,201.950000,202.000000
1077516120,201.990000,202.010000,201.980000,202.000000
1077516180,202.010000,202.030000,202.000000,202.030000
1077516240,202.040000,202.040000,201.990000,202.020000
1077516300,202.010000,202.020000,202.000000,202.010000
1077516360,202.020000,202.030000,202.010000,202.030000
1077516420,202.040000,202.070000,202.020000,202.050000
1077516480,202.060000,202.080000,202.060000,202.070000
1077516540,202.080000,202.110000,202.080000,202.080000
1077516600,202.090000,202.130000,202.090000,202.120000
1077516660,202.140000,202.280000,202.140000,202.240000
1077516720,202.260000,202.280000,202.210000,202.240000
1077516780,202.230000,202.240000,202.210000,202.220000
1077516840,202.210000,202.230000,202.180000,202.200000
1077516900,202.210000,202.270000,202.200000,202.240000
1077516960,202.250000,202.260000,202.210000,202.210000
1077517020,202.220000,202.220000,202.180000,202.180000
1077517080,202.190000,202.210000,202.110000,202.140000
1077517140,202.150000,202.150000,202.100000,202.130000
1077517200,202.110000,202.160000,202.100000,202.150000
1077517260,202.140000,202.150000,202.120000,202.120000
1077517320,202.100000,202.130000,202.050000,202.060000
1077517380,202.060000,202.060000,201.970000,201.970000
1077517440,201.990000,202.050000,201.980000,202.040000
1077517500,202.050000,202.070000,202.030000,202.040000
1077517560,202.040000,202.050000,202.030000,202.040000
1077517620,202.040000,202.040000,202.020000,202.040000
1077517680,202.040000,202.060000,202.030000,202.050000
1077517740,202.040000,202.060000,202.030000,202.050000
1077517800,202.050000,202.060000,202.030000,202.060000
1077517860,202.050000,202.080000,202.040000,202.070000
1077517920,202.060000,202.060000,202.030000,202.030000
1077517980,202.030000,202.060000,202.010000,202.060000
1077518100,202.050000,202.070000,202.050000,202.060000
1077518160,202.050000,202.110000,202.050000,202.090000
1077518220,202.080000,202.080000,201.950000,201.950000
1077518280,201.950000,201.950000,201.910000,201.950000
1077518340,201.930000,201.960000,201.900000,201.900000
1077518400,201.840000,201.860000,201.830000,201.850000
1077518460,201.850000,201.860000,201.710000,201.800000
1077518520,201.790000,201.810000,201.770000,201.800000
1077518580,201.790000,201.820000,201.750000,201.820000
1077518640,201.830000,201.860000,201.740000,201.750000
1077518700,201.750000,201.810000,201.740000,201.810000
1077518760,201.800000,201.800000,201.590000,201.610000
1077518820,201.600000,201.650000,201.600000,201.630000
1077518880,201.620000,201.690000,201.620000,201.680000
1077518940,201.710000,201.760000,201.710000,201.740000
1077519000,201.730000,201.750000,201.730000,201.740000
1077519060,201.740000,201.770000,201.730000,201.760000
1077519120,201.770000,201.770000,201.620000,201.660000
1077519180,201.660000,201.690000,201.650000,201.680000
1077519240,201.690000,201.690000,201.660000,201.670000
1077519300,201.660000,201.670000,201.570000,201.630000
1077519360,201.640000,201.730000,201.630000,201.720000
1077519420,201.730000,201.740000,201.670000,201.680000
1077519480,201.670000,201.770000,201.670000,201.740000
1077519540,201.750000,201.760000,201.700000,201.740000
1077519600,201.750000,201.780000,201.720000,201.780000
1077519660,201.790000,201.800000,201.770000,201.770000
1077519720,201.760000,201.760000,201.750000,201.760000
1077519780,201.750000,201.770000,201.710000,201.760000
1077519840,201.760000,201.760000,201.700000,201.710000
1077519900,201.720000,201.740000,201.710000,201.720000
1077519960,201.730000,201.750000,201.710000,201.750000
1077520020,201.760000,201.760000,201.720000,201.750000
1077520080,201.740000,201.740000,201.730000,201.740000
1077520140,201.730000,201.740000,201.730000,201.740000
1077520200,201.750000,201.810000,201.750000,201.790000
1077520260,201.780000,201.790000,201.730000,201.740000
1077520320,201.730000,201.730000,201.640000,201.680000
1077520380,201.670000,201.680000,201.630000,201.670000
1077520440,201.670000,201.670000,201.610000,201.620000
1077520500,201.630000,201.630000,201.590000,201.600000
1077520560,201.600000,201.600000,201.470000,201.480000
1077520620,201.470000,201.480000,201.400000,201.440000
1077520680,201.450000,201.480000,201.370000,201.370000
1077520740,201.370000,201.400000,201.360000,201.400000
1077520800,201.410000,201.440000,201.380000,201.440000
1077520860,201.430000,201.530000,201.430000,201.530000
1077520920,201.520000,201.560000,201.510000,201.550000
1077520980,201.540000,201.560000,201.470000,201.470000
1077521040,201.480000,201.550000,201.460000,201.530000
1077521100,201.540000,201.540000,201.530000,201.530000
1077521160,201.540000,201.540000,201.510000,201.510000
1077521220,201.530000,201.550000,201.460000,201.470000
1077521280,201.470000,201.490000,201.440000,201.470000
1077521340,201.470000,201.480000,201.370000,201.390000
1077521400,201.410000,201.430000,201.360000,201.390000
1077521460,201.380000,201.400000,201.320000,201.340000
1077521520,201.340000,201.350000,201.300000,201.300000
1077521580,201.320000,201.410000,201.320000,201.390000
1077521640,201.390000,201.400000,201.280000,201.320000
1077521700,201.320000,201.320000,201.180000,201.180000
1077521760,201.170000,201.190000,201.160000,201.190000
1077521820,201.180000,201.180000,201.020000,201.060000
1077521880,201.050000,201.060000,200.950000,201.020000
1077521940,201.020000,201.150000,201.020000,201.090000
1077522000,201.090000,201.150000,201.070000,201.140000
1077522060,201.140000,201.150000,201.120000,201.150000
1077522120,201.140000,201.250000,201.140000,201.250000
1077522180,201.240000,201.240000,201.180000,201.180000
1077522240,201.180000,201.190000,201.160000,201.190000
1077522300,201.190000,201.230000,201.190000,201.190000
1077522360,201.180000,201.210000,201.140000,201.180000
1077522420,201.180000,201.210000,201.170000,201.170000
1077522480,201.160000,201.210000,201.140000,201.210000
1077522540,201.200000,201.200000,201.170000,201.170000
1077522600,201.180000,201.240000,201.180000,201.240000
1077522660,201.230000,201.230000,201.140000,201.160000
1077522720,201.170000,201.170000,201.080000,201.090000
1077522780,201.090000,201.090000,201.050000,201.060000
1077522840,201.060000,201.070000,201.010000,201.020000
1077522900,201.030000,201.060000,201.030000,201.050000
1077522960,201.060000,201.060000,201.050000,201.060000
1077523020,201.060000,201.060000,201.030000,201.060000
1077523080,201.050000,201.060000,201.030000,201.030000
1077523140,201.040000,201.070000,201.020000,201.060000
1077523200,201.060000,201.110000,201.060000,201.090000
1077523260,201.100000,201.110000,201.060000,201.080000
1077523320,201.070000,201.110000,201.050000,201.060000
1077523380,201.090000,201.090000,201.050000,201.080000
1077523440,201.090000,201.090000,201.020000,201.040000
1077523500,201.040000,201.040000,200.940000,200.940000
1077523560,200.930000,200.940000,200.880000,200.900000
1077523620,200.890000,200.890000,200.880000,200.880000
1077523680,200.890000,200.900000,200.890000,200.890000
1077523740,200.900000,200.930000,200.820000,200.930000
1077523800,200.960000,201.380000,200.960000,201.380000
1077523860,201.370000,201.410000,201.240000,201.390000
1077523920,201.380000,201.390000,201.270000,201.300000
1077523980,201.290000,201.290000,201.230000,201.250000
1077524040,201.260000,201.280000,201.100000,201.100000
1077524100,201.090000,201.380000,201.070000,201.380000
1077524160,201.380000,201.400000,201.300000,201.360000
1077524220,201.360000,201.480000,201.340000,201.450000
1077524280,201.460000,201.480000,201.360000,201.400000
1077524340,201.390000,201.390000,201.340000,201.370000
1077524400,201.380000,201.540000,201.380000,201.540000
1077524460,201.520000,201.530000,201.460000,201.480000
1077524520,201.490000,201.530000,201.490000,201.500000
1077524580,201.480000,201.480000,201.340000,201.340000
1077524640,201.350000,201.350000,201.310000,201.310000
1077524700,201.300000,201.300000,201.180000,201.210000
1077524760,201.220000,201.220000,201.170000,201.180000
1077524820,201.190000,201.190000,201.120000,201.130000
1077524880,201.130000,201.150000,201.120000,201.130000
1077524940,201.140000,201.200000,201.130000,201.130000
1077525000,201.130000,201.160000,201.130000,201.150000
1077525060,201.160000,201.170000,201.080000,201.140000
1077525120,201.140000,201.150000,201.080000,201.090000
1077525180,201.080000,201.110000,201.070000,201.090000
1077525240,201.100000,201.200000,201.090000,201.190000
1077525300,201.200000,201.250000,201.200000,201.240000
1077525360,201.250000,201.270000,201.240000,201.260000
1077525420,201.260000,201.280000,201.240000,201.280000
1077525480,201.270000,201.290000,201.250000,201.280000
1077525540,201.290000,201.370000,201.260000,201.360000
1077525600,201.360000,201.370000,201.330000,201.370000
1077525660,201.370000,201.400000,201.370000,201.390000
1077525720,201.400000,201.400000,201.350000,201.380000
1077525780,201.380000,201.390000,201.340000,201.350000
1077525840,201.360000,201.360000,201.230000,201.290000
1077525900,201.280000,201.330000,201.240000,201.250000
1077525960,201.260000,201.280000,201.230000,201.230000
1077526020,201.240000,201.240000,201.220000,201.240000
1077526080,201.240000,201.240000,201.180000,201.180000
1077526140,201.170000,201.170000,201.120000,201.130000
1077526200,201.140000,201.170000,201.130000,201.160000
1077526260,201.160000,201.170000,201.150000,201.150000
1077526320,201.150000,201.160000,201.120000,201.160000
1077526380,201.160000,201.160000,201.120000,201.120000
1077526440,201.120000,201.140000,201.110000,201.120000
1077526500,201.120000,201.140000,201.080000,201.130000
1077526560,201.130000,201.180000,201.120000,201.140000
1077526620,201.140000,201.150000,201.130000,201.140000
1077526680,201.140000,201.150000,201.130000,201.140000
1077526740,201.140000,201.160000,201.120000,201.160000
1077526800,201.160000,201.180000,201.140000,201.140000
1077526860,201.150000,201.150000,201.120000,201.120000
1077526920,201.120000,201.170000,201.100000,201.140000
1077526980,201.140000,201.170000,201.140000,201.160000
1077527040,201.170000,201.230000,201.140000,201.230000
1077527100,201.240000,201.250000,201.200000,201.250000
1077527160,201.260000,201.390000,201.260000,201.380000
1077527220,201.390000,201.400000,201.360000,201.390000
1077527280,201.400000,201.440000,201.370000,201.430000
1077527340,201.440000,201.480000,201.410000,201.470000
1077527400,201.470000,201.490000,201.420000,201.420000
1077527460,201.420000,201.430000,201.400000,201.420000
1077527520,201.420000,201.420000,201.340000,201.340000
1077527580,201.340000,201.350000,201.270000,201.270000
1077527640,201.270000,201.350000,201.270000,201.320000
1077527700,201.310000,201.310000,201.290000,201.290000
1077527760,201.280000,201.290000,201.240000,201.250000
1077527820,201.240000,201.270000,201.240000,201.260000
1077527880,201.260000,201.260000,201.170000,201.170000
1077527940,201.160000,201.190000,201.150000,201.170000
1077528000,201.180000,201.190000,201.170000,201.190000
1077528060,201.180000,201.200000,201.180000,201.200000
1077528120,201.210000,201.240000,201.200000,201.240000
1077528180,201.240000,201.240000,201.230000,201.240000
1077528240,201.250000,201.260000,201.230000,201.260000
1077528300,201.260000,201.290000,201.260000,201.290000
1077528360,201.280000,201.280000,201.270000,201.270000
1077528420,201.280000,201.300000,201.260000,201.270000
1077528480,201.260000,201.320000,201.260000,201.310000
1077528540,201.310000,201.310000,201.250000,201.250000
1077528600,201.260000,201.260000,201.200000,201.240000
1077528660,201.240000,201.260000,201.240000,201.250000
1077528720,201.250000,201.250000,201.210000,201.220000
1077528780,201.220000,201.260000,201.220000,201.260000
1077528840,201.260000,201.300000,201.260000,201.270000
1077528900,201.260000,201.290000,201.250000,201.280000
1077528960,201.270000,201.300000,201.260000,201.260000
1077529020,201.250000,201.250000,201.190000,201.230000
1077529080,201.240000,201.260000,201.220000,201.250000
1077529140,201.250000,201.250000,201.210000,201.210000
1077529200,201.220000,201.260000,201.180000,201.250000
1077529260,201.260000,201.260000,201.220000,201.250000
1077529320,201.250000,201.260000,201.250000,201.260000
1077529380,201.260000,201.270000,201.250000,201.250000
1077529440,201.260000,201.270000,201.250000,201.260000
1077529500,201.270000,201.270000,201.210000,201.240000
1077529560,201.240000,201.240000,201.210000,201.210000
1077529620,201.210000,201.230000,201.200000,201.230000
1077529680,201.220000,201.260000,201.220000,201.260000
1077529740,201.250000,201.290000,201.250000,201.260000
1077529800,201.260000,201.260000,201.220000,201.220000
1077529860,201.210000,201.210000,201.070000,201.090000
1077529920,201.090000,201.150000,201.090000,201.150000
1077529980,201.150000,201.230000,201.150000,201.230000
1077530040,201.240000,201.250000,201.190000,201.190000
1077530100,201.200000,201.300000,201.200000,201.290000
1077530160,201.290000,201.310000,201.280000,201.300000
1077530220,201.300000,201.310000,201.280000,201.290000
1077530280,201.290000,201.290000,201.270000,201.290000
1077530340,201.290000,201.320000,201.290000,201.320000
1077530400,201.320000,201.420000,201.320000,201.410000
1077530460,201.400000,201.440000,201.340000,201.360000
1077530520,201.360000,201.410000,201.340000,201.350000
1077530580,201.370000,201.420000,201.370000,201.420000
1077530640,201.410000,201.460000,201.400000,201.430000
1077530700,201.430000,201.430000,201.370000,201.420000
1077530760,201.420000,201.430000,201.390000,201.430000
1077530820,201.430000,201.490000,201.430000,201.440000
1077530880,201.430000,201.480000,201.430000,201.470000
1077530940,201.470000,201.500000,201.470000,201.500000
1077531000,201.510000,201.510000,201.470000,201.500000
1077531060,201.510000,201.520000,201.490000,201.510000
1077531120,201.520000,201.520000,201.440000,201.490000
1077531180,201.490000,201.490000,201.410000,201.410000
1077531240,201.420000,201.420000,201.330000,201.340000
1077531300,201.340000,201.360000,201.330000,201.340000
1077531360,201.340000,201.350000,201.310000,201.310000
1077531420,201.310000,201.320000,201.300000,201.310000
1077531480,201.320000,201.360000,201.320000,201.360000
1077531540,201.360000,201.390000,201.340000,201.390000
1077531600,201.390000,201.400000,201.340000,201.350000
1077531660,201.340000,201.350000,201.280000,201.330000
1077531720,201.320000,201.360000,201.320000,201.350000
1077531780,201.340000,201.380000,201.320000,201.350000
1077531840,201.350000,201.370000,201.340000,201.350000
1077531900,201.350000,201.400000,201.330000,201.380000
1077531960,201.380000,201.400000,201.380000,201.380000
1077532020,201.380000,201.430000,201.380000,201.420000
1077532080,201.410000,201.440000,201.400000,201.440000
1077532140,201.440000,201.500000,201.440000,201.490000
1077532200,201.490000,201.500000,201.460000,201.490000
1077532260,201.490000,201.500000,201.470000,201.480000
1077532320,201.470000,201.490000,201.450000,201.470000
1077532380,201.470000,201.480000,201.430000,201.470000
1077532440,201.480000,201.500000,201.450000,201.480000
1077532500,201.490000,201.500000,201.470000,201.480000
1077532560,201.480000,201.490000,201.460000,201.470000
1077532620,201.480000,201.480000,201.470000,201.470000
1077532680,201.460000,201.490000,201.460000,201.490000
1077532740,201.500000,201.510000,201.490000,201.510000
1077532800,201.500000,201.520000,201.500000,201.510000
1077532860,201.510000,201.520000,201.500000,201.520000
1077532920,201.520000,201.520000,201.510000,201.510000
1077532980,201.500000,201.500000,201.490000,201.500000
1077533040,201.490000,201.490000,201.490000,201.490000
1077533100,201.490000,201.490000,201.480000,201.480000
1077533160,201.480000,201.490000,201.470000,201.480000
1077533220,201.470000,201.490000,201.470000,201.490000
1077533280,201.490000,201.490000,201.480000,201.490000
1077533340,201.480000,201.500000,201.480000,201.500000
1077533400,201.510000,201.510000,201.490000,201.490000
1077533460,201.490000,201.500000,201.480000,201.480000
1077533520,201.490000,201.490000,201.440000,201.470000
1077533580,201.480000,201.480000,201.470000,201.470000
1077533640,201.480000,201.510000,201.470000,201.490000
1077533700,201.500000,201.500000,201.450000,201.470000
1077533760,201.470000,201.480000,201.460000,201.480000
1077533820,201.470000,201.480000,201.470000,201.480000
1077533880,201.480000,201.480000,201.470000,201.480000
1077533940,201.470000,201.500000,201.470000,201.490000
1077534000,201.490000,201.500000,201.470000,201.470000
1077534060,201.460000,201.460000,201.450000,201.460000
1077534120,201.460000,201.460000,201.410000,201.410000
1077534180,201.420000,201.450000,201.420000,201.440000
1077534240,201.440000,201.440000,201.430000,201.440000
1077534300,201.430000,201.430000,201.390000,201.390000
1077534360,201.400000,201.400000,201.390000,201.400000
1077534420,201.400000,201.430000,201.400000,201.410000
1077534480,201.420000,201.430000,201.420000,201.430000
1077534540,201.430000,201.440000,201.400000,201.410000
1077534600,201.420000,201.430000,201.400000,201.420000
1077534660,201.410000,201.410000,201.350000,201.350000
1077534720,201.340000,201.350000,201.330000,201.340000
1077534780,201.350000,201.350000,201.340000,201.340000
1077534840,201.340000,201.350000,201.340000,201.340000
1077534900,201.350000,201.370000,201.350000,201.370000
1077534960,201.370000,201.400000,201.370000,201.400000
1077535020,201.390000,201.420000,201.390000,201.410000
1077535080,201.420000,201.470000,201.420000,201.460000
1077535140,201.460000,201.470000,201.460000,201.470000
1077535200,201.460000,201.460000,201.450000,201.450000
1077535260,201.450000,201.470000,201.450000,201.470000
1077535320,201.470000,201.470000,201.460000,201.470000
1077535380,201.460000,201.470000,201.450000,201.450000
1077535440,201.460000,201.460000,201.410000,201.440000
1077535500,201.450000,201.480000,201.450000,201.460000
1077535560,201.470000,201.470000,201.410000,201.410000
1077535620,201.410000,201.500000,201.410000,201.500000
1077535680,201.510000,201.600000,201.510000,201.570000
1077535740,201.580000,201.590000,201.520000,201.520000
1077535800,201.520000,201.520000,201.500000,201.500000
1077535860,201.510000,201.580000,201.490000,201.560000
1077535920,201.550000,201.560000,201.540000,201.540000
1077535980,201.540000,201.540000,201.520000,201.520000
1077536040,201.520000,201.520000,201.500000,201.520000
1077536100,201.490000,201.490000,201.470000,201.490000
1077536160,201.500000,201.500000,201.490000,201.500000
1077536280,201.500000,201.530000,201.480000,201.500000
1077536340,201.500000,201.500000,201.480000,201.500000
1077536400,201.490000,201.490000,201.450000,201.460000
1077536460,201.460000,201.470000,201.440000,201.460000
1077536520,201.450000,201.460000,201.450000,201.450000
1077536580,201.450000,201.450000,201.420000,201.450000
1077536640,201.450000,201.460000,201.450000,201.450000
1077536700,201.450000,201.480000,201.450000,201.470000
1077536760,201.460000,201.480000,201.450000,201.450000
1077536820,201.450000,201.460000,201.450000,201.450000
1077536880,201.450000,201.470000,201.450000,201.460000
1077536940,201.460000,201.480000,201.460000,201.470000
1077537000,201.470000,201.470000,201.440000,201.440000
1077537060,201.430000,201.450000,201.430000,201.450000
1077537120,201.450000,201.460000,201.430000,201.450000
1077537180,201.450000,201.460000,201.420000,201.430000
1077537240,201.420000,201.450000,201.420000,201.450000
1077537300,201.460000,201.470000,201.440000,201.440000
1077537420,201.440000,201.440000,201.430000,201.430000
1077537480,201.440000,201.440000,201.430000,201.440000
1077537540,201.450000,201.450000,201.410000,201.410000
1077537600,201.410000,201.450000,201.400000,201.430000
1077537660,201.420000,201.510000,201.410000,201.510000
1077537720,201.510000,201.510000,201.480000,201.500000
1077537780,201.510000,201.510000,201.470000,201.490000
1077537840,201.480000,201.500000,201.470000,201.500000
1077537900,201.490000,201.500000,201.450000,201.450000
1077537960,201.460000,201.500000,201.460000,201.490000
1077538020,201.480000,201.480000,201.450000,201.460000
1077538080,201.470000,201.490000,201.460000,201.480000
1077538140,201.490000,201.500000,201.480000,201.500000
1077538200,201.500000,201.520000,201.500000,201.520000
1077538260,201.520000,201.540000,201.520000,201.540000
1077538320,201.540000,201.550000,201.540000,201.540000
1077538440,201.540000,201.540000,201.530000,201.540000
1077538500,201.530000,201.540000,201.530000,201.540000
1077538560,201.530000,201.540000,201.520000,201.540000
1077538620,201.530000,201.570000,201.530000,201.560000
1077538680,201.550000,201.640000,201.540000,201.640000
1077538740,201.630000,201.630000,201.600000,201.610000
1077538800,201.620000,201.620000,201.590000,201.590000
1077538860,201.580000,201.590000,201.570000,201.580000
1077538920,201.580000,201.580000,201.530000,201.530000
1077538980,201.540000,201.560000,201.530000,201.560000
1077539040,201.550000,201.570000,201.550000,201.570000
1077539100,201.570000,201.580000,201.550000,201.550000
1077539160,201.550000,201.570000,201.540000,201.570000
1077539220,201.560000,201.630000,201.560000,201.630000
1077539280,201.620000,201.620000,201.600000,201.600000
1077539340,201.600000,201.600000,201.550000,201.580000
1077539400,201.570000,201.580000,201.560000,201.580000
1077539460,201.580000,201.590000,201.560000,201.570000
1077539520,201.580000,201.620000,201.570000,201.620000
1077539580,201.620000,201.650000,201.620000,201.650000
1077539640,201.640000,201.660000,201.630000,201.640000
1077539700,201.640000,201.700000,201.630000,201.700000
1077539760,201.700000,201.700000,201.650000,201.650000
1077539820,201.650000,201.650000,201.520000,201.520000
1077539880,201.510000,201.550000,201.460000,201.540000
1077539940,201.550000,201.560000,201.530000,201.550000
1077540000,201.550000,201.570000,201.540000,201.540000
1077540060,201.520000,201.560000,201.480000,201.510000
1077540120,201.510000,201.570000,201.500000,201.570000
1077540180,201.560000,201.580000,201.540000,201.580000
1077540240,201.570000,201.600000,201.570000,201.600000
1077540300,201.600000,201.640000,201.600000,201.640000
1077540360,201.640000,201.660000,201.630000,201.640000
1077540420,201.640000,201.650000,201.620000,201.630000
1077540480,201.620000,201.620000,201.570000,201.570000
1077540540,201.560000,201.580000,201.540000,201.580000
1077540600,201.570000,201.570000,201.550000,201.550000
1077540660,201.560000,201.570000,201.540000,201.570000
1077540720,201.560000,201.590000,201.550000,201.590000
1077540780,201.580000,201.620000,201.580000,201.610000
1077540840,201.610000,201.610000,201.590000,201.600000
1077540900,201.590000,201.630000,201.590000,201.620000
1077540960,201.620000,201.620000,201.590000,201.600000
1077541020,201.600000,201.620000,201.590000,201.620000
1077541080,201.620000,201.640000,201.590000,201.620000
1077541140,201.630000,201.630000,201.620000,201.630000
1077541200,201.630000,201.730000,201.610000,201.720000
1077541260,201.730000,201.740000,201.700000,201.720000
1077541320,201.710000,201.720000,201.680000,201.690000
1077541380,201.700000,201.710000,201.690000,201.690000
1077541440,201.690000,201.700000,201.670000,201.700000
1077541500,201.700000,201.710000,201.610000,201.620000
1077541560,201.630000,201.630000,201.600000,201.620000
1077541620,201.610000,201.630000,201.600000,201.630000
1077541680,201.620000,201.630000,201.610000,201.630000
1077541740,201.630000,201.670000,201.630000,201.640000
1077541800,201.650000,201.660000,201.630000,201.640000
1077541860,201.640000,201.650000,201.600000,201.600000
1077541920,201.600000,201.600000,201.550000,201.560000
1077541980,201.550000,201.560000,201.500000,201.500000
1077542040,201.510000,201.550000,201.500000,201.550000
1077542100,201.540000,201.560000,201.540000,201.540000
1077542160,201.530000,201.540000,201.520000,201.520000
1077542220,201.520000,201.520000,201.490000,201.510000
1077542280,201.500000,201.550000,201.490000,201.550000
1077542340,201.550000,201.590000,201.510000,201.590000
1077542400,201.580000,201.630000,201.580000,201.630000
1077542460,201.640000,201.680000,201.630000,201.670000
1077542520,201.670000,201.760000,201.670000,201.710000
1077542580,201.710000,201.760000,201.710000,201.730000
1077542640,201.730000,201.790000,201.730000,201.790000
1077542700,201.770000,201.800000,201.760000,201.800000
1077542760,201.790000,201.810000,201.770000,201.780000
1077542820,201.770000,201.810000,201.770000,201.790000
1077542880,201.780000,201.790000,201.740000,201.740000
1077542940,201.750000,201.750000,201.700000,201.710000
1077543000,201.710000,201.720000,201.690000,201.700000
1077543060,201.690000,201.730000,201.680000,201.720000
1077543120,201.730000,201.780000,201.720000,201.760000
1077543180,201.770000,201.780000,201.760000,201.770000
1077543240,201.770000,201.780000,201.750000,201.760000
1077543300,201.750000,201.800000,201.750000,201.800000
1077543360,201.810000,201.850000,201.790000,201.850000
1077543420,201.850000,201.900000,201.830000,201.900000
1077543480,201.910000,201.960000,201.900000,201.920000
1077543540,201.930000,201.950000,201.900000,201.900000
1077543600,201.900000,201.930000,201.880000,201.880000
1077543660,201.880000,201.900000,201.870000,201.900000
1077543720,201.890000,201.920000,201.880000,201.890000
1077543780,201.900000,201.910000,201.870000,201.890000
1077543840,201.890000,201.900000,201.870000,201.880000
1077543900,201.880000,201.890000,201.870000,201.880000
1077543960,201.880000,201.890000,201.860000,201.860000
1077544020,201.870000,201.880000,201.870000,201.870000
1077544080,201.870000,201.890000,201.860000,201.890000
1077544140,201.890000,201.890000,201.850000,201.870000
1077544200,201.870000,201.880000,201.850000,201.880000
1077544260,201.880000,201.890000,201.870000,201.870000
1077544320,201.880000,201.920000,201.870000,201.920000
1077544380,201.930000,201.990000,201.930000,201.990000
1077544440,202.000000,202.040000,201.980000,202.040000
1077544500,202.040000,202.040000,202.000000,202.000000
1077544560,202.010000,202.020000,201.990000,202.020000
1077544620,202.010000,202.010000,201.980000,201.990000
1077544680,202.000000,202.020000,201.970000,201.970000
1077544740,201.980000,201.980000,201.960000,201.960000
1077544800,201.970000,201.990000,201.960000,201.980000
1077544860,201.980000,202.050000,201.970000,202.050000
1077544920,202.040000,202.070000,202.040000,202.050000
1077544980,202.040000,202.080000,202.030000,202.060000
1077545040,202.070000,202.090000,202.070000,202.080000
1077545100,202.070000,202.070000,202.050000,202.060000
1077545160,202.070000,202.130000,202.070000,202.120000
1077545220,202.130000,202.220000,202.130000,202.220000
1077545280,202.230000,202.270000,202.190000,202.210000
1077545340,202.220000,202.280000,202.210000,202.260000
1077545400,202.270000,202.270000,202.170000,202.170000
1077545460,202.170000,202.250000,202.160000,202.250000
1077545520,202.240000,202.280000,202.230000,202.250000
1077545580,202.260000,202.390000,202.250000,202.380000
1077545640,202.380000,202.430000,202.380000,202.420000
1077545700,202.420000,202.420000,202.350000,202.360000
1077545760,202.350000,202.400000,202.350000,202.380000
1077545820,202.380000,202.430000,202.370000,202.410000
1077545880,202.400000,202.490000,202.400000,202.440000
1077545940,202.440000,202.440000,202.410000,202.430000
1077546000,202.430000,202.470000,202.420000,202.430000
1077546060,202.430000,202.470000,202.420000,202.460000
1077546120,202.470000,202.470000,202.440000,202.450000
1077546180,202.450000,202.450000,202.390000,202.390000
1077546240,202.400000,202.410000,202.390000,202.390000
1077546300,202.400000,202.400000,202.370000,202.380000
1077546360,202.390000,202.400000,202.390000,202.400000
1077546420,202.390000,202.390000,202.370000,202.380000
1077546480,202.390000,202.400000,202.360000,202.360000
1077546540,202.350000,202.350000,202.260000,202.260000
1077546600,202.270000,202.270000,202.140000,202.180000
1077546660,202.180000,202.190000,202.150000,202.150000
1077546720,202.160000,202.170000,202.150000,202.160000
1077546780,202.150000,202.180000,202.140000,202.170000
1077546840,202.160000,202.190000,202.140000,202.170000
1077546900,202.170000,202.190000,202.170000,202.170000
1077546960,202.170000,202.170000,202.150000,202.160000
1077547020,202.160000,202.160000,202.090000,202.100000
1077547080,202.100000,202.130000,202.090000,202.120000
1077547140,202.120000,202.120000,202.090000,202.110000
1077547200,202.110000,202.150000,202.100000,202.130000
1077547260,202.130000,202.140000,202.100000,202.100000
1077547320,202.090000,202.140000,202.080000,202.130000
1077547380,202.120000,202.130000,202.100000,202.110000
1077547440,202.100000,202.130000,202.100000,202.130000
1077547500,202.120000,202.150000,202.120000,202.130000
1077547560,202.120000,202.140000,202.120000,202.120000
1077547620,202.130000,202.150000,202.130000,202.140000
1077547680,202.140000,202.170000,202.130000,202.160000
1077547740,202.150000,202.180000,202.150000,202.180000
1077547800,202.170000,202.220000,202.160000,202.170000
1077547860,202.170000,202.170000,202.130000,202.140000
1077547920,202.150000,202.150000,202.130000,202.140000
1077547980,202.140000,202.170000,202.140000,202.160000
1077548040,202.160000,202.240000,202.130000,202.240000
1077548100,202.230000,202.260000,202.220000,202.230000
1077548160,202.230000,202.230000,202.230000,202.230000
1077548220,202.230000,202.230000,202.200000,202.200000
1077548280,202.200000,202.210000,202.180000,202.180000
1077548340,202.190000,202.220000,202.180000,202.210000
1077548400,202.200000,202.210000,202.170000,202.200000
1077548460,202.200000,202.230000,202.180000,202.210000
1077548520,202.210000,202.220000,202.160000,202.160000
1077548580,202.160000,202.160000,202.080000,202.090000
1077548640,202.090000,202.110000,202.050000,202.100000
1077548700,202.110000,202.140000,202.070000,202.140000
1077548760,202.150000,202.170000,202.130000,202.140000
1077548820,202.150000,202.170000,202.140000,202.170000
1077548880,202.160000,202.160000,202.130000,202.130000
1077548940,202.140000,202.150000,202.120000,202.140000
1077549000,202.130000,202.210000,202.130000,202.190000
1077549060,202.180000,202.200000,202.130000,202.190000
1077549120,202.180000,202.200000,202.160000,202.160000
1077549180,202.160000,202.170000,202.140000,202.140000
1077549240,202.150000,202.200000,202.120000,202.200000
1077549300,202.200000,202.290000,202.200000,202.270000
1077549360,202.270000,202.360000,202.270000,202.330000
1077549420,202.330000,202.330000,202.310000,202.320000
1077549480,202.330000,202.330000,202.270000,202.270000
1077549540,202.260000,202.260000,202.200000,202.220000
1077549600,202.210000,202.220000,202.190000,202.210000
1077549660,202.210000,202.250000,202.200000,202.230000
1077549720,202.240000,202.280000,202.230000,202.240000
1077549780,202.240000,202.240000,202.220000,202.230000
1077549840,202.240000,202.280000,202.230000,202.250000
1077549900,202.250000,202.260000,202.240000,202.250000
1077549960,202.260000,202.260000,202.230000,202.230000
1077550020,202.230000,202.250000,202.210000,202.210000
1077550080,202.210000,202.280000,202.200000,202.270000
1077550140,202.270000,202.270000,202.240000,202.260000
1077550200,202.260000,202.270000,202.230000,202.230000
1077550260,202.240000,202.240000,202.220000,202.230000
1077550320,202.230000,202.320000,202.230000,202.310000
1077550380,202.320000,202.410000,202.320000,202.400000
1077550440,202.390000,202.420000,202.380000,202.410000
1077550500,202.410000,202.430000,202.410000,202.420000
1077550560,202.410000,202.420000,202.390000,202.400000
1077550620,202.390000,202.400000,202.350000,202.350000
1077550680,202.360000,202.370000,202.300000,202.310000
1077550740,202.310000,202.310000,202.270000,202.290000
1077550800,202.300000,202.360000,202.290000,202.340000
1077550860,202.330000,202.360000,202.320000,202.360000
1077550920,202.360000,202.360000,202.290000,202.290000
1077550980,202.300000,202.300000,202.260000,202.270000
1077551040,202.280000,202.310000,202.280000,202.290000
1077551100,202.290000,202.320000,202.290000,202.300000
1077551160,202.290000,202.320000,202.290000,202.300000
1077551220,202.300000,202.330000,202.170000,202.210000
1077551280,202.220000,202.350000,202.220000,202.330000
1077551340,202.320000,202.320000,202.250000,202.270000
1077551400,202.270000,202.320000,202.270000,202.320000
1077551460,202.310000,202.350000,202.310000,202.320000
1077551520,202.320000,202.380000,202.310000,202.380000
1077551580,202.370000,202.400000,202.360000,202.370000
1077551640,202.370000,202.380000,202.340000,202.380000
1077551700,202.370000,202.400000,202.350000,202.350000
1077551760,202.360000,202.360000,202.320000,202.340000
1077551820,202.350000,202.360000,202.290000,202.300000
1077551880,202.290000,202.290000,202.240000,202.250000
1077551940,202.250000,202.250000,202.120000,202.140000
1077552000,202.150000,202.220000,202.150000,202.190000
1077552060,202.200000,202.210000,202.160000,202.200000
1077552120,202.200000,202.220000,202.190000,202.190000
1077552180,202.200000,202.210000,202.200000,202.210000
1077552240,202.210000,202.210000,202.130000,202.150000
1077552300,202.160000,202.200000,202.140000,202.200000
1077552360,202.210000,202.220000,202.210000,202.220000
1077552420,202.210000,202.220000,202.180000,202.200000
1077552480,202.190000,202.220000,202.150000,202.160000
1077552540,202.160000,202.170000,202.130000,202.140000
1077552600,202.140000,202.150000,202.130000,202.150000
1077552660,202.140000,202.170000,202.080000,202.090000
1077552720,202.100000,202.180000,202.090000,202.170000
1077552780,202.180000,202.240000,202.180000,202.210000
1077552840,202.210000,202.330000,202.210000,202.250000
1077552900,202.250000,202.280000,202.200000,202.210000
1077552960,202.220000,202.230000,202.190000,202.200000
1077553020,202.190000,202.200000,202.180000,202.180000
1077553080,202.170000,202.180000,202.150000,202.180000
1077553140,202.190000,202.240000,202.170000,202.230000
1077553200,202.230000,202.240000,202.180000,202.190000
1077553260,202.200000,202.210000,202.190000,202.190000
1077553320,202.190000,202.190000,202.160000,202.160000
1077553380,202.170000,202.210000,202.170000,202.210000
1077553440,202.210000,202.220000,202.200000,202.200000
1077553500,202.210000,202.230000,202.210000,202.210000
1077553560,202.210000,202.210000,202.200000,202.210000
1077553620,202.220000,202.240000,202.190000,202.220000
1077553680,202.230000,202.240000,202.190000,202.240000
1077553740,202.230000,202.230000,202.200000,202.200000
1077553800,202.190000,202.220000,202.180000,202.220000
1077553860,202.210000,202.240000,202.200000,202.210000
1077553920,202.200000,202.240000,202.190000,202.210000
1077553980,202.220000,202.240000,202.190000,202.190000
1077554040,202.190000,202.190000,202.160000,202.160000
1077554100,202.160000,202.230000,202.160000,202.220000
1077554160,202.210000,202.260000,202.200000,202.260000
1077554220,202.270000,202.270000,202.230000,202.230000
1077554280,202.240000,202.270000,202.230000,202.260000
1077554340,202.260000,202.300000,202.260000,202.300000
1077554400,202.300000,202.300000,202.260000,202.260000
1077554460,202.250000,202.260000,202.250000,202.250000
1077554520,202.250000,202.260000,202.230000,202.260000
1077554580,202.270000,202.320000,202.270000,202.320000
1077554640,202.320000,202.460000,202.320000,202.430000
1077554700,202.420000,202.420000,202.370000,202.370000
1077554760,202.370000,202.410000,202.370000,202.390000
1077554820,202.370000,202.380000,202.310000,202.340000
1077554880,202.330000,202.360000,202.330000,202.350000
1077554940,202.340000,202.370000,202.320000,202.330000
1077555000,202.330000,202.340000,202.310000,202.330000
1077555060,202.340000,202.350000,202.330000,202.350000
1077555120,202.360000,202.370000,202.330000,202.360000
1077555180,202.350000,202.420000,202.320000,202.370000
1077555240,202.380000,202.410000,202.340000,202.340000
1077555300,202.340000,202.340000,202.280000,202.310000
1077555360,202.300000,202.340000,202.290000,202.310000
1077555420,202.300000,202.310000,202.250000,202.250000
1077555480,202.260000,202.280000,202.250000,202.260000
1077555540,202.270000,202.280000,202.220000,202.250000
1077555600,202.240000,202.350000,202.240000,202.340000
1077555660,202.330000,202.330000,202.280000,202.320000
1077555720,202.320000,202.350000,202.320000,202.320000
1077555780,202.320000,202.370000,202.320000,202.370000
1077555840,202.410000,202.420000,202.400000,202.410000
1077555900,202.420000,202.430000,202.350000,202.350000
1077555960,202.340000,202.360000,202.330000,202.360000
1077556020,202.350000,202.430000,202.350000,202.410000
1077556080,202.410000,202.410000,202.360000,202.370000
1077556140,202.360000,202.380000,202.350000,202.370000
1077556200,202.360000,202.370000,202.330000,202.340000
1077556260,202.340000,202.390000,202.340000,202.390000
1077556320,202.400000,202.400000,202.360000,202.360000
1077556380,202.370000,202.370000,202.360000,202.360000
1077556440,202.370000,202.370000,202.350000,202.360000
1077556500,202.360000,202.360000,202.350000,202.350000
1077556560,202.350000,202.360000,202.350000,202.360000
1077556620,202.350000,202.350000,202.320000,202.320000
1077556680,202.320000,202.320000,202.260000,202.260000
1077556740,202.260000,202.260000,202.240000,202.240000
1077556800,202.240000,202.300000,202.230000,202.250000
1077556860,202.260000,202.260000,202.250000,202.260000
1077556920,202.270000,202.290000,202.260000,202.260000
1077556980,202.270000,202.270000,202.230000,202.250000
1077557040,202.240000,202.280000,202.240000,202.280000
1077557100,202.280000,202.280000,202.270000,202.270000
1077557160,202.280000,202.280000,202.270000,202.270000
1077557220,202.280000,202.280000,202.280000,202.280000
1077557280,202.280000,202.300000,202.280000,202.290000
1077557340,202.280000,202.280000,202.280000,202.280000
1077557400,202.280000,202.300000,202.270000,202.280000
1077557460,202.300000,202.300000,202.300000,202.300000
1077557520,202.310000,202.340000,202.310000,202.340000
1077557580,202.340000,202.350000,202.340000,202.350000
1077557640,202.350000,202.350000,202.310000,202.320000
1077557700,202.310000,202.310000,202.310000,202.310000
1077557760,202.310000,202.340000,202.310000,202.330000
1077557820,202.330000,202.360000,202.330000,202.350000
1077557880,202.350000,202.350000,202.310000,202.340000
1077558000,202.340000,202.360000,202.330000,202.360000
1077558060,202.370000,202.380000,202.370000,202.380000
1077558120,202.380000,202.380000,202.350000,202.360000
1077558180,202.350000,202.360000,202.350000,202.360000
1077558240,202.350000,202.350000,202.350000,202.350000
1077558300,202.350000,202.360000,202.260000,202.270000
1077558360,202.260000,202.260000,202.230000,202.240000
1077558420,202.250000,202.270000,202.250000,202.270000
1077558480,202.270000,202.350000,202.260000,202.340000
1077558540,202.320000,202.330000,202.300000,202.300000
1077558600,202.300000,202.320000,202.280000,202.320000
1077558660,202.330000,202.340000,202.330000,202.340000
1077558720,202.330000,202.330000,202.330000,202.330000
1077558780,202.340000,202.340000,202.340000,202.340000
1077558840,202.350000,202.350000,202.350000,202.350000
1077558900,202.360000,202.360000,202.360000,202.360000
1077558960,202.350000,202.350000,202.300000,202.300000
1077559020,202.300000,202.390000,202.300000,202.390000
1077559080,202.390000,202.400000,202.380000,202.400000
1077559140,202.390000,202.390000,202.370000,202.370000
1077559200,202.370000,202.390000,202.350000,202.380000
1077559260,202.370000,202.380000,202.370000,202.370000
1077559320,202.380000,202.430000,202.380000,202.420000
1077559380,202.420000,202.420000,202.420000,202.420000
1077559440,202.410000,202.410000,202.400000,202.410000
1077559500,202.400000,202.430000,202.400000,202.430000
1077559560,202.420000,202.480000,202.420000,202.450000
1077559620,202.440000,202.440000,202.410000,202.410000
1077559680,202.400000,202.400000,202.360000,202.370000
1077559740,202.370000,202.370000,202.300000,202.310000
1077559800,202.310000,202.310000,202.310000,202.310000
1077559860,202.310000,202.330000,202.260000,202.260000
1077559920,202.270000,202.290000,202.260000,202.290000
1077559980,202.310000,202.310000,202.230000,202.270000
1077560040,202.260000,202.270000,202.240000,202.250000
1077560100,202.240000,202.240000,202.230000,202.240000
1077560160,202.230000,202.260000,202.230000,202.260000
1077560220,202.270000,202.280000,202.270000,202.280000
1077560280,202.290000,202.310000,202.280000,202.280000
1077560340,202.290000,202.290000,202.290000,202.290000
1077560400,202.290000,202.310000,202.290000,202.290000
1077560460,202.270000,202.270000,202.230000,202.230000
1077560520,202.200000,202.230000,202.200000,202.210000
1077560580,202.200000,202.200000,202.160000,202.200000
1077560640,202.210000,202.210000,202.180000,202.180000
1077560760,202.200000,202.200000,202.180000,202.180000
1077560820,202.180000,202.260000,202.140000,202.140000
1077560880,202.150000,202.160000,202.150000,202.160000
1077560940,202.160000,202.170000,202.160000,202.160000
1077561000,202.160000,202.170000,202.160000,202.160000
1077561060,202.150000,202.150000,202.140000,202.140000
1077561120,202.140000,202.140000,202.050000,202.050000
1077561180,202.050000,202.100000,202.050000,202.090000
1077561240,202.090000,202.090000,202.030000,202.090000
1077561300,202.090000,202.090000,201.940000,201.940000
1077561360,201.920000,201.960000,201.910000,201.950000
1077561420,201.950000,201.950000,201.920000,201.950000
1077561480,201.960000,201.960000,201.890000,201.900000
1077561540,201.900000,201.940000,201.890000,201.930000
1077561600,201.940000,201.940000,201.920000,201.930000
1077561660,201.920000,201.930000,201.910000,201.910000
1077561720,201.900000,201.900000,201.860000,201.900000
1077561780,201.920000,201.970000,201.910000,201.960000
1077561840,201.970000,201.980000,201.940000,201.980000
1077561900,201.980000,202.130000,201.970000,202.120000
1077561960,202.110000,202.210000,202.110000,202.160000
1077562020,202.170000,202.270000,202.160000,202.170000
1077562080,202.180000,202.180000,202.120000,202.120000
1077562140,202.120000,202.120000,202.080000,202.080000
1077562200,202.090000,202.110000,202.060000,202.070000
1077562260,202.060000,202.070000,202.010000,202.010000
1077562320,202.010000,202.040000,202.000000,202.020000
1077562380,202.010000,202.010000,201.940000,201.970000
1077562440,201.970000,201.990000,201.950000,201.990000
1077562500,201.990000,201.990000,201.930000,201.940000
1077562560,201.930000,201.980000,201.930000,201.980000
1077562620,201.990000,201.990000,201.990000,201.990000
1077562680,201.980000,201.980000,201.970000,201.970000
1077562740,201.980000,201.980000,201.930000,201.940000
1077562800,201.940000,201.970000,201.930000,201.960000
1077562860,201.960000,201.960000,201.940000,201.960000
1077562920,201.950000,201.950000,201.930000,201.940000
1077562980,201.930000,201.970000,201.930000,201.960000
1077563040,201.960000,201.970000,201.950000,201.970000
1077563100,201.960000,202.060000,201.960000,202.040000
1077563160,202.040000,202.050000,202.020000,202.050000
1077563220,202.050000,202.100000,202.050000,202.090000
1077563280,202.100000,202.110000,202.060000,202.060000
1077563340,202.070000,202.100000,202.070000,202.100000
1077563400,202.110000,202.150000,202.100000,202.150000
1077563460,202.150000,202.150000,202.110000,202.130000
1077563520,202.140000,202.140000,202.120000,202.140000
1077563580,202.140000,202.140000,202.140000,202.140000
1077563640,202.140000,202.140000,202.140000,202.140000
1077563700,202.140000,202.140000,202.120000,202.120000
1077563760,202.120000,202.120000,202.060000,202.060000
1077563820,202.060000,202.070000,202.050000,202.060000
1077563880,202.050000,202.060000,202.050000,202.060000
1077563940,202.050000,202.080000,202.040000,202.080000
1077564000,202.080000,202.080000,202.080000,202.080000
1077564060,202.080000,202.080000,202.060000,202.070000
1077564120,202.060000,202.060000,202.040000,202.060000
1077564180,202.050000,202.050000,201.980000,202.000000
1077564240,202.010000,202.020000,201.950000,201.950000
1077564300,201.950000,201.990000,201.940000,201.980000
1077564360,201.990000,202.040000,201.990000,202.020000
1077564420,202.030000,202.040000,202.010000,202.040000
1077564480,202.030000,202.040000,202.030000,202.030000
1077564540,202.040000,202.040000,202.030000,202.040000
1077564600,202.040000,202.200000,202.040000,202.190000
1077564660,202.180000,202.190000,202.180000,202.190000
1077564720,202.190000,202.230000,202.190000,202.230000
1077564780,202.230000,202.230000,202.220000,202.220000
1077564840,202.210000,202.250000,202.190000,202.200000
1077564900,202.190000,202.200000,202.190000,202.190000
1077564960,202.180000,202.180000,202.140000,202.150000
1077565020,202.140000,202.180000,202.140000,202.180000
1077565080,202.170000,202.190000,202.150000,202.160000
1077565140,202.160000,202.170000,202.160000,202.170000
1077565200,202.190000,202.190000,202.190000,202.190000
1077565260,202.180000,202.200000,202.170000,202.200000
1077565320,202.210000,202.220000,202.190000,202.200000
1077565380,202.190000,202.220000,202.170000,202.210000
1077565440,202.230000,202.250000,202.220000,202.250000
1077565500,202.240000,202.260000,202.240000,202.250000
1077565560,202.230000,202.370000,202.190000,202.350000
1077565620,202.350000,202.400000,202.330000,202.400000
1077565680,202.390000,202.400000,202.370000,202.400000
1077565740,202.410000,202.420000,202.350000,202.360000
1077565800,202.350000,202.370000,202.310000,202.340000
1077565860,202.350000,202.370000,202.270000,202.270000
1077565920,202.260000,202.300000,202.230000,202.300000
1077565980,202.290000,202.300000,202.280000,202.300000
1077566040,202.290000,202.330000,202.290000,202.310000
1077566100,202.300000,202.310000,202.250000,202.260000
1077566160,202.280000,202.300000,202.220000,202.270000
1077566220,202.290000,202.320000,202.260000,202.310000
1077566280,202.320000,202.360000,202.310000,202.350000
1077566340,202.360000,202.370000,202.340000,202.340000
1077566400,202.330000,202.350000,202.240000,202.280000
1077566460,202.290000,202.300000,202.260000,202.300000
1077566520,202.330000,202.330000,202.290000,202.290000
1077566580,202.280000,202.280000,202.180000,202.230000
1077566640,202.240000,202.250000,202.230000,202.240000
1077566700,202.240000,202.290000,202.240000,202.280000
1077566760,202.300000,202.310000,202.270000,202.300000
1077566820,202.310000,202.340000,202.310000,202.330000
1077566880,202.320000,202.350000,202.320000,202.350000
1077566940,202.350000,202.370000,202.330000,202.350000
1077567000,202.340000,202.380000,202.320000,202.360000
1077567060,202.370000,202.420000,202.370000,202.420000
1077567120,202.400000,202.400000,202.360000,202.360000
1077567180,202.350000,202.350000,202.250000,202.330000
1077567240,202.330000,202.380000,202.320000,202.380000
1077567300,202.390000,202.390000,202.380000,202.380000
1077567360,202.370000,202.410000,202.370000,202.390000
1077567420,202.380000,202.440000,202.370000,202.440000
1077567480,202.470000,202.470000,202.450000,202.450000
1077567540,202.450000,202.450000,202.410000,202.410000
1077567600,202.420000,202.420000,202.400000,202.420000
1077567660,202.430000,202.460000,202.430000,202.450000
1077567720,202.450000,202.480000,202.390000,202.410000
1077567780,202.410000,202.440000,202.380000,202.440000
1077567840,202.430000,202.440000,202.420000,202.420000
1077567900,202.430000,202.430000,202.420000,202.420000
1077567960,202.430000,202.440000,202.400000,202.400000
1077568020,202.410000,202.410000,202.400000,202.410000
1077568080,202.420000,202.430000,202.420000,202.430000
1077568140,202.420000,202.420000,202.420000,202.420000
1077568200,202.420000,202.430000,202.410000,202.420000
1077568260,202.420000,202.430000,202.420000,202.430000
1077568320,202.430000,202.440000,202.410000,202.410000
1077568380,202.410000,202.410000,202.390000,202.400000
1077568440,202.390000,202.410000,202.380000,202.400000
1077568500,202.400000,202.420000,202.400000,202.410000
1077568560,202.410000,202.410000,202.410000,202.410000
1077568620,202.400000,202.420000,202.400000,202.410000
1077568680,202.420000,202.420000,202.400000,202.410000
1077568740,202.400000,202.420000,202.400000,202.420000
1077568800,202.420000,202.460000,202.420000,202.460000
1077568860,202.470000,202.470000,202.460000,202.470000
1077568920,202.470000,202.470000,202.460000,202.460000
1077568980,202.470000,202.470000,202.450000,202.450000
1077569040,202.460000,202.470000,202.450000,202.460000
1077569100,202.460000,202.460000,202.380000,202.380000
1077569160,202.390000,202.400000,202.300000,202.310000
1077569220,202.280000,202.360000,202.280000,202.360000
1077569340,202.520000,202.550000,202.510000,202.550000
1077569400,202.540000,202.540000,202.510000,202.520000
1077569460,202.510000,202.510000,202.480000,202.490000
1077569520,202.480000,202.490000,202.480000,202.480000
1077569580,202.480000,202.480000,202.460000,202.470000
1077569640,202.460000,202.480000,202.460000,202.470000
1077569700,202.480000,202.490000,202.480000,202.490000
1077569760,202.490000,202.490000,202.460000,202.480000
1077569820,202.490000,202.490000,202.460000,202.470000
1077569880,202.460000,202.470000,202.450000,202.470000
1077569940,202.460000,202.460000,202.420000,202.430000
1077570000,202.420000,202.420000,202.410000,202.420000
1077570060,202.420000,202.420000,202.400000,202.400000
1077570120,202.390000,202.400000,202.370000,202.370000
1077570180,202.370000,202.380000,202.370000,202.380000
1077570240,202.370000,202.370000,202.360000,202.370000
1077570300,202.360000,202.360000,202.310000,202.330000
1077570360,202.320000,202.330000,202.320000,202.320000
1077570420,202.330000,202.350000,202.310000,202.350000
1077570480,202.340000,202.350000,202.330000,202.350000
1077570540,202.350000,202.360000,202.350000,202.360000
1077570600,202.350000,202.360000,202.350000,202.360000
1077570660,202.360000,202.360000,202.350000,202.360000
1077570720,202.370000,202.370000,202.370000,202.370000
1077570840,202.360000,202.380000,202.350000,202.380000
1077570900,202.370000,202.400000,202.370000,202.400000
1077570960,202.400000,202.400000,202.370000,202.390000
1077571020,202.380000,202.380000,202.380000,202.380000
1077571080,202.390000,202.400000,202.380000,202.400000
1077571140,202.400000,202.410000,202.400000,202.410000
1077571200,202.400000,202.450000,202.400000,202.450000
1077571260,202.450000,202.500000,202.450000,202.450000
1077571320,202.440000,202.450000,202.390000,202.390000
1077571380,202.400000,202.400000,202.380000,202.380000
1077571440,202.390000,202.410000,202.390000,202.400000
1077571500,202.390000,202.390000,202.390000,202.390000
1077571560,202.390000,202.390000,202.370000,202.370000
1077571680,202.360000,202.360000,202.350000,202.350000
1077571740,202.350000,202.350000,202.320000,202.330000
1077571800,202.340000,202.340000,202.330000,202.340000
1077571860,202.330000,202.350000,202.330000,202.350000
1077571920,202.340000,202.380000,202.340000,202.380000
1077571980,202.370000,202.380000,202.370000,202.370000
1077572040,202.390000,202.390000,202.370000,202.380000
1077572100,202.370000,202.400000,202.360000,202.400000
1077572160,202.410000,202.430000,202.400000,202.430000
1077572220,202.420000,202.430000,202.420000,202.430000
1077572280,202.450000,202.450000,202.430000,202.430000
1077572340,202.450000,202.450000,202.440000,202.440000
1077572400,202.440000,202.510000,202.440000,202.510000
1077572460,202.520000,202.520000,202.490000,202.490000
1077572520,202.490000,202.500000,202.450000,202.470000
1077572580,202.460000,202.480000,202.450000,202.460000
1077572640,202.470000,202.480000,202.470000,202.480000
1077572700,202.470000,202.470000,202.470000,202.470000
1077572760,202.480000,202.480000,202.470000,202.470000
1077572820,202.470000,202.480000,202.470000,202.480000
1077572880,202.470000,202.470000,202.460000,202.460000
1077572940,202.460000,202.460000,202.440000,202.440000
1077573000,202.450000,202.450000,202.440000,202.450000
1077573060,202.440000,202.450000,202.440000,202.450000
1077573120,202.450000,202.450000,202.450000,202.450000
1077573180,202.450000,202.450000,202.430000,202.440000
1077573240,202.440000,202.450000,202.440000,202.440000
1077573360,202.450000,202.460000,202.450000,202.460000
1077574620,202.390000,202.410000,202.360000,202.410000
1077574680,202.410000,202.420000,202.370000,202.370000
1077574740,202.380000,202.380000,202.380000,202.380000
1077574800,202.390000,202.400000,202.380000,202.390000
1077574860,202.380000,202.390000,202.380000,202.380000
1077574920,202.390000,202.390000,202.380000,202.390000
1077575100,202.400000,202.400000,202.380000,202.390000
1077575160,202.410000,202.440000,202.400000,202.440000
1077575220,202.440000,202.470000,202.440000,202.450000
1077575280,202.460000,202.470000,202.440000,202.470000
1077575340,202.460000,202.460000,202.460000,202.460000
1077575400,202.450000,202.450000,202.440000,202.440000
1077575460,202.430000,202.460000,202.430000,202.460000
1077575520,202.450000,202.460000,202.440000,202.450000
1077575580,202.450000,202.480000,202.450000,202.450000
1077575640,202.460000,202.470000,202.450000,202.450000
1077575700,202.440000,202.460000,202.430000,202.460000
1077575760,202.450000,202.460000,202.440000,202.460000
1077575820,202.450000,202.460000,202.450000,202.450000
1077575880,202.460000,202.470000,202.420000,202.420000
1077575940,202.420000,202.440000,202.410000,202.430000
1077576000,202.420000,202.430000,202.390000,202.400000
1077576060,202.400000,202.440000,202.400000,202.420000
1077576120,202.420000,202.420000,202.420000,202.420000
1077576180,202.420000,202.420000,202.380000,202.410000
1077576240,202.390000,202.420000,202.390000,202.410000
1077576300,202.410000,202.410000,202.390000,202.400000
1077576360,202.410000,202.430000,202.390000,202.420000
1077576420,202.410000,202.430000,202.400000,202.400000
1077576480,202.400000,202.400000,202.380000,202.390000
1077576540,202.390000,202.410000,202.390000,202.400000
1077576600,202.400000,202.400000,202.350000,202.380000
1077576660,202.390000,202.390000,202.360000,202.380000
1077576720,202.370000,202.400000,202.370000,202.400000
1077576780,202.390000,202.390000,202.380000,202.380000
1077576900,202.380000,202.380000,202.380000,202.380000
1077576960,202.390000,202.410000,202.380000,202.380000
1077577020,202.400000,202.410000,202.400000,202.410000
1077577080,202.410000,202.410000,202.410000,202.410000
1077577140,202.400000,202.420000,202.380000,202.390000
1077577200,202.400000,202.400000,202.380000,202.400000
1077577260,202.380000,202.410000,202.380000,202.400000
1077577320,202.400000,202.440000,202.390000,202.420000
1077577380,202.430000,202.450000,202.370000,202.400000
1077577440,202.390000,202.390000,202.380000,202.390000
1077577500,202.400000,202.410000,202.400000,202.410000
1077577560,202.400000,202.400000,202.380000,202.390000
1077577620,202.400000,202.400000,202.370000,202.370000
1077577680,202.370000,202.400000,202.370000,202.400000
1077577740,202.410000,202.410000,202.410000,202.410000
1077577800,202.410000,202.410000,202.410000,202.410000
1077577860,202.410000,202.410000,202.410000,202.410000
1077577920,202.420000,202.420000,202.410000,202.410000
1077577980,202.400000,202.400000,202.390000,202.390000
1077578040,202.400000,202.400000,202.390000,202.400000
1077578100,202.390000,202.390000,202.380000,202.380000
1077578160,202.380000,202.380000,202.370000,202.380000
1077578220,202.370000,202.370000,202.360000,202.370000
1077578280,202.390000,202.390000,202.340000,202.340000
1077578340,202.340000,202.350000,202.340000,202.340000
1077578400,202.330000,202.350000,202.330000,202.350000
1077578460,202.350000,202.370000,202.350000,202.370000
1077578520,202.380000,202.380000,202.380000,202.380000
1077578580,202.380000,202.390000,202.370000,202.380000
1077578640,202.390000,202.410000,202.370000,202.370000
1077578700,202.390000,202.390000,202.360000,202.380000
1077578820,202.380000,202.390000,202.380000,202.380000
1077578880,202.370000,202.370000,202.340000,202.340000
1077578940,202.350000,202.360000,202.340000,202.340000
1077579000,202.350000,202.350000,202.340000,202.350000
1077579060,202.350000,202.350000,202.330000,202.350000
1077579120,202.350000,202.350000,202.340000,202.350000
1077579180,202.360000,202.360000,202.350000,202.360000
1077579240,202.350000,202.350000,202.350000,202.350000
1077579300,202.350000,202.390000,202.350000,202.390000
1077579360,202.380000,202.390000,202.370000,202.390000
1077579540,202.400000,202.410000,202.390000,202.410000
1077579600,202.410000,202.410000,202.370000,202.390000
1077579660,202.400000,202.420000,202.330000,202.330000
1077579720,202.330000,202.370000,202.320000,202.370000
1077579780,202.370000,202.370000,202.350000,202.370000
1077579840,202.370000,202.390000,202.360000,202.370000
1077579900,202.360000,202.360000,202.270000,202.320000
1077579960,202.310000,202.340000,202.310000,202.330000
1077580020,202.330000,202.360000,202.330000,202.350000
1077580080,202.360000,202.380000,202.330000,202.360000
1077580140,202.350000,202.400000,202.350000,202.370000
1077580200,202.370000,202.390000,202.370000,202.380000
1077580260,202.380000,202.400000,202.380000,202.400000
1077580380,202.400000,202.410000,202.390000,202.390000
1077580440,202.390000,202.410000,202.390000,202.400000
1077580500,202.410000,202.420000,202.400000,202.400000
1077580560,202.390000,202.410000,202.390000,202.410000
1077580620,202.400000,202.400000,202.390000,202.390000
1077580680,202.390000,202.400000,202.360000,202.360000
1077580740,202.370000,202.380000,202.370000,202.380000
1077580860,202.380000,202.390000,202.360000,202.390000
1077580920,202.400000,202.420000,202.400000,202.420000
1077580980,202.420000,202.420000,202.410000,202.420000
1077581040,202.420000,202.420000,202.400000,202.400000
1077581100,202.410000,202.420000,202.390000,202.400000
1077581160,202.390000,202.390000,202.370000,202.370000
1077581220,202.380000,202.390000,202.370000,202.390000
1077581280,202.390000,202.390000,202.370000,202.370000
1077581340,202.380000,202.380000,202.380000,202.380000
1077581400,202.390000,202.410000,202.380000,202.410000
1077581460,202.410000,202.410000,202.390000,202.400000
1077581520,202.400000,202.410000,202.380000,202.390000
1077581580,202.380000,202.400000,202.370000,202.370000
1077581640,202.370000,202.380000,202.360000,202.370000
1077581700,202.380000,202.380000,202.360000,202.370000
1077581760,202.370000,202.370000,202.360000,202.370000
1077581820,202.360000,202.380000,202.360000,202.370000
1077581880,202.380000,202.380000,202.380000,202.380000
1077581940,202.370000,202.390000,202.370000,202.380000
1077582000,202.380000,202.400000,202.380000,202.400000
1077582060,202.400000,202.440000,202.400000,202.440000
1077582120,202.420000,202.440000,202.420000,202.440000
1077582180,202.420000,202.420000,202.410000,202.410000
1077582240,202.410000,202.440000,202.400000,202.430000
1077582300,202.420000,202.420000,202.400000,202.410000
1077582360,202.410000,202.430000,202.410000,202.430000
1077582420,202.420000,202.450000,202.420000,202.440000
1077582480,202.440000,202.450000,202.420000,202.440000
1077582540,202.430000,202.470000,202.420000,202.450000
1077582600,202.450000,202.490000,202.440000,202.480000
1077582660,202.490000,202.560000,202.480000,202.550000
1077582720,202.550000,202.560000,202.530000,202.540000
1077582780,202.540000,202.540000,202.520000,202.520000
1077582840,202.510000,202.510000,202.480000,202.490000
1077582900,202.480000,202.480000,202.440000,202.470000
1077582960,202.470000,202.500000,202.470000,202.500000
1077583020,202.510000,202.540000,202.500000,202.500000
1077583080,202.510000,202.520000,202.500000,202.500000
1077583140,202.510000,202.510000,202.500000,202.510000
1077583200,202.510000,202.510000,202.500000,202.500000
1077583260,202.510000,202.510000,202.480000,202.500000
1077583320,202.500000,202.500000,202.500000,202.500000
1077583380,202.500000,202.500000,202.480000,202.500000
1077583440,202.490000,202.520000,202.480000,202.490000
1077583500,202.490000,202.530000,202.460000,202.500000
1077583560,202.520000,202.530000,202.490000,202.520000
1077583620,202.520000,202.520000,202.480000,202.490000
1077583680,202.500000,202.510000,202.490000,202.500000
1077583740,202.490000,202.500000,202.480000,202.500000
1077583800,202.490000,202.500000,202.480000,202.490000
1077583860,202.480000,202.520000,202.470000,202.490000
1077583920,202.500000,202.510000,202.470000,202.490000
1077583980,202.490000,202.520000,202.490000,202.510000
1077584040,202.500000,202.500000,202.450000,202.470000
1077584100,202.480000,202.490000,202.440000,202.490000
1077584160,202.500000,202.510000,202.470000,202.510000
1077584220,202.500000,202.510000,202.490000,202.500000
1077584280,202.490000,202.500000,202.460000,202.460000
1077584340,202.470000,202.470000,202.420000,202.430000
1077584400,202.440000,202.490000,202.440000,202.480000
1077584460,202.490000,202.490000,202.470000,202.480000
1077584520,202.490000,202.540000,202.490000,202.540000
1077584580,202.530000,202.590000,202.530000,202.580000
1077584640,202.580000,202.630000,202.580000,202.600000
1077584700,202.600000,202.600000,202.520000,202.540000
1077584760,202.540000,202.550000,202.530000,202.540000
1077584820,202.550000,202.600000,202.550000,202.580000
1077584880,202.590000,202.610000,202.520000,202.540000
1077584940,202.540000,202.590000,202.530000,202.570000
1077585000,202.570000,202.600000,202.560000,202.580000
1077585060,202.580000,202.620000,202.570000,202.610000
1077585120,202.600000,202.600000,202.550000,202.550000
1077585180,202.560000,202.580000,202.520000,202.530000
1077585240,202.540000,202.550000,202.470000,202.490000
1077585300,202.490000,202.500000,202.460000,202.480000
1077585360,202.490000,202.510000,202.480000,202.480000
1077585420,202.490000,202.510000,202.440000,202.450000
1077585480,202.460000,202.480000,202.460000,202.470000
1077585540,202.460000,202.470000,202.430000,202.450000
1077585600,202.460000,202.460000,202.410000,202.440000
1077585660,202.440000,202.470000,202.440000,202.460000
1077585720,202.470000,202.520000,202.460000,202.510000
1077585780,202.500000,202.520000,202.430000,202.430000
1077585840,202.440000,202.440000,202.350000,202.350000
1077585900,202.340000,202.390000,202.320000,202.380000
1077585960,202.370000,202.390000,202.370000,202.390000
1077586020,202.390000,202.420000,202.390000,202.410000
1077586080,202.410000,202.420000,202.410000,202.410000
1077586140,202.420000,202.420000,202.390000,202.390000
1077586200,202.390000,202.390000,202.340000,202.340000
1077586260,202.350000,202.360000,202.350000,202.360000
1077586320,202.370000,202.420000,202.370000,202.400000
1077586380,202.400000,202.430000,202.400000,202.400000
1077586440,202.390000,202.420000,202.360000,202.360000
1077586500,202.360000,202.410000,202.360000,202.400000
1077586560,202.390000,202.410000,202.370000,202.390000
1077586620,202.400000,202.400000,202.370000,202.370000
1077586680,202.370000,202.370000,202.340000,202.350000
1077586740,202.350000,202.360000,202.340000,202.340000
1077586800,202.340000,202.350000,202.340000,202.340000
1077586860,202.350000,202.360000,202.340000,202.350000
1077586920,202.360000,202.360000,202.340000,202.350000
1077586980,202.340000,202.390000,202.340000,202.390000
1077587040,202.390000,202.400000,202.370000,202.390000
1077587100,202.390000,202.390000,202.380000,202.390000
1077587160,202.390000,202.390000,202.360000,202.360000
1077587220,202.370000,202.370000,202.360000,202.360000
1077587280,202.370000,202.410000,202.370000,202.390000
1077587340,202.400000,202.400000,202.390000,202.400000
1077587400,202.390000,202.400000,202.390000,202.400000
1077587460,202.400000,202.420000,202.400000,202.420000
1077587520,202.410000,202.440000,202.410000,202.430000
1077587580,202.440000,202.440000,202.420000,202.430000
1077587640,202.440000,202.470000,202.430000,202.460000
1077587700,202.460000,202.460000,202.450000,202.460000
1077587760,202.460000,202.480000,202.450000,202.460000
1077587820,202.460000,202.470000,202.460000,202.460000
1077587880,202.460000,202.460000,202.450000,202.450000
1077587940,202.450000,202.460000,202.430000,202.460000
1077588000,202.450000,202.470000,202.440000,202.470000
1077588060,202.470000,202.510000,202.470000,202.510000
1077588120,202.510000,202.600000,202.510000,202.560000
1077588180,202.560000,202.580000,202.550000,202.560000
1077588240,202.570000,202.590000,202.570000,202.580000
1077588300,202.580000,202.590000,202.550000,202.550000
1077588360,202.540000,202.540000,202.510000,202.520000
1077588420,202.520000,202.560000,202.510000,202.530000
1077588480,202.540000,202.570000,202.520000,202.540000
1077588540,202.550000,202.600000,202.550000,202.590000
1077588600,202.580000,202.580000,202.550000,202.560000
1077588660,202.570000,202.610000,202.570000,202.600000
1077588720,202.600000,202.600000,202.590000,202.590000
1077588780,202.600000,202.620000,202.570000,202.570000
1077588840,202.580000,202.590000,202.560000,202.560000
1077588900,202.550000,202.550000,202.510000,202.530000
1077588960,202.530000,202.530000,202.450000,202.450000
1077589020,202.470000,202.490000,202.440000,202.480000
1077589080,202.470000,202.470000,202.460000,202.470000
1077589140,202.470000,202.470000,202.420000,202.420000
1077589200,202.410000,202.470000,202.410000,202.410000
1077589260,202.400000,202.460000,202.400000,202.460000
1077589320,202.470000,202.480000,202.430000,202.440000
1077589380,202.430000,202.440000,202.400000,202.420000
1077589440,202.430000,202.430000,202.420000,202.420000
1077589500,202.430000,202.430000,202.420000,202.420000
1077589560,202.430000,202.460000,202.430000,202.450000
1077589620,202.460000,202.490000,202.450000,202.480000
1077589680,202.480000,202.510000,202.480000,202.490000
1077589740,202.500000,202.540000,202.500000,202.540000
1077589800,202.530000,202.550000,202.520000,202.550000
1077589860,202.550000,202.550000,202.520000,202.520000
1077589920,202.510000,202.520000,202.510000,202.520000
1077589980,202.520000,202.560000,202.520000,202.560000
1077590040,202.570000,202.570000,202.540000,202.550000
1077590100,202.550000,202.550000,202.530000,202.540000
1077590160,202.530000,202.540000,202.530000,202.540000
1077590220,202.540000,202.550000,202.540000,202.550000
1077590280,202.550000,202.560000,202.540000,202.560000
1077590340,202.560000,202.600000,202.550000,202.580000
1077590400,202.590000,202.600000,202.570000,202.590000
1077590460,202.580000,202.600000,202.560000,202.590000
1077590520,202.590000,202.600000,202.590000,202.590000
1077590580,202.580000,202.580000,202.570000,202.570000
1077590640,202.580000,202.580000,202.570000,202.570000
1077590700,202.580000,202.590000,202.570000,202.590000
1077590760,202.590000,202.590000,202.580000,202.580000
1077590820,202.580000,202.640000,202.580000,202.620000
1077590880,202.620000,202.620000,202.600000,202.610000
1077590940,202.600000,202.620000,202.580000,202.580000
1077591000,202.590000,202.600000,202.590000,202.600000
1077591060,202.600000,202.610000,202.560000,202.560000
1077591120,202.580000,202.630000,202.540000,202.630000
1077591180,202.630000,202.660000,202.610000,202.660000
1077591240,202.650000,202.670000,202.640000,202.650000
1077591300,202.660000,202.670000,202.620000,202.650000
1077591360,202.650000,202.650000,202.640000,202.650000
1077591420,202.640000,202.640000,202.590000,202.620000
1077591480,202.610000,202.660000,202.610000,202.620000
1077591540,202.610000,202.620000,202.600000,202.610000
1077591600,202.620000,202.620000,202.620000,202.620000
1077591660,202.610000,202.610000,202.600000,202.600000
1077591720,202.600000,202.610000,202.590000,202.600000
1077591780,202.600000,202.600000,202.570000,202.570000
1077591840,202.570000,202.600000,202.560000,202.560000
1077591900,202.570000,202.580000,202.540000,202.560000
1077591960,202.550000,202.570000,202.540000,202.540000
1077592020,202.540000,202.540000,202.530000,202.540000
1077592080,202.540000,202.550000,202.530000,202.530000
1077592140,202.530000,202.580000,202.530000,202.580000
1077592200,202.570000,202.570000,202.550000,202.550000
1077592260,202.550000,202.550000,202.550000,202.550000
1077592320,202.540000,202.540000,202.530000,202.530000
1077592380,202.530000,202.550000,202.530000,202.540000
1077592440,202.540000,202.550000,202.530000,202.530000
1077592500,202.520000,202.550000,202.520000,202.550000
1077592560,202.550000,202.560000,202.530000,202.540000
1077592620,202.530000,202.550000,202.530000,202.550000
1077592680,202.550000,202.560000,202.540000,202.560000
1077592740,202.550000,202.620000,202.550000,202.610000
1077592800,202.590000,202.610000,202.590000,202.610000
1077592860,202.600000,202.620000,202.600000,202.610000
1077592920,202.610000,202.640000,202.610000,202.640000
1077592980,202.630000,202.660000,202.610000,202.640000
1077593040,202.650000,202.660000,202.640000,202.640000
1077593100,202.650000,202.670000,202.640000,202.670000
1077593160,202.680000,202.680000,202.650000,202.650000
1077593220,202.650000,202.650000,202.620000,202.640000
1077593280,202.650000,202.660000,202.650000,202.660000
1077593340,202.670000,202.670000,202.640000,202.640000
1077593400,202.650000,202.650000,202.630000,202.640000
1077593460,202.640000,202.640000,202.620000,202.630000
1077593520,202.620000,202.620000,202.610000,202.610000
1077593580,202.620000,202.620000,202.620000,202.620000
1077593640,202.620000,202.620000,202.590000,202.590000
1077593700,202.600000,202.600000,202.580000,202.580000
1077593880,202.570000,202.570000,202.560000,202.560000
1077593940,202.540000,202.550000,202.530000,202.540000
1077594000,202.540000,202.570000,202.540000,202.540000
1077594060,202.530000,202.530000,202.530000,202.530000
1077594120,202.540000,202.540000,202.530000,202.540000
1077594180,202.540000,202.540000,202.530000,202.530000
1077594240,202.540000,202.550000,202.510000,202.520000
1077594300,202.510000,202.510000,202.470000,202.500000
1077594360,202.490000,202.500000,202.470000,202.480000
1077594420,202.470000,202.490000,202.430000,202.470000
1077594480,202.470000,202.510000,202.470000,202.500000
1077594540,202.510000,202.520000,202.490000,202.490000
1077594600,202.490000,202.490000,202.470000,202.470000
1077594660,202.470000,202.500000,202.470000,202.490000
1077594720,202.490000,202.490000,202.480000,202.480000
1077594780,202.480000,202.490000,202.470000,202.470000
1077594840,202.460000,202.480000,202.460000,202.470000
1077594900,202.470000,202.470000,202.440000,202.450000
1077594960,202.440000,202.460000,202.440000,202.450000
1077595020,202.450000,202.470000,202.450000,202.470000
1077595080,202.470000,202.470000,202.430000,202.430000
1077595140,202.450000,202.470000,202.450000,202.470000
1077595200,202.460000,202.460000,202.460000,202.460000
1077595260,202.470000,202.470000,202.450000,202.460000
1077595320,202.460000,202.460000,202.410000,202.410000
1077595380,202.410000,202.430000,202.390000,202.390000
1077595440,202.400000,202.440000,202.390000,202.440000
1077595500,202.430000,202.480000,202.430000,202.460000
1077595560,202.450000,202.480000,202.450000,202.480000
1077595620,202.470000,202.490000,202.460000,202.490000
1077595680,202.490000,202.530000,202.490000,202.530000
1077595740,202.540000,202.550000,202.540000,202.550000
1077595800,202.540000,202.540000,202.520000,202.520000
1077595860,202.520000,202.520000,202.510000,202.510000
1077595920,202.510000,202.520000,202.500000,202.520000
1077595980,202.510000,202.510000,202.490000,202.490000
1077596040,202.480000,202.480000,202.460000,202.470000
1077596100,202.480000,202.480000,202.460000,202.470000
1077596160,202.470000,202.470000,202.430000,202.450000
1077596220,202.460000,202.470000,202.460000,202.460000
1077596280,202.460000,202.460000,202.460000,202.460000
1077596340,202.460000,202.490000,202.460000,202.490000
1077596400,202.480000,202.490000,202.460000,202.460000
1077596460,202.460000,202.460000,202.460000,202.460000
1077596520,202.460000,202.460000,202.430000,202.430000
1077596580,202.420000,202.460000,202.420000,202.460000
1077596640,202.450000,202.480000,202.450000,202.470000
1077596700,202.460000,202.490000,202.460000,202.480000
1077596760,202.480000,202.510000,202.480000,202.510000
1077596820,202.500000,202.520000,202.490000,202.520000
1077596880,202.510000,202.520000,202.500000,202.500000
1077596940,202.500000,202.520000,202.490000,202.500000
1077597000,202.510000,202.510000,202.500000,202.510000
1077597060,202.500000,202.510000,202.480000,202.490000
1077597120,202.480000,202.490000,202.480000,202.480000
1077597180,202.470000,202.490000,202.460000,202.490000
1077597240,202.500000,202.500000,202.480000,202.490000
1077597300,202.480000,202.500000,202.480000,202.500000
1077597360,202.500000,202.510000,202.490000,202.490000
1077597420,202.480000,202.490000,202.480000,202.490000
1077597480,202.490000,202.500000,202.480000,202.490000
1077597540,202.490000,202.500000,202.480000,202.480000
1077597600,202.490000,202.500000,202.490000,202.500000
1077597660,202.490000,202.530000,202.490000,202.530000
1077597720,202.520000,202.540000,202.520000,202.540000
1077597780,202.540000,202.540000,202.530000,202.530000
1077597840,202.540000,202.570000,202.540000,202.560000
1077597900,202.550000,202.560000,202.530000,202.540000
1077597960,202.540000,202.540000,202.510000,202.530000
1077598020,202.530000,202.530000,202.500000,202.510000
1077598080,202.510000,202.550000,202.510000,202.520000
1077598140,202.530000,202.530000,202.520000,202.520000
1077598200,202.520000,202.560000,202.510000,202.560000
1077598260,202.550000,202.560000,202.530000,202.530000
1077598320,202.520000,202.540000,202.510000,202.520000
1077598380,202.510000,202.520000,202.480000,202.480000
1077598440,202.480000,202.500000,202.460000,202.500000
1077598500,202.510000,202.510000,202.480000,202.480000
1077598560,202.490000,202.510000,202.480000,202.510000
1077598620,202.510000,202.550000,202.510000,202.540000
1077598680,202.540000,202.540000,202.510000,202.510000
1077598740,202.510000,202.530000,202.490000,202.500000
