time,open,high,low,close
1220932800,1.756500,1.757300,1.756200,1.756300
1220932860,1.756100,1.756400,1.755800,1.756100
1220932920,1.756300,1.756300,1.756000,1.756300
1220932980,1.756500,1.756800,1.756100,1.756200
1220933040,1.756300,1.756400,1.755200,1.755200
1220933100,1.755100,1.755500,1.754700,1.755400
1220933160,1.755200,1.755400,1.755200,1.755300
1220933220,1.755200,1.755400,1.755100,1.755300
1220933280,1.755200,1.755200,1.755200,1.755200
1220933340,1.755100,1.755200,1.755000,1.755100
1220933400,1.755000,1.755000,1.754900,1.754900
1220933460,1.755100,1.755100,1.755100,1.755100
1220933520,1.755200,1.755200,1.754800,1.754800
1220933580,1.754700,1.754700,1.754100,1.754200
1220933640,1.754100,1.754100,1.753900,1.754100
1220933760,1.754000,1.754200,1.753900,1.754100
1220933820,1.754000,1.754000,1.753900,1.753900
1220933880,1.754000,1.754000,1.753600,1.753600
1220933940,1.753500,1.753900,1.752600,1.753600
1220934000,1.753700,1.753700,1.753500,1.753700
1220934060,1.753600,1.754100,1.753600,1.754100
1220934120,1.754000,1.755700,1.754000,1.755600
1220934180,1.755200,1.755600,1.755100,1.755400
1220934240,1.755300,1.755700,1.755300,1.755500
1220934300,1.755300,1.755500,1.755100,1.755300
1220934360,1.755200,1.755200,1.754800,1.755200
1220934420,1.755100,1.755300,1.754800,1.755200
1220934480,1.755300,1.755600,1.755100,1.755500
1220934540,1.755600,1.755600,1.755400,1.755500
1220934600,1.755400,1.755400,1.754100,1.754300
1220934660,1.754200,1.754500,1.754000,1.754300
1220934720,1.754200,1.754300,1.754200,1.754300
1220934780,1.754200,1.755100,1.754200,1.754700
1220934840,1.754600,1.754700,1.754600,1.754600
1220934900,1.754900,1.755200,1.754700,1.754800
1220934960,1.754700,1.754700,1.754700,1.754700
1220935020,1.754800,1.755200,1.754700,1.755000
1220935080,1.754900,1.755000,1.754800,1.754900
1220935140,1.755000,1.755000,1.754900,1.755000
1220935200,1.754900,1.755100,1.754900,1.755000
1220935260,1.755100,1.755200,1.754900,1.755000
1220935320,1.755100,1.755100,1.754900,1.755100
1220935380,1.755200,1.755500,1.755200,1.755500
1220935440,1.755600,1.755900,1.755600,1.755800
1220935500,1.755700,1.755800,1.755700,1.755800
1220935560,1.755900,1.756500,1.755900,1.756500
1220935620,1.756300,1.756300,1.756200,1.756200
1220935680,1.756100,1.756100,1.756000,1.756100
1220935740,1.756000,1.756100,1.755700,1.755900
1220935800,1.755800,1.755800,1.755700,1.755700
1220935860,1.755600,1.755600,1.754400,1.754400
1220935920,1.754500,1.754700,1.754400,1.754400
1220935980,1.754500,1.754800,1.754400,1.754600
1220936040,1.754200,1.754200,1.754100,1.754200
1220936100,1.754500,1.754600,1.754300,1.754600
1220936160,1.754500,1.754600,1.754400,1.754500
1220936220,1.754400,1.754400,1.754100,1.754200
1220936280,1.754100,1.754400,1.754100,1.754300
1220936340,1.754200,1.754300,1.754200,1.754200
1220936400,1.754300,1.754800,1.754200,1.754800
1220936460,1.754700,1.755300,1.754700,1.755100
1220936520,1.755200,1.755200,1.755000,1.755100
1220936580,1.755200,1.755200,1.754800,1.755000
1220936640,1.754700,1.754900,1.754600,1.754900
1220936700,1.754800,1.754800,1.754700,1.754700
1220936760,1.754800,1.754800,1.754500,1.754600
1220936820,1.754700,1.754800,1.754700,1.754800
1220936880,1.754900,1.754900,1.754800,1.754800
1220936940,1.754900,1.755000,1.754900,1.754900
1220937000,1.755000,1.755500,1.754900,1.755500
1220937060,1.755400,1.755900,1.755400,1.755800
1220937120,1.755900,1.756000,1.755800,1.755900
1220937180,1.756000,1.756400,1.756000,1.756200
1220937240,1.756400,1.756400,1.756200,1.756400
1220937300,1.756300,1.756500,1.756300,1.756500
1220937360,1.756400,1.756500,1.756400,1.756500
1220937420,1.756400,1.756500,1.756200,1.756300
1220937480,1.756400,1.756400,1.756100,1.756100
1220937540,1.756200,1.756200,1.755500,1.755800
1220937600,1.755900,1.755900,1.755800,1.755800
1220937660,1.755700,1.755700,1.755100,1.755100
1220937720,1.755200,1.755200,1.754800,1.754800
1220937780,1.754700,1.755100,1.754700,1.755000
1220937840,1.754900,1.755900,1.754900,1.755600
1220937900,1.755500,1.755600,1.755500,1.755500
1220937960,1.755600,1.755700,1.755500,1.755500
1220938020,1.755600,1.755600,1.755600,1.755600
1220938080,1.755700,1.756100,1.755600,1.755700
1220938140,1.755600,1.755700,1.755500,1.755700
1220938200,1.755800,1.755800,1.755500,1.755500
1220938260,1.755100,1.755500,1.755000,1.755300
1220938320,1.755200,1.755300,1.755200,1.755300
1220938380,1.755200,1.755200,1.755000,1.755000
1220938440,1.754900,1.755100,1.754700,1.754700
1220938560,1.754600,1.755000,1.754600,1.754700
1220938620,1.754500,1.754500,1.754200,1.754200
1220938680,1.754300,1.754300,1.753800,1.753900
1220938740,1.754000,1.754200,1.753900,1.754000
1220938800,1.753900,1.754400,1.753900,1.754300
1220938860,1.754200,1.754500,1.754100,1.754200
1220938920,1.754100,1.754400,1.753900,1.754300
1220938980,1.754400,1.754400,1.754100,1.754300
1220939040,1.754400,1.754400,1.754300,1.754400
1220939100,1.754300,1.754400,1.754200,1.754300
1220939160,1.754200,1.754300,1.754100,1.754100
1220939220,1.754200,1.754200,1.754000,1.754000
1220939280,1.754100,1.754800,1.754000,1.754600
1220939340,1.754500,1.754600,1.754300,1.754400
1220939400,1.754500,1.754500,1.754200,1.754300
1220939460,1.754200,1.754600,1.754200,1.754500
1220939520,1.754600,1.755200,1.754500,1.755100
1220939580,1.755300,1.755300,1.754500,1.754500
1220939640,1.754400,1.754900,1.754400,1.754600
1220939700,1.754800,1.755200,1.754800,1.755200
1220939760,1.755300,1.755300,1.755000,1.755000
1220939820,1.754900,1.755200,1.754800,1.755200
1220939880,1.755300,1.755300,1.755200,1.755300
1220939940,1.755200,1.755700,1.755200,1.755700
1220940000,1.755600,1.755700,1.755500,1.755500
1220940060,1.755400,1.755600,1.755400,1.755600
1220940120,1.755500,1.755600,1.755400,1.755600
1220940180,1.755500,1.756400,1.755400,1.756400
1220940240,1.756300,1.756800,1.756200,1.756800
1220940300,1.756900,1.756900,1.755700,1.755800
1220940360,1.755900,1.756100,1.755500,1.755500
1220940420,1.755400,1.755500,1.755200,1.755400
1220940480,1.755300,1.755400,1.754200,1.754200
1220940540,1.754100,1.755200,1.754100,1.755000
1220940600,1.754900,1.755200,1.754900,1.755100
1220940660,1.754900,1.755300,1.754900,1.755200
1220940720,1.755100,1.755500,1.755100,1.755500
1220940780,1.755600,1.756000,1.755600,1.756000
1220940840,1.755900,1.756000,1.755600,1.755700
1220940900,1.755600,1.755800,1.755300,1.755500
1220940960,1.755700,1.755700,1.755400,1.755400
1220941020,1.755500,1.755500,1.755300,1.755400
1220941080,1.755500,1.755700,1.755400,1.755700
1220941140,1.755800,1.755900,1.755700,1.755700
1220941200,1.755500,1.755700,1.755200,1.755600
1220941260,1.755700,1.756600,1.755600,1.756500
1220941320,1.756400,1.756400,1.756000,1.756200
1220941380,1.756100,1.756600,1.756100,1.756500
1220941440,1.756600,1.757100,1.756400,1.757100
1220941500,1.757000,1.757100,1.757000,1.757100
1220941560,1.757000,1.757000,1.756900,1.756900
1220941620,1.756800,1.757400,1.756800,1.757400
1220941680,1.757500,1.757500,1.757100,1.757200
1220941740,1.757100,1.757100,1.756700,1.757000
1220941800,1.756800,1.757300,1.756700,1.757200
1220941860,1.757300,1.757600,1.757200,1.757500
1220941920,1.757600,1.757700,1.757400,1.757500
1220941980,1.757400,1.757400,1.756600,1.756900
1220942040,1.756800,1.757500,1.756800,1.757300
1220942100,1.757400,1.758100,1.757400,1.757800
1220942160,1.757700,1.757900,1.757500,1.757700
1220942220,1.757800,1.757800,1.756400,1.756800
1220942280,1.756900,1.757200,1.756800,1.757200
1220942340,1.757300,1.757500,1.757200,1.757300
1220942400,1.757400,1.757400,1.757200,1.757300
1220942460,1.757400,1.758200,1.757400,1.758200
1220942520,1.758300,1.758400,1.758100,1.758300
1220942580,1.758600,1.759800,1.758500,1.759700
1220942640,1.759800,1.759800,1.759300,1.759500
1220942700,1.759300,1.759800,1.759300,1.759700
1220942760,1.759600,1.759600,1.759000,1.759200
1220942820,1.759300,1.760200,1.759200,1.760200
1220942880,1.760500,1.760600,1.759900,1.760100
1220942940,1.760200,1.760900,1.760200,1.760900
1220943000,1.761000,1.761200,1.760700,1.760700
1220943060,1.760600,1.760600,1.759800,1.759800
1220943120,1.759900,1.759900,1.758900,1.759000
1220943180,1.759100,1.759300,1.758900,1.759100
1220943240,1.759200,1.759700,1.759100,1.759700
1220943300,1.759600,1.759600,1.759300,1.759600
1220943360,1.759700,1.759800,1.759500,1.759500
1220943420,1.759600,1.759600,1.759100,1.759300
1220943480,1.759200,1.759800,1.759200,1.759800
1220943540,1.759900,1.759900,1.759200,1.759600
1220943600,1.759700,1.760200,1.759400,1.760200
1220943660,1.760300,1.760300,1.759500,1.759500
1220943720,1.759600,1.759600,1.758900,1.759300
1220943780,1.759400,1.759900,1.759300,1.759300
1220943840,1.759400,1.759400,1.758600,1.758600
1220943900,1.758800,1.759300,1.758800,1.759000
1220943960,1.758900,1.758900,1.758100,1.758300
1220944020,1.758400,1.758400,1.756800,1.756900
1220944080,1.757100,1.757300,1.757000,1.757300
1220944140,1.757200,1.757200,1.756400,1.756600
1220944200,1.756500,1.756700,1.754800,1.754900
1220944260,1.754700,1.755100,1.754300,1.755100
1220944320,1.755000,1.756200,1.754800,1.755800
1220944380,1.755900,1.756100,1.755900,1.756000
1220944440,1.755900,1.755900,1.755700,1.755900
1220944500,1.756000,1.756000,1.755700,1.756000
1220944560,1.756100,1.756100,1.756000,1.756100
1220944620,1.756200,1.756200,1.756000,1.756200
1220944680,1.756300,1.756400,1.756000,1.756100
1220944740,1.756200,1.756500,1.756100,1.756400
1220944800,1.756300,1.757100,1.756100,1.757100
1220944860,1.757500,1.757800,1.757400,1.757800
1220944920,1.757700,1.758100,1.757700,1.758000
1220944980,1.758100,1.758600,1.758000,1.758600
1220945040,1.758700,1.759600,1.758700,1.758800
1220945100,1.758900,1.758900,1.758500,1.758500
1220945160,1.758400,1.758500,1.758300,1.758500
1220945220,1.758400,1.759600,1.758400,1.759500
1220945280,1.759400,1.759400,1.758600,1.758900
1220945340,1.759000,1.759400,1.758600,1.758600
1220945400,1.758500,1.758900,1.758300,1.758900
1220945460,1.759000,1.759100,1.758800,1.758800
1220945520,1.758900,1.758900,1.758600,1.758700
1220945580,1.758600,1.758800,1.758500,1.758700
1220945640,1.758600,1.758600,1.758100,1.758300
1220945700,1.758400,1.758400,1.758200,1.758400
1220945760,1.758500,1.758600,1.758500,1.758600
1220945820,1.758700,1.759600,1.758700,1.759600
1220945880,1.759700,1.759700,1.759000,1.759400
1220945940,1.759500,1.759900,1.759400,1.759900
1220946000,1.760000,1.760400,1.759900,1.760000
1220946060,1.759900,1.760400,1.759900,1.760100
1220946120,1.760200,1.760800,1.760100,1.760800
1220946180,1.760900,1.761400,1.760700,1.761400
1220946240,1.761500,1.761500,1.760300,1.760300
1220946300,1.760200,1.760200,1.759800,1.760100
1220946360,1.760200,1.760300,1.760100,1.760200
1220946420,1.760300,1.760500,1.760200,1.760500
1220946480,1.760600,1.760600,1.760100,1.760200
1220946540,1.760100,1.761400,1.760100,1.761300
1220946600,1.761200,1.761400,1.760800,1.760800
1220946660,1.760700,1.760800,1.759700,1.759700
1220946720,1.759500,1.759800,1.758500,1.759700
1220946780,1.759900,1.760300,1.759900,1.760300
1220946840,1.760400,1.760400,1.759800,1.759800
1220946900,1.759900,1.760000,1.759300,1.759400
1220946960,1.759600,1.759600,1.759400,1.759400
1220947020,1.759500,1.759600,1.759400,1.759500
1220947080,1.759600,1.759600,1.758800,1.758900
1220947140,1.758800,1.758900,1.758400,1.758700
1220947200,1.758800,1.758800,1.758500,1.758600
1220947260,1.758500,1.758800,1.758200,1.758600
1220947320,1.758800,1.758800,1.757600,1.757600
1220947380,1.757700,1.757800,1.757100,1.757800
1220947440,1.757700,1.758600,1.757500,1.758100
1220947500,1.758000,1.758100,1.757500,1.757700
1220947560,1.757600,1.757600,1.757500,1.757600
1220947620,1.757700,1.757700,1.757300,1.757400
1220947680,1.757200,1.757800,1.757100,1.757500
1220947740,1.757400,1.757400,1.757300,1.757400
1220947800,1.757300,1.757500,1.757200,1.757200
1220947860,1.757300,1.757500,1.757000,1.757200
1220947920,1.757100,1.757200,1.756900,1.757100
1220947980,1.757000,1.757100,1.756800,1.756900
1220948040,1.757000,1.757000,1.755800,1.756400
1220948100,1.756500,1.756600,1.755600,1.755700
1220948160,1.755600,1.756200,1.754900,1.755100
1220948220,1.755300,1.756200,1.755200,1.755800
1220948280,1.755700,1.755700,1.755400,1.755400
1220948340,1.755200,1.755600,1.755200,1.755600
1220948400,1.755700,1.756000,1.755500,1.756000
1220948460,1.756100,1.756300,1.756000,1.756300
1220948520,1.756200,1.756400,1.756000,1.756300
1220948580,1.756400,1.756400,1.755400,1.755800
1220948640,1.755700,1.755800,1.755600,1.755700
1220948700,1.755600,1.755700,1.755300,1.755300
1220948760,1.755400,1.755600,1.755400,1.755500
1220948820,1.755600,1.755900,1.755500,1.755600
1220948880,1.755500,1.755600,1.755300,1.755400
1220948940,1.755500,1.755800,1.755200,1.755400
1220949000,1.755300,1.755300,1.753400,1.754100
1220949060,1.754500,1.754600,1.754200,1.754300
1220949120,1.754200,1.754800,1.754200,1.754800
1220949180,1.755000,1.755700,1.754900,1.755500
1220949240,1.755400,1.756700,1.755400,1.756700
1220949300,1.756900,1.757000,1.756600,1.756600
1220949360,1.756700,1.756700,1.756400,1.756600
1220949420,1.756500,1.757100,1.756500,1.757000
1220949480,1.757100,1.758300,1.757100,1.757600
1220949540,1.757400,1.758000,1.757200,1.757900
1220949600,1.758000,1.758000,1.757800,1.757800
1220949660,1.757900,1.757900,1.756900,1.756900
1220949720,1.757000,1.758200,1.757000,1.758200
1220949780,1.758300,1.759300,1.758200,1.759300
1220949840,1.759400,1.759500,1.758600,1.758600
1220949900,1.758500,1.758500,1.758300,1.758300
1220949960,1.758400,1.758600,1.758300,1.758600
1220950020,1.758500,1.759000,1.758500,1.758700
1220950080,1.758600,1.758600,1.758400,1.758600
1220950140,1.758500,1.758700,1.758400,1.758600
1220950200,1.758700,1.759100,1.758700,1.759100
1220950260,1.759000,1.759300,1.759000,1.759300
1220950320,1.759500,1.759700,1.759500,1.759600
1220950380,1.759700,1.759700,1.759300,1.759400
1220950440,1.759500,1.759600,1.759200,1.759400
1220950500,1.759300,1.759400,1.758700,1.758700
1220950560,1.758600,1.758800,1.758500,1.758500
1220950620,1.758700,1.758800,1.758600,1.758600
1220950680,1.758500,1.758500,1.757900,1.758100
1220950740,1.758200,1.758600,1.758100,1.758600
1220950800,1.758700,1.759800,1.758700,1.759800
1220950860,1.759900,1.760700,1.759900,1.760400
1220950920,1.760200,1.760300,1.759700,1.759700
1220950980,1.759600,1.760000,1.759200,1.759200
1220951040,1.759000,1.759500,1.758700,1.759500
1220951100,1.759400,1.759500,1.759200,1.759300
1220951160,1.759200,1.759200,1.758500,1.758700
1220951220,1.758600,1.761000,1.758600,1.760900
1220951280,1.761100,1.761100,1.760400,1.760600
1220951340,1.760700,1.761000,1.760700,1.761000
1220951400,1.760900,1.762600,1.760900,1.762600
1220951460,1.762800,1.764100,1.762500,1.763700
1220951520,1.763800,1.763800,1.762700,1.762700
1220951580,1.762800,1.762800,1.762100,1.762600
1220951640,1.762700,1.762900,1.762200,1.762400
1220951700,1.762300,1.762700,1.762200,1.762200
1220951760,1.762300,1.762800,1.762300,1.762500
1220951820,1.762200,1.762200,1.761600,1.761700
1220951880,1.761800,1.762500,1.761800,1.762300
1220951940,1.762400,1.762600,1.762200,1.762300
1220952000,1.762200,1.762400,1.762200,1.762300
1220952060,1.762200,1.762400,1.762100,1.762300
1220952120,1.762200,1.762400,1.762100,1.762100
1220952180,1.762200,1.762300,1.761800,1.761800
1220952240,1.761700,1.761800,1.761600,1.761700
1220952300,1.761600,1.761700,1.761600,1.761700
1220952360,1.761900,1.762100,1.761800,1.762000
1220952420,1.762100,1.763100,1.762000,1.763100
1220952480,1.763000,1.763200,1.762800,1.762800
1220952540,1.762900,1.763400,1.762900,1.763400
1220952600,1.763300,1.764000,1.763300,1.763800
1220952660,1.763900,1.765100,1.763800,1.765100
1220952720,1.765200,1.765200,1.764700,1.764700
1220952780,1.764600,1.765100,1.764600,1.764700
1220952840,1.764600,1.764900,1.764400,1.764500
1220952900,1.764300,1.764400,1.764000,1.764000
1220952960,1.763900,1.764100,1.763900,1.763900
1220953020,1.764000,1.764100,1.763900,1.764000
1220953080,1.764100,1.764700,1.763900,1.764500
1220953140,1.764300,1.764900,1.764300,1.764500
1220953200,1.764600,1.764600,1.764200,1.764200
1220953260,1.764300,1.764800,1.764200,1.764800
1220953320,1.764700,1.764800,1.764300,1.764400
1220953380,1.764300,1.764300,1.763500,1.763600
1220953440,1.763700,1.763700,1.763500,1.763500
1220953500,1.763400,1.763400,1.763100,1.763200
1220953560,1.763100,1.763500,1.763000,1.763400
1220953620,1.763300,1.763600,1.763300,1.763600
1220953680,1.763400,1.763900,1.763000,1.763800
1220953740,1.763900,1.764200,1.763900,1.763900
1220953800,1.763800,1.764000,1.763600,1.763700
1220953860,1.763500,1.763500,1.762400,1.762500
1220953920,1.762400,1.762600,1.762300,1.762600
1220953980,1.762800,1.762900,1.762500,1.762500
1220954040,1.762600,1.762700,1.762500,1.762700
1220954100,1.762800,1.762800,1.762500,1.762600
1220954160,1.762500,1.762600,1.762400,1.762600
1220954220,1.762500,1.762800,1.762500,1.762800
1220954280,1.762900,1.763300,1.762800,1.763300
1220954340,1.763400,1.763400,1.763200,1.763200
1220954400,1.763100,1.763200,1.762800,1.763000
1220954460,1.762900,1.763300,1.762900,1.763000
1220954520,1.763100,1.764100,1.763100,1.764100
1220954580,1.764200,1.764300,1.763900,1.764200
1220954640,1.764300,1.764300,1.764000,1.764000
1220954700,1.763900,1.763900,1.763900,1.763900
1220954760,1.764000,1.764000,1.763300,1.763400
1220954820,1.763500,1.763600,1.763100,1.763300
1220954880,1.763400,1.763700,1.763400,1.763700
1220954940,1.763800,1.764000,1.763800,1.763900
1220955000,1.764000,1.764100,1.763900,1.764100
1220955060,1.764000,1.764500,1.764000,1.764500
1220955120,1.764400,1.764800,1.764400,1.764800
1220955180,1.764700,1.764900,1.764600,1.764900
1220955240,1.765000,1.765200,1.765000,1.765200
1220955300,1.765300,1.765700,1.765300,1.765400
1220955360,1.765300,1.765600,1.764800,1.765600
1220955420,1.765500,1.765700,1.765500,1.765600
1220955480,1.765700,1.765700,1.765300,1.765700
1220955540,1.765600,1.765600,1.765400,1.765500
1220955600,1.765600,1.765700,1.765100,1.765200
1220955660,1.765100,1.765100,1.764500,1.764500
1220955720,1.764800,1.765000,1.764700,1.765000
1220955780,1.765100,1.765200,1.764800,1.765200
1220955840,1.765100,1.765100,1.764600,1.764700
1220955900,1.764800,1.765100,1.764800,1.765100
1220955960,1.765000,1.765100,1.764800,1.765000
1220956020,1.764900,1.764900,1.764600,1.764600
1220956080,1.764500,1.765300,1.764500,1.765000
1220956140,1.765100,1.765400,1.765100,1.765300
1220956200,1.765400,1.765500,1.765300,1.765400
1220956260,1.765500,1.765700,1.765200,1.765700
1220956320,1.765800,1.766600,1.765800,1.766600
1220956380,1.767000,1.767100,1.766500,1.766700
1220956440,1.766600,1.766700,1.766300,1.766300
1220956500,1.766400,1.766700,1.766400,1.766700
1220956560,1.766600,1.767000,1.766600,1.766900
1220956620,1.766800,1.766900,1.766500,1.766800
1220956680,1.766900,1.767000,1.766100,1.766100
1220956740,1.766000,1.766000,1.765700,1.765800
1220956800,1.765900,1.765900,1.764900,1.765100
1220956860,1.765200,1.766400,1.765200,1.766400
1220956920,1.766300,1.766400,1.766000,1.766000
1220956980,1.766100,1.766500,1.766100,1.766500
1220957040,1.766400,1.767000,1.766300,1.766900
1220957100,1.766800,1.766800,1.766000,1.766000
1220957160,1.765900,1.766200,1.765600,1.765800
1220957220,1.765900,1.766400,1.765900,1.766200
1220957280,1.766300,1.766600,1.766100,1.766600
1220957340,1.766500,1.766600,1.766200,1.766200
1220957400,1.766300,1.766400,1.766200,1.766300
1220957460,1.766200,1.766300,1.766100,1.766200
1220957520,1.766300,1.766300,1.766100,1.766100
1220957580,1.766200,1.766200,1.766200,1.766200
1220957640,1.766300,1.766400,1.766100,1.766100
1220957700,1.766000,1.766200,1.765600,1.765700
1220957760,1.765600,1.765700,1.765200,1.765500
1220957820,1.765600,1.765800,1.765500,1.765700
1220957880,1.765800,1.766000,1.765600,1.765600
1220957940,1.765700,1.765700,1.765400,1.765500
1220958000,1.765600,1.765700,1.765400,1.765600
1220958060,1.765400,1.765800,1.765400,1.765500
1220958120,1.765400,1.765500,1.765300,1.765300
1220958180,1.765400,1.765400,1.765100,1.765100
1220958240,1.765000,1.765100,1.764900,1.764900
1220958300,1.764800,1.765000,1.764600,1.764700
1220958360,1.764800,1.765000,1.764800,1.764900
1220958420,1.765000,1.765000,1.764800,1.765000
1220958480,1.764900,1.764900,1.764400,1.764500
1220958540,1.764600,1.764600,1.764100,1.764600
1220958600,1.764500,1.764600,1.763100,1.763100
1220958660,1.763200,1.763300,1.761600,1.762000
1220958720,1.762100,1.763600,1.762100,1.763200
1220958780,1.763100,1.763200,1.761700,1.762900
1220958840,1.762800,1.763400,1.762800,1.763400
1220958900,1.763300,1.763600,1.763200,1.763200
1220958960,1.763100,1.763200,1.762700,1.763000
1220959020,1.763200,1.763800,1.763100,1.763300
1220959080,1.763200,1.763400,1.762700,1.763400
1220959140,1.763300,1.763300,1.762600,1.762800
1220959200,1.763000,1.763300,1.763000,1.763300
1220959260,1.763400,1.763800,1.763400,1.763800
1220959320,1.763700,1.763800,1.763300,1.763300
1220959380,1.763200,1.763600,1.762900,1.763600
1220959440,1.763700,1.763800,1.763600,1.763700
1220959500,1.763800,1.763800,1.763700,1.763700
1220959560,1.763600,1.763600,1.762700,1.763100
1220959620,1.763000,1.763100,1.762500,1.762900
1220959680,1.763000,1.763000,1.762200,1.762200
1220959740,1.762300,1.762300,1.761900,1.762300
1220959800,1.762200,1.762500,1.762100,1.762500
1220959860,1.762600,1.762800,1.762300,1.762300
1220959920,1.762200,1.762300,1.762100,1.762100
1220959980,1.762200,1.762600,1.762100,1.762600
1220960040,1.762800,1.762900,1.762600,1.762800
1220960100,1.762900,1.762900,1.762700,1.762700
1220960160,1.762600,1.762700,1.762600,1.762600
1220960220,1.762700,1.763100,1.762600,1.762900
1220960280,1.763000,1.763100,1.762900,1.763000
1220960340,1.762900,1.763000,1.762700,1.762900
1220960400,1.763000,1.763400,1.763000,1.763400
1220960460,1.763300,1.763400,1.763200,1.763200
1220960520,1.763100,1.763200,1.763100,1.763100
1220960580,1.763000,1.763100,1.763000,1.763100
1220960640,1.763000,1.763100,1.762900,1.763000
1220960700,1.762900,1.762900,1.762400,1.762400
1220960760,1.762500,1.762800,1.762400,1.762700
1220960820,1.762600,1.762600,1.762100,1.762200
1220960880,1.762300,1.762400,1.762100,1.762300
1220960940,1.762200,1.762200,1.761900,1.761900
1220961000,1.761800,1.761900,1.761600,1.761700
1220961060,1.761600,1.761800,1.761500,1.761800
1220961120,1.761700,1.761800,1.761200,1.761500
1220961180,1.761400,1.762000,1.761400,1.762000
1220961240,1.761800,1.762100,1.761700,1.761900
1220961300,1.762000,1.762200,1.761700,1.761900
1220961360,1.761800,1.762300,1.761800,1.762200
1220961420,1.762100,1.762100,1.761800,1.761900
1220961480,1.761700,1.762200,1.761700,1.761800
1220961540,1.761700,1.761800,1.760900,1.761100
1220961600,1.761000,1.761000,1.760400,1.760500
1220961660,1.760400,1.761000,1.760400,1.761000
1220961720,1.761100,1.761500,1.761100,1.761100
1220961780,1.761000,1.761300,1.760800,1.761100
1220961840,1.761200,1.761800,1.761100,1.761800
1220961900,1.761900,1.762200,1.761800,1.761900
1220961960,1.761800,1.762000,1.761600,1.761900
1220962020,1.762000,1.762100,1.761900,1.761900
1220962080,1.761800,1.762000,1.761600,1.761900
1220962140,1.762000,1.762000,1.761600,1.761800
1220962200,1.761700,1.762100,1.761600,1.761900
1220962260,1.762200,1.762200,1.761900,1.761900
1220962320,1.762100,1.762100,1.761800,1.762100
1220962380,1.762000,1.762300,1.762000,1.762200
1220962440,1.762100,1.762100,1.761600,1.762000
1220962500,1.761900,1.762200,1.761900,1.762200
1220962560,1.762100,1.762600,1.762100,1.762600
1220962620,1.762700,1.763800,1.762600,1.763800
1220962680,1.763900,1.764200,1.763900,1.763900
1220962740,1.763800,1.763800,1.763200,1.763300
1220962800,1.763200,1.763800,1.763200,1.763800
1220962860,1.763700,1.763900,1.763500,1.763500
1220962920,1.763400,1.763400,1.762900,1.763200
1220962980,1.763300,1.763700,1.763200,1.763600
1220963040,1.763500,1.763500,1.763000,1.763100
1220963100,1.763200,1.763700,1.763100,1.763700
1220963160,1.763600,1.763600,1.763500,1.763600
1220963220,1.763700,1.763900,1.763000,1.763000
1220963280,1.763100,1.763300,1.763000,1.763300
1220963340,1.763400,1.763400,1.763100,1.763100
1220963400,1.763200,1.763300,1.763000,1.763100
1220963460,1.763000,1.763100,1.762900,1.762900
1220963520,1.762800,1.762800,1.762400,1.762600
1220963580,1.762700,1.762700,1.762000,1.762000
1220963640,1.761900,1.762200,1.761800,1.761900
1220963700,1.762000,1.762100,1.761300,1.761400
1220963760,1.761300,1.761400,1.761000,1.761000
1220963820,1.760900,1.760900,1.759200,1.759200
1220963880,1.759100,1.759800,1.758800,1.759600
1220963940,1.760000,1.760000,1.759000,1.759000
1220964000,1.758900,1.760200,1.758900,1.759800
1220964060,1.759900,1.760300,1.759900,1.760100
1220964120,1.760200,1.761000,1.760200,1.761000
1220964180,1.761100,1.761500,1.761000,1.761400
1220964240,1.761300,1.762100,1.761100,1.762000
1220964300,1.761800,1.761800,1.761300,1.761500
1220964360,1.761600,1.761700,1.761000,1.761000
1220964420,1.760900,1.761100,1.760600,1.760800
1220964480,1.760700,1.761000,1.760600,1.760700
1220964540,1.760800,1.760900,1.760700,1.760800
1220964600,1.760900,1.760900,1.759900,1.759900
1220964660,1.759800,1.760100,1.759100,1.759700
1220964720,1.759800,1.759900,1.759300,1.759400
1220964780,1.759300,1.759300,1.759000,1.759100
1220964840,1.759000,1.759300,1.759000,1.759100
1220964900,1.759200,1.759300,1.759000,1.759000
1220964960,1.758900,1.759200,1.758600,1.758900
1220965020,1.758800,1.759300,1.758500,1.759300
1220965080,1.759400,1.759900,1.759200,1.759900
1220965140,1.760000,1.760400,1.760000,1.760100
1220965200,1.760200,1.760300,1.759900,1.760300
1220965260,1.760400,1.760500,1.760200,1.760500
1220965320,1.760400,1.761000,1.760100,1.760800
1220965380,1.760900,1.760900,1.760600,1.760700
1220965440,1.760600,1.761000,1.760600,1.760700
1220965500,1.760600,1.760900,1.760600,1.760800
1220965560,1.760900,1.760900,1.760700,1.760900
1220965620,1.760800,1.760900,1.760800,1.760800
1220965680,1.760700,1.760700,1.759500,1.759500
1220965740,1.759600,1.759900,1.759600,1.759600
1220965800,1.759700,1.760100,1.759600,1.760100
1220965860,1.760200,1.760200,1.759700,1.759800
1220965920,1.759700,1.759700,1.759100,1.759300
1220965980,1.759200,1.759500,1.759100,1.759300
1220966040,1.759400,1.759400,1.758100,1.758100
1220966100,1.758000,1.759100,1.758000,1.758900
1220966160,1.758800,1.759900,1.758700,1.759900
1220966220,1.760000,1.760000,1.759000,1.759500
1220966280,1.759400,1.759900,1.759300,1.759700
1220966340,1.759800,1.760000,1.759200,1.759500
1220966400,1.759400,1.760100,1.759400,1.759800
1220966460,1.759900,1.760000,1.759400,1.759500
1220966520,1.759600,1.759800,1.759600,1.759800
1220966580,1.759700,1.759900,1.759300,1.759500
1220966640,1.759400,1.759800,1.759200,1.759800
1220966700,1.759700,1.759700,1.759400,1.759500
1220966760,1.759400,1.759400,1.759100,1.759300
1220966820,1.759200,1.759400,1.759100,1.759400
1220966880,1.759300,1.759300,1.758900,1.758900
1220966940,1.758800,1.759100,1.758600,1.759000
1220967000,1.759100,1.759100,1.758700,1.758800
1220967060,1.758900,1.758900,1.757900,1.757900
1220967120,1.758000,1.759000,1.757700,1.758700
1220967180,1.758800,1.759100,1.758600,1.758700
1220967240,1.758800,1.759000,1.758800,1.758900
1220967300,1.758800,1.758900,1.757800,1.758600
1220967360,1.758500,1.758500,1.757500,1.757500
1220967420,1.757400,1.757700,1.757200,1.757600
1220967480,1.757500,1.757500,1.756600,1.757100
1220967540,1.757000,1.757400,1.756500,1.757400
1220967600,1.757300,1.758200,1.757300,1.758100
1220967660,1.758200,1.758400,1.757900,1.757900
1220967720,1.757800,1.758100,1.757600,1.758100
1220967780,1.758000,1.758500,1.758000,1.758500
1220967840,1.758600,1.758900,1.758500,1.758900
1220967900,1.759000,1.759800,1.759000,1.759800
1220967960,1.759900,1.759900,1.759300,1.759700
1220968020,1.759800,1.759800,1.759400,1.759600
1220968080,1.759700,1.759900,1.759300,1.759900
1220968140,1.759800,1.759800,1.759600,1.759700
1220968200,1.759600,1.760100,1.759400,1.760100
1220968260,1.760000,1.761000,1.759900,1.760800
1220968320,1.760700,1.760900,1.759300,1.759400
1220968380,1.759500,1.760000,1.759400,1.759700
1220968440,1.759800,1.760000,1.759600,1.759900
1220968500,1.760000,1.761400,1.759700,1.761000
1220968560,1.761100,1.761200,1.760700,1.760900
1220968620,1.760800,1.760900,1.760500,1.760700
1220968680,1.760800,1.760900,1.760300,1.760600
1220968740,1.760900,1.760900,1.760300,1.760300
1220968800,1.760400,1.761100,1.760100,1.760400
1220968860,1.760500,1.762000,1.760500,1.761100
1220968920,1.761200,1.762500,1.761200,1.762400
1220968980,1.762300,1.762300,1.761500,1.761500
1220969040,1.761600,1.762400,1.761600,1.762000
1220969100,1.762100,1.763000,1.762100,1.762700
1220969160,1.762800,1.763100,1.762700,1.762900
1220969220,1.763000,1.763400,1.763000,1.763100
1220969280,1.763000,1.764100,1.762900,1.763800
1220969340,1.763900,1.764100,1.763300,1.764100
1220969400,1.764000,1.764000,1.763200,1.763400
1220969460,1.763300,1.763400,1.762600,1.762600
1220969520,1.762700,1.763000,1.762700,1.763000
1220969580,1.763100,1.763100,1.762400,1.762400
1220969640,1.762500,1.762600,1.762200,1.762200
1220969700,1.762300,1.762300,1.761900,1.762000
1220969760,1.761900,1.762100,1.761300,1.761400
1220969820,1.761500,1.761900,1.761400,1.761600
1220969880,1.761700,1.761800,1.761300,1.761300
1220969940,1.761200,1.762200,1.761200,1.761900
1220970000,1.761800,1.761800,1.760800,1.761000
1220970060,1.760900,1.761100,1.759900,1.760400
1220970120,1.760200,1.760800,1.760000,1.760800
1220970180,1.760700,1.760900,1.760300,1.760900
1220970240,1.760800,1.760900,1.760600,1.760900
1220970300,1.760800,1.760800,1.760300,1.760400
1220970360,1.760500,1.760900,1.760500,1.760700
1220970420,1.760600,1.761000,1.760600,1.760800
1220970480,1.760900,1.761200,1.760000,1.760100
1220970540,1.760300,1.760400,1.760100,1.760400
1220970600,1.760300,1.760400,1.759800,1.760000
1220970660,1.760100,1.760100,1.759700,1.759900
1220970720,1.760000,1.760200,1.759900,1.760100
1220970780,1.760200,1.760800,1.760200,1.760800
1220970840,1.760900,1.761000,1.760100,1.760100
1220970900,1.760200,1.760800,1.760100,1.760100
1220970960,1.760200,1.760200,1.759800,1.760000
1220971020,1.759900,1.760400,1.759700,1.760400
1220971080,1.760300,1.760800,1.760200,1.760800
1220971140,1.760900,1.761500,1.760700,1.761500
1220971200,1.761400,1.761700,1.761300,1.761500
1220971260,1.761400,1.762600,1.761400,1.762400
1220971320,1.762300,1.762900,1.762000,1.762800
1220971380,1.762900,1.762900,1.762400,1.762600
1220971440,1.762500,1.762600,1.762200,1.762500
1220971500,1.762300,1.762500,1.762200,1.762500
1220971560,1.762600,1.763000,1.762500,1.762900
1220971620,1.763000,1.763200,1.762900,1.763200
1220971680,1.763300,1.763400,1.763100,1.763200
1220971740,1.763000,1.763300,1.763000,1.763300
1220971800,1.763400,1.764200,1.763400,1.764100
1220971860,1.764200,1.764700,1.764100,1.764500
1220971920,1.764600,1.765400,1.764600,1.765300
1220971980,1.765400,1.766300,1.764900,1.766000
1220972040,1.765900,1.766200,1.764500,1.764700
1220972100,1.764600,1.765000,1.764600,1.764600
1220972160,1.764700,1.765100,1.764600,1.764600
1220972220,1.764500,1.764500,1.764100,1.764100
1220972280,1.764000,1.764300,1.763500,1.764200
1220972340,1.764300,1.764700,1.764200,1.764400
1220972400,1.764300,1.764500,1.763900,1.764300
1220972460,1.764200,1.764200,1.763400,1.763400
1220972520,1.763300,1.763600,1.763000,1.763600
1220972580,1.763500,1.763800,1.763300,1.763700
1220972640,1.763800,1.764000,1.763700,1.763700
1220972700,1.763800,1.764000,1.763700,1.763800
1220972760,1.763900,1.764400,1.763800,1.764300
1220972820,1.764200,1.764300,1.764100,1.764100
1220972880,1.764200,1.764300,1.763600,1.763700
1220972940,1.763600,1.763800,1.763200,1.763300
1220973000,1.763200,1.763400,1.762800,1.763100
1220973060,1.763000,1.764400,1.763000,1.764400
1220973120,1.764600,1.765800,1.764600,1.765500
1220973180,1.765400,1.765400,1.765000,1.765100
1220973240,1.765000,1.765300,1.764600,1.765000
1220973300,1.765200,1.765400,1.764600,1.765000
1220973360,1.765100,1.766100,1.765100,1.766000
1220973420,1.766100,1.766100,1.765700,1.766000
1220973480,1.766100,1.766500,1.765500,1.765700
1220973540,1.765800,1.765800,1.765200,1.765300
1220973600,1.765400,1.766000,1.765400,1.766000
1220973660,1.765900,1.766700,1.765700,1.766700
1220973720,1.766800,1.768600,1.766800,1.768600
1220973780,1.768500,1.768600,1.768200,1.768600
1220973840,1.768500,1.768500,1.768000,1.768100
1220973900,1.768200,1.768600,1.768100,1.768600
1220973960,1.768500,1.768500,1.767600,1.767600
1220974020,1.767500,1.767500,1.767000,1.767300
1220974080,1.767400,1.767500,1.767100,1.767300
1220974140,1.767200,1.767200,1.766500,1.766600
1220974200,1.766500,1.767500,1.766500,1.767400
1220974260,1.767300,1.767400,1.767200,1.767400
1220974320,1.767500,1.767600,1.767400,1.767600
1220974380,1.767500,1.767500,1.767100,1.767100
1220974440,1.767000,1.767100,1.766900,1.767000
1220974500,1.766900,1.766900,1.766700,1.766700
1220974560,1.766600,1.766800,1.766600,1.766800
1220974620,1.766700,1.767100,1.766700,1.767000
1220974680,1.766900,1.766900,1.766700,1.766700
1220974740,1.766600,1.767100,1.766500,1.767100
1220974800,1.767400,1.767400,1.766900,1.766900
1220974860,1.766800,1.766800,1.765900,1.766000
1220974920,1.766100,1.766400,1.766100,1.766300
1220974980,1.766200,1.766200,1.766100,1.766200
1220975040,1.766300,1.766300,1.765900,1.765900
1220975100,1.765800,1.765800,1.764800,1.764800
1220975160,1.764900,1.765700,1.764900,1.765700
1220975220,1.765600,1.765600,1.765300,1.765500
1220975280,1.765400,1.765500,1.765000,1.765100
1220975340,1.765000,1.765100,1.764800,1.764800
1220975400,1.764500,1.764500,1.764200,1.764200
1220975460,1.764100,1.765000,1.764100,1.765000
1220975520,1.765100,1.765300,1.765000,1.765200
1220975580,1.765300,1.765800,1.765300,1.765700
1220975640,1.765800,1.766200,1.765700,1.765700
1220975700,1.765800,1.766200,1.765700,1.765900
1220975760,1.766000,1.766400,1.766000,1.766400
1220975820,1.766300,1.766500,1.766200,1.766300
1220975880,1.766200,1.766600,1.766200,1.766300
1220975940,1.766400,1.767400,1.766400,1.767400
1220976000,1.767200,1.767400,1.767200,1.767200
1220976060,1.767100,1.767200,1.767000,1.767100
1220976120,1.767200,1.767200,1.767000,1.767000
1220976180,1.766900,1.767300,1.766800,1.766900
1220976240,1.766800,1.766800,1.766300,1.766600
1220976300,1.766500,1.766500,1.766100,1.766300
1220976360,1.766200,1.767200,1.766200,1.767100
1220976420,1.767000,1.767200,1.766500,1.766600
1220976480,1.766500,1.766900,1.766400,1.766800
1220976540,1.766900,1.766900,1.766700,1.766700
1220976600,1.766800,1.766800,1.766600,1.766800
1220976660,1.766700,1.766900,1.766600,1.766800
1220976720,1.766900,1.766900,1.766700,1.766800
1220976780,1.766700,1.766700,1.766200,1.766400
1220976840,1.766300,1.766500,1.766300,1.766500
1220976900,1.766600,1.766900,1.766600,1.766700
1220976960,1.766800,1.767100,1.766800,1.767000
1220977020,1.766900,1.767000,1.766500,1.766900
1220977080,1.767000,1.767700,1.767000,1.767600
1220977140,1.767700,1.768200,1.767600,1.768000
1220977200,1.767900,1.768500,1.767800,1.768300
1220977260,1.768200,1.768600,1.768100,1.768500
1220977320,1.768400,1.768400,1.767300,1.767400
1220977380,1.767300,1.767300,1.766800,1.766800
1220977440,1.766900,1.767100,1.766700,1.767100
1220977500,1.767000,1.767500,1.766900,1.767100
1220977560,1.767200,1.767700,1.767100,1.767500
1220977620,1.767400,1.768000,1.767400,1.768000
1220977680,1.768100,1.768400,1.767900,1.768400
1220977740,1.768500,1.768700,1.768000,1.768000
1220977800,1.768100,1.768300,1.767700,1.768300
1220977860,1.768400,1.769000,1.768400,1.769000
1220977920,1.768900,1.769000,1.768400,1.768500
1220977980,1.768600,1.768600,1.768300,1.768400
1220978040,1.768100,1.768400,1.767600,1.768400
1220978100,1.768500,1.768800,1.768400,1.768800
1220978160,1.768700,1.769300,1.768600,1.769200
1220978220,1.769100,1.769200,1.768800,1.769200
1220978280,1.769100,1.769800,1.769100,1.769800
1220978340,1.769700,1.769800,1.769400,1.769500
1220978400,1.769600,1.770000,1.769500,1.770000
1220978460,1.770200,1.770900,1.770200,1.770900
1220978520,1.770800,1.771000,1.770500,1.770600
1220978580,1.770500,1.770600,1.770100,1.770200
1220978640,1.770100,1.770100,1.769000,1.769000
1220978700,1.769100,1.769400,1.769000,1.769200
1220978760,1.769100,1.769100,1.768800,1.768800
1220978820,1.768700,1.769100,1.768400,1.769000
1220978880,1.769100,1.769400,1.769000,1.769300
1220978940,1.769400,1.769600,1.769300,1.769600
1220979000,1.769800,1.769800,1.769100,1.769100
1220979060,1.769200,1.769600,1.769200,1.769400
1220979120,1.769500,1.769600,1.769300,1.769600
1220979180,1.769400,1.769400,1.769200,1.769300
1220979240,1.769200,1.769300,1.769000,1.769000
1220979300,1.768900,1.768900,1.768400,1.768800
1220979360,1.768900,1.768900,1.768500,1.768600
1220979420,1.768700,1.768700,1.768500,1.768500
1220979480,1.768600,1.768600,1.768300,1.768400
1220979540,1.768500,1.769000,1.768300,1.768400
1220979600,1.768500,1.768700,1.768300,1.768600
1220979660,1.768700,1.769200,1.768600,1.769100
1220979720,1.768900,1.769000,1.768700,1.768700
1220979780,1.768400,1.768800,1.768300,1.768400
1220979900,1.768300,1.768300,1.768000,1.768200
1220979960,1.768100,1.768600,1.768100,1.768500
1220980020,1.768600,1.769100,1.768600,1.768700
1220980080,1.768600,1.768600,1.768100,1.768200
1220980140,1.768300,1.768700,1.768200,1.768700
1220980200,1.768800,1.769200,1.768700,1.769200
1220980260,1.769100,1.769100,1.768600,1.768600
1220980320,1.768700,1.768800,1.768500,1.768600
1220980380,1.768500,1.768500,1.768200,1.768300
1220980440,1.768200,1.768300,1.768000,1.768000
1220980500,1.767900,1.768000,1.767700,1.767700
1220980560,1.767600,1.767600,1.767400,1.767500
1220980620,1.767600,1.767700,1.767300,1.767500
1220980680,1.767400,1.767600,1.767400,1.767600
1220980740,1.767500,1.767800,1.767400,1.767800
1220980800,1.767900,1.767900,1.767800,1.767900
1220980860,1.767700,1.769000,1.767600,1.768600
1220980920,1.768300,1.768300,1.768000,1.768000
1220980980,1.768100,1.768100,1.768000,1.768100
1220981040,1.768000,1.768100,1.768000,1.768000
1220981100,1.768200,1.768500,1.767900,1.768500
1220981160,1.768400,1.768600,1.768400,1.768600
1220981220,1.768700,1.768700,1.768600,1.768700
1220981280,1.768600,1.768700,1.768500,1.768700
1220981340,1.768800,1.768900,1.768600,1.768900
1220981400,1.768800,1.768900,1.768700,1.768800
1220981460,1.768700,1.768800,1.768500,1.768500
1220981520,1.768400,1.768700,1.768400,1.768700
1220981580,1.768600,1.768700,1.767900,1.767900
1220981640,1.768000,1.768100,1.767600,1.768000
1220981700,1.767900,1.767900,1.767400,1.767600
1220981760,1.767500,1.767600,1.767500,1.767500
1220981820,1.767600,1.767600,1.767500,1.767500
1220981880,1.767400,1.767500,1.767400,1.767500
1220981940,1.767400,1.767500,1.767400,1.767400
1220982000,1.767500,1.767600,1.767500,1.767600
1220982060,1.767700,1.768000,1.767600,1.767800
1220982120,1.767700,1.767800,1.767600,1.767800
1220982180,1.767900,1.767900,1.767600,1.767600
1220982240,1.767500,1.767700,1.767500,1.767500
1220982300,1.767600,1.767600,1.767500,1.767500
1220982360,1.767400,1.767500,1.767400,1.767500
1220982420,1.767400,1.767900,1.767400,1.767800
1220982480,1.767700,1.767700,1.767700,1.767700
1220982540,1.767600,1.767700,1.767600,1.767600
1220982600,1.767700,1.767700,1.767400,1.767400
1220982660,1.767300,1.767400,1.766800,1.766800
1220982720,1.766900,1.766900,1.766800,1.766900
1220982780,1.766800,1.767000,1.766800,1.766900
1220982840,1.766800,1.766900,1.766600,1.766700
1220982900,1.766600,1.766700,1.765900,1.766000
1220982960,1.766100,1.766100,1.765500,1.765600
1220983020,1.765500,1.766000,1.765400,1.765400
1220983080,1.765300,1.765400,1.764200,1.764500
1220983140,1.764600,1.765500,1.764600,1.765500
1220983200,1.765600,1.765800,1.765000,1.765100
1220983260,1.765000,1.765600,1.764600,1.765600
1220983320,1.765500,1.765500,1.765100,1.765400
1220983380,1.765200,1.765300,1.764900,1.765100
1220983440,1.764900,1.765000,1.764900,1.764900
1220983500,1.765000,1.765900,1.765000,1.765900
1220983560,1.765800,1.766000,1.765800,1.766000
1220983620,1.765900,1.766000,1.765500,1.765600
1220983680,1.765500,1.766600,1.765500,1.766600
1220983740,1.766700,1.766900,1.766200,1.766400
1220983800,1.766300,1.766900,1.766300,1.766900
1220983860,1.767000,1.767100,1.767000,1.767100
1220983920,1.767200,1.767400,1.766900,1.766900
1220983980,1.767000,1.767000,1.766900,1.766900
1220984040,1.767000,1.767000,1.766700,1.766800
1220984100,1.766700,1.766800,1.765700,1.765900
1220984160,1.765800,1.766200,1.765800,1.766200
1220984280,1.766100,1.766100,1.766000,1.766000
1220984340,1.766100,1.766600,1.765900,1.766200
1220984400,1.766300,1.766900,1.766300,1.766900
1220984460,1.766800,1.767100,1.766800,1.767100
1220984520,1.767000,1.767300,1.767000,1.767300
1220984580,1.767200,1.767300,1.767200,1.767200
1220984640,1.767300,1.767300,1.766400,1.766700
1220984700,1.766600,1.766700,1.766500,1.766500
1220984760,1.766400,1.766400,1.765900,1.766000
1220984820,1.765900,1.766000,1.765700,1.765900
1220984880,1.765800,1.765800,1.765700,1.765700
1220984940,1.765500,1.765900,1.765400,1.765900
1220985000,1.766100,1.766200,1.765800,1.766100
1220985060,1.766200,1.766300,1.766100,1.766200
1220985120,1.766100,1.766100,1.765800,1.766000
1220985180,1.765900,1.766400,1.765900,1.766400
1220985240,1.766500,1.766500,1.766000,1.766000
1220985300,1.766100,1.766300,1.766000,1.766200
1220985360,1.766100,1.766100,1.765400,1.765500
1220985420,1.765400,1.765400,1.763700,1.763800
1220985480,1.763700,1.763800,1.763400,1.763600
1220985540,1.763700,1.764000,1.763600,1.763900
1220985600,1.764000,1.764700,1.764000,1.764300
1220985660,1.764200,1.764500,1.763800,1.764300
1220985720,1.764400,1.764400,1.764200,1.764200
1220985780,1.764300,1.764300,1.763700,1.763700
1220985840,1.763600,1.763600,1.763200,1.763300
1220985900,1.763200,1.763200,1.763000,1.763000
1220985960,1.763100,1.763200,1.762500,1.762700
1220986020,1.762600,1.763200,1.762600,1.763200
1220986080,1.763300,1.763300,1.762700,1.763100
1220986140,1.763200,1.763600,1.763200,1.763600
1220986200,1.763500,1.764000,1.763500,1.763900
1220986260,1.763700,1.764000,1.763700,1.763800
1220986320,1.763700,1.763800,1.763700,1.763800
1220986380,1.763700,1.763800,1.763700,1.763700
1220986440,1.763800,1.763800,1.763500,1.763500
1220986500,1.763600,1.763700,1.763500,1.763600
1220986560,1.763500,1.763700,1.763500,1.763600
1220986620,1.763500,1.763900,1.763500,1.763900
1220986680,1.763800,1.764000,1.763500,1.763500
1220986740,1.763600,1.763800,1.763600,1.763800
1220986800,1.763700,1.763800,1.763500,1.763500
1220986860,1.763600,1.763600,1.763400,1.763400
1220986920,1.763300,1.763400,1.763300,1.763400
1220986980,1.763500,1.763500,1.763400,1.763500
1220987040,1.763600,1.763600,1.763500,1.763600
1220987100,1.763500,1.763600,1.763500,1.763500
1220987160,1.763600,1.763800,1.763500,1.763700
1220987220,1.763800,1.763800,1.763500,1.763500
1220987280,1.763400,1.763400,1.762600,1.762800
1220987340,1.762700,1.762900,1.762300,1.762700
1220987400,1.762600,1.762700,1.761700,1.761900
1220987460,1.761800,1.761800,1.761600,1.761800
1220987520,1.761700,1.761800,1.760700,1.761100
1220987580,1.761200,1.761400,1.761200,1.761200
1220987640,1.761300,1.761600,1.761100,1.761500
1220987700,1.761600,1.761600,1.761000,1.761300
1220987760,1.761400,1.761900,1.761300,1.761700
1220987820,1.761600,1.762100,1.761600,1.762100
1220987880,1.762200,1.762600,1.762200,1.762600
1220987940,1.762500,1.762600,1.762300,1.762400
1220988000,1.762500,1.762500,1.761900,1.762300
1220988060,1.762200,1.762400,1.762100,1.762200
1220988120,1.762300,1.762300,1.762300,1.762300
1220988180,1.762200,1.762300,1.762100,1.762300
1220988240,1.762400,1.762400,1.761900,1.762000
1220988300,1.761900,1.762000,1.761900,1.762000
1220988360,1.761900,1.762000,1.761700,1.761800
1220988420,1.761700,1.761800,1.761700,1.761700
1220988480,1.761600,1.761600,1.761300,1.761300
1220988540,1.761400,1.761500,1.760700,1.760700
1220988600,1.760800,1.760800,1.760400,1.760800
1220988660,1.760900,1.761100,1.760900,1.761000
1220988720,1.760800,1.761000,1.760800,1.761000
1220988780,1.761100,1.761100,1.761000,1.761000
1220988840,1.760900,1.761100,1.760900,1.760900
1220988900,1.761000,1.761000,1.760600,1.760700
1220988960,1.760800,1.760900,1.760700,1.760700
1220989020,1.760800,1.761100,1.760700,1.760900
1220989080,1.761000,1.761100,1.760900,1.760900
1220989140,1.760800,1.760900,1.760600,1.760600
1220989200,1.760500,1.760600,1.760100,1.760200
1220989260,1.760300,1.760300,1.760300,1.760300
1220989320,1.760200,1.760400,1.760200,1.760300
1220989380,1.760100,1.760600,1.760000,1.760600
1220989440,1.760700,1.760700,1.760200,1.760400
1220989500,1.760500,1.761000,1.760400,1.760600
1220989560,1.760800,1.760800,1.760400,1.760700
1220989620,1.760600,1.760700,1.760500,1.760500
1220989680,1.760400,1.760400,1.759600,1.759900
1220989740,1.759800,1.759800,1.759500,1.759800
1220989800,1.759700,1.759800,1.759500,1.759700
1220989860,1.759800,1.759800,1.759000,1.759500
1220989920,1.759200,1.759200,1.759100,1.759200
1220989980,1.759300,1.759300,1.759100,1.759100
1220990040,1.759200,1.759200,1.759100,1.759100
1220990100,1.758900,1.759100,1.758500,1.758900
1220990160,1.758800,1.758900,1.758600,1.758700
1220990220,1.758800,1.759200,1.758700,1.759100
1220990280,1.759000,1.759100,1.758600,1.758600
1220990340,1.758500,1.758700,1.757500,1.757800
1220990400,1.758100,1.758700,1.758000,1.758700
1220990460,1.758400,1.758600,1.758100,1.758600
1220990520,1.758400,1.758800,1.758400,1.758600
1220990580,1.758500,1.758700,1.758400,1.758600
1220990640,1.758500,1.758500,1.758400,1.758500
1220990700,1.758600,1.758700,1.758400,1.758400
1220990760,1.758600,1.758700,1.758500,1.758500
1220990820,1.758600,1.758600,1.758400,1.758400
1220990880,1.758500,1.758700,1.758500,1.758600
1220990940,1.758500,1.758600,1.758400,1.758500
1220991000,1.758600,1.758600,1.758200,1.758200
1220991060,1.758300,1.758600,1.758300,1.758500
1220991120,1.758600,1.758600,1.758200,1.758200
1220991180,1.758300,1.758400,1.757800,1.757900
1220991240,1.757800,1.758000,1.757700,1.758000
1220991300,1.758300,1.758400,1.758000,1.758000
1220991360,1.758100,1.758600,1.758000,1.758300
1220991420,1.758400,1.758800,1.758400,1.758800
1220991480,1.758700,1.758700,1.758600,1.758700
1220991540,1.758800,1.758800,1.758700,1.758800
1220991600,1.758900,1.758900,1.758600,1.758600
1220991660,1.758700,1.758800,1.758500,1.758800
1220991720,1.758700,1.758900,1.758700,1.758700
1220991780,1.758800,1.759000,1.758800,1.759000
1220991840,1.759100,1.759200,1.758800,1.759000
1220991900,1.759100,1.759200,1.759000,1.759000
1220991960,1.758900,1.759200,1.758700,1.759000
1220992020,1.759100,1.759100,1.759000,1.759000
1220992080,1.758900,1.759000,1.758900,1.759000
1220992140,1.758900,1.759100,1.758800,1.759100
1220992200,1.759000,1.759600,1.759000,1.759500
1220992260,1.759400,1.759500,1.759200,1.759300
1220992320,1.759200,1.759300,1.759000,1.759100
1220992380,1.759200,1.759200,1.759100,1.759100
1220992440,1.759200,1.759400,1.759100,1.759400
1220992500,1.759700,1.760100,1.759600,1.760100
1220992560,1.760200,1.760700,1.760100,1.760400
1220992620,1.760300,1.760500,1.760100,1.760500
1220992680,1.760400,1.760700,1.760300,1.760600
1220992740,1.760700,1.761000,1.760100,1.760400
1220992800,1.760300,1.760700,1.760300,1.760600
1220992860,1.760700,1.760900,1.760600,1.760900
1220992920,1.761000,1.761000,1.760600,1.760900
1220992980,1.760800,1.761000,1.760800,1.760800
1220993040,1.760900,1.762800,1.760900,1.761800
1220993100,1.761900,1.762600,1.761900,1.762400
1220993160,1.762300,1.762300,1.761800,1.761900
1220993220,1.762000,1.762200,1.762000,1.762200
1220993280,1.762100,1.762100,1.761800,1.762000
1220993340,1.762100,1.762100,1.762000,1.762000
1220993400,1.761900,1.761900,1.761900,1.761900
1220993460,1.762000,1.762100,1.762000,1.762100
1220993520,1.761900,1.762100,1.761600,1.761700
1220993580,1.761600,1.762100,1.761600,1.761800
1220993640,1.761900,1.761900,1.761800,1.761800
1220993700,1.761700,1.761900,1.761700,1.761900
1220993760,1.761800,1.761900,1.761700,1.761900
1220993820,1.761800,1.761800,1.761800,1.761800
1220993880,1.761900,1.761900,1.761600,1.761600
1220993940,1.761500,1.761500,1.760600,1.761000
1220994000,1.760900,1.760900,1.760500,1.760500
1220994060,1.760300,1.760800,1.760300,1.760700
1220994120,1.760800,1.760800,1.760200,1.760300
1220994180,1.760200,1.760700,1.760200,1.760600
1220994240,1.760700,1.760700,1.760600,1.760600
1220994300,1.760300,1.760700,1.760200,1.760500
1220994360,1.760400,1.760800,1.760200,1.760500
1220994420,1.760600,1.760700,1.760400,1.760700
1220994480,1.760600,1.760600,1.760500,1.760600
1220994540,1.760700,1.760800,1.760700,1.760800
1220994600,1.760700,1.761100,1.760700,1.761100
1220994660,1.761000,1.761100,1.760800,1.761100
1220994720,1.761000,1.761200,1.761000,1.761200
1220994780,1.761100,1.761300,1.761100,1.761200
1220994840,1.761100,1.761200,1.761100,1.761200
1220994900,1.761300,1.761300,1.761200,1.761200
1220994960,1.761100,1.761200,1.761100,1.761200
1220995020,1.761100,1.761200,1.760900,1.761100
1220995080,1.761200,1.761300,1.761100,1.761300
1220995140,1.761800,1.761800,1.761700,1.761700
1220995200,1.761500,1.761600,1.761500,1.761500
1220995260,1.761600,1.761600,1.761600,1.761600
1220995320,1.761500,1.762300,1.761500,1.762100
1220995380,1.762300,1.762300,1.762100,1.762200
1220995440,1.762100,1.762300,1.762100,1.762300
1220995500,1.762600,1.762700,1.762200,1.762200
1220995560,1.762300,1.762500,1.762200,1.762500
1220995620,1.762600,1.762700,1.762500,1.762700
1220995680,1.762600,1.762600,1.762200,1.762300
1220995740,1.762200,1.762200,1.762000,1.762100
1220995800,1.762000,1.762100,1.761600,1.761600
1220995860,1.761700,1.761800,1.761600,1.761700
1220995920,1.761800,1.761800,1.761700,1.761700
1220995980,1.761600,1.761700,1.761600,1.761700
1220996160,1.761600,1.761600,1.761500,1.761600
1220996220,1.761500,1.761600,1.761500,1.761500
1220996280,1.761600,1.761600,1.760800,1.760900
1220996340,1.761100,1.761200,1.760900,1.761000
1220996400,1.761100,1.761300,1.760700,1.761100
1220996460,1.761200,1.761200,1.761100,1.761100
1220996520,1.761000,1.761100,1.760600,1.760900
1220996580,1.760700,1.760800,1.760700,1.760700
1220996640,1.760600,1.760700,1.760600,1.760700
1220996760,1.760600,1.760700,1.760600,1.760700
1220996820,1.760600,1.760800,1.760600,1.760700
1220996880,1.760600,1.760600,1.760500,1.760600
1220996940,1.760500,1.760500,1.760200,1.760200
1220997060,1.760100,1.760200,1.759600,1.759600
1220997120,1.759500,1.759500,1.758800,1.759100
1220997180,1.759000,1.759000,1.758100,1.758300
1220997240,1.758600,1.759200,1.758500,1.759200
1220997420,1.759500,1.759500,1.758700,1.759300
1220997480,1.759000,1.759200,1.758700,1.759100
1220997540,1.759200,1.759200,1.758900,1.758900
1220997660,1.759000,1.759000,1.759000,1.759000
1220997720,1.758900,1.759000,1.758900,1.759000
1220997780,1.758900,1.759000,1.758900,1.758900
1220997840,1.759000,1.759100,1.759000,1.759100
1220997900,1.759000,1.759100,1.758600,1.758700
1220997960,1.758500,1.758700,1.758200,1.758600
1220998020,1.758700,1.758800,1.758400,1.758600
1220998080,1.758500,1.758600,1.758400,1.758500
1220998140,1.758600,1.758800,1.758600,1.758700
1220998200,1.758600,1.759100,1.758600,1.759000
1220998260,1.759300,1.759600,1.758900,1.759500
1220998320,1.759300,1.759400,1.758900,1.759000
1220998380,1.759100,1.759300,1.758800,1.759000
1220998440,1.758900,1.759000,1.758800,1.759000
1220998500,1.759100,1.759200,1.759100,1.759200
1220998560,1.759100,1.760300,1.759100,1.759900
1220998620,1.759800,1.760600,1.759400,1.760600
1220998680,1.760500,1.760800,1.759800,1.759900
1220998740,1.759800,1.759800,1.759100,1.759200
1220998800,1.759100,1.759300,1.758000,1.758200
1220998860,1.758100,1.758200,1.758100,1.758200
1220998920,1.758100,1.758100,1.758100,1.758100
1220998980,1.758400,1.758400,1.758200,1.758200
1220999100,1.758100,1.758100,1.758100,1.758100
1220999160,1.758200,1.758600,1.758200,1.758500
1220999340,1.758600,1.758600,1.758600,1.758600
1220999460,1.758700,1.758800,1.758600,1.758800
1220999520,1.758700,1.758800,1.758700,1.758700
1220999700,1.758800,1.758900,1.758700,1.758700
1220999760,1.758800,1.758800,1.758700,1.758700
1220999880,1.758900,1.759100,1.758900,1.759100
1220999940,1.759200,1.759200,1.759200,1.759200
1221000000,1.759300,1.759600,1.759200,1.759600
1221000060,1.759700,1.759700,1.759500,1.759700
1221000120,1.759800,1.760300,1.759600,1.760100
1221000180,1.760200,1.761600,1.760200,1.761300
1221000240,1.761200,1.761200,1.761100,1.761100
1221000480,1.760900,1.760900,1.760500,1.760500
1221000540,1.760300,1.760300,1.760300,1.760300
1221000600,1.760100,1.760400,1.760100,1.760400
1221000660,1.760500,1.760500,1.760500,1.760500
1221000840,1.760600,1.760900,1.760500,1.760800
1221000900,1.760900,1.761000,1.760900,1.761000
1221000960,1.761100,1.761600,1.760600,1.761600
1221001020,1.761700,1.761800,1.761300,1.761600
1221001080,1.761800,1.762300,1.761700,1.762300
1221001140,1.762400,1.762700,1.762400,1.762600
1221001200,1.762500,1.762700,1.762300,1.762400
1221001260,1.762300,1.762500,1.762200,1.762200
1221001320,1.762100,1.762600,1.761800,1.762500
1221001380,1.762600,1.762700,1.762500,1.762500
1221001440,1.762700,1.762700,1.762600,1.762600
1221001500,1.762700,1.762700,1.762500,1.762500
1221001560,1.762400,1.762500,1.762400,1.762500
1221001620,1.762400,1.762600,1.762400,1.762500
1221001680,1.762400,1.762400,1.762400,1.762400
1221001800,1.762300,1.762400,1.762300,1.762300
1221001860,1.762200,1.762200,1.762200,1.762200
1221001920,1.762000,1.762000,1.761900,1.761900
1221001980,1.761800,1.761900,1.761700,1.761700
1221002040,1.761600,1.761600,1.761100,1.761100
1221002100,1.761000,1.761000,1.761000,1.761000
1221002220,1.760900,1.761000,1.760900,1.761000
1221002280,1.760900,1.761000,1.760900,1.760900
1221002340,1.761000,1.761000,1.760900,1.760900
1221002400,1.761000,1.761100,1.760900,1.761000
1221002460,1.760900,1.761000,1.760900,1.761000
1221002520,1.760900,1.760900,1.760900,1.760900
1221002640,1.760700,1.760800,1.760700,1.760800
1221002700,1.760900,1.760900,1.760800,1.760900
1221002760,1.760800,1.760900,1.760700,1.760700
1221002820,1.760600,1.760700,1.760600,1.760700
1221002880,1.760600,1.760900,1.760600,1.760800
1221002940,1.760700,1.760700,1.760600,1.760600
1221003000,1.760500,1.760600,1.760200,1.760300
1221003060,1.760200,1.760600,1.759200,1.759300
1221003120,1.759200,1.759200,1.759200,1.759200
1221003180,1.759100,1.759100,1.758900,1.758900
1221003240,1.758800,1.758900,1.758100,1.758600
1221003300,1.758500,1.758700,1.758400,1.758500
1221003360,1.758400,1.758400,1.758300,1.758400
1221003420,1.758200,1.759400,1.758200,1.759400
1221003480,1.759500,1.759500,1.759300,1.759400
1221003540,1.759300,1.759600,1.759200,1.759200
1221003600,1.759100,1.759200,1.759000,1.759000
1221003660,1.759100,1.759400,1.758700,1.759100
1221003720,1.759000,1.759500,1.759000,1.759500
1221003780,1.759300,1.759400,1.759000,1.759300
1221003840,1.759100,1.760000,1.759100,1.759800
1221003900,1.759900,1.760000,1.759700,1.759900
1221003960,1.760300,1.760800,1.760000,1.760600
1221004020,1.760400,1.760500,1.759600,1.759700
1221004080,1.759600,1.759700,1.759600,1.759600
1221004140,1.759500,1.759700,1.759500,1.759600
1221004200,1.759700,1.759700,1.759500,1.759600
1221004260,1.759500,1.759500,1.759100,1.759200
1221004320,1.759100,1.759400,1.759100,1.759200
1221004380,1.759100,1.759300,1.758700,1.759000
1221004440,1.758800,1.759200,1.758800,1.759100
1221004500,1.759000,1.759200,1.759000,1.759100
1221004560,1.759000,1.759200,1.759000,1.759100
1221004620,1.759000,1.759100,1.758600,1.758700
1221004680,1.758800,1.758900,1.758700,1.758900
1221004740,1.759000,1.759000,1.758900,1.758900
1221004800,1.759100,1.759100,1.758900,1.759100
1221004860,1.759000,1.759200,1.759000,1.759200
1221004920,1.759300,1.759400,1.759200,1.759300
1221004980,1.759400,1.759700,1.759400,1.759500
1221005040,1.759600,1.759600,1.759200,1.759400
1221005100,1.759500,1.759600,1.759500,1.759600
1221005160,1.759700,1.759900,1.759500,1.759700
1221005220,1.759600,1.759600,1.759300,1.759400
1221005280,1.759300,1.759300,1.758900,1.759000
1221005340,1.759100,1.759400,1.759100,1.759300
1221005400,1.759400,1.759600,1.759200,1.759200
1221005460,1.759300,1.759300,1.759200,1.759300
1221005520,1.759400,1.759500,1.759300,1.759500
1221005580,1.759600,1.759700,1.759400,1.759400
1221005640,1.759500,1.759500,1.759400,1.759400
1221005700,1.759300,1.759300,1.759200,1.759300
1221005760,1.759200,1.759300,1.759200,1.759200
1221005820,1.759100,1.759200,1.759100,1.759200
1221005880,1.759100,1.759200,1.759100,1.759200
1221005940,1.759100,1.759100,1.759100,1.759100
1221006000,1.759000,1.759000,1.758400,1.758400
1221006060,1.758300,1.758300,1.757200,1.757400
1221006120,1.757300,1.757500,1.757300,1.757500
1221006180,1.757600,1.757600,1.757000,1.757000
1221006240,1.756900,1.757000,1.756900,1.757000
1221006300,1.756900,1.757000,1.756700,1.757000
1221006360,1.756900,1.758000,1.756900,1.758000
1221006420,1.757900,1.758000,1.757800,1.757900
1221006480,1.757800,1.757900,1.757500,1.757600
1221006540,1.757700,1.757800,1.757600,1.757800
1221006600,1.757900,1.758000,1.757700,1.757800
1221006660,1.757900,1.757900,1.757700,1.757700
1221006720,1.757800,1.757900,1.757700,1.757700
1221006780,1.757800,1.757900,1.757700,1.757900
1221006840,1.758000,1.758500,1.758000,1.758500
1221006900,1.758400,1.758600,1.758400,1.758600
1221006960,1.758700,1.759300,1.758700,1.759200
1221007020,1.759300,1.759300,1.759000,1.759200
1221007080,1.759100,1.759200,1.759100,1.759200
1221007140,1.759100,1.759400,1.759100,1.759300
1221007200,1.759400,1.759500,1.759300,1.759500
1221007260,1.759600,1.759900,1.759600,1.759800
1221007320,1.759900,1.760200,1.759900,1.759900
1221007440,1.760000,1.760000,1.759700,1.759700
1221007500,1.759900,1.759900,1.759800,1.759800
1221007560,1.759900,1.760000,1.759700,1.759900
1221007620,1.759800,1.760000,1.759800,1.759900
1221007740,1.759700,1.759700,1.759600,1.759700
1221007800,1.759800,1.759800,1.759200,1.759200
1221007860,1.759300,1.759500,1.759300,1.759400
1221007920,1.759500,1.759500,1.759200,1.759300
1221007980,1.759500,1.759600,1.759300,1.759500
1221008040,1.759700,1.760200,1.759500,1.760000
1221008100,1.760100,1.760300,1.759300,1.759400
1221008160,1.759500,1.759500,1.759300,1.759300
1221008220,1.759400,1.759500,1.759400,1.759500
1221008280,1.759600,1.759700,1.759200,1.759700
1221008340,1.759600,1.759700,1.759600,1.759600
1221008400,1.759700,1.759700,1.759600,1.759600
1221008460,1.759700,1.759700,1.759600,1.759600
1221008520,1.759500,1.759500,1.759500,1.759500
1221008580,1.759600,1.759600,1.759500,1.759500
1221008640,1.759400,1.759500,1.759300,1.759300
1221008700,1.759400,1.759500,1.758600,1.759000
1221008760,1.758900,1.759800,1.758900,1.759800
1221008820,1.759900,1.760400,1.759800,1.760400
1221008880,1.760300,1.761500,1.760300,1.761400
1221008940,1.761500,1.761600,1.761500,1.761600
1221009000,1.761700,1.762100,1.761700,1.762100
1221009060,1.762200,1.762400,1.761900,1.762100
1221009120,1.762000,1.762100,1.761700,1.762100
1221009180,1.762000,1.762100,1.761800,1.761900
1221009240,1.762000,1.762300,1.761900,1.762300
1221009300,1.762200,1.762900,1.762000,1.762900
1221009360,1.762800,1.763100,1.762800,1.762900
1221009420,1.763000,1.763100,1.762900,1.763000
1221009480,1.763100,1.763400,1.763000,1.763400
1221009540,1.763500,1.763500,1.763200,1.763200
1221009600,1.763500,1.763600,1.763400,1.763500
1221009660,1.763600,1.763600,1.763200,1.763400
1221009720,1.763300,1.763400,1.763200,1.763300
1221009780,1.763400,1.763800,1.763300,1.763800
1221009840,1.763700,1.764400,1.763700,1.764400
1221009900,1.764300,1.764500,1.764100,1.764300
1221009960,1.764400,1.764400,1.764100,1.764100
1221010020,1.764300,1.764300,1.764000,1.764100
1221010080,1.763900,1.763900,1.763700,1.763700
1221010140,1.763400,1.763500,1.763000,1.763000
1221010200,1.762900,1.763100,1.762800,1.762900
1221010260,1.763000,1.763000,1.762600,1.762800
1221010320,1.762900,1.762900,1.762800,1.762900
1221010380,1.762800,1.763000,1.762800,1.763000
1221010440,1.763100,1.763100,1.763000,1.763000
1221010500,1.762900,1.762900,1.762900,1.762900
1221010560,1.762800,1.762800,1.762500,1.762700
1221010620,1.762600,1.762800,1.762600,1.762800
1221010680,1.762700,1.763000,1.762700,1.763000
1221010740,1.762900,1.763000,1.762900,1.763000
1221010800,1.762900,1.762900,1.762900,1.762900
1221010860,1.763000,1.763000,1.763000,1.763000
1221010920,1.762900,1.763100,1.762900,1.763000
1221010980,1.763100,1.763100,1.762900,1.763000
1221011040,1.762900,1.762900,1.762800,1.762800
1221011100,1.762900,1.762900,1.762800,1.762800
1221011220,1.762900,1.762900,1.762600,1.762600
1221011280,1.762700,1.762800,1.762700,1.762800
1221011340,1.762900,1.762900,1.762800,1.762800
1221011400,1.763000,1.763000,1.762200,1.762300
1221011460,1.762200,1.762700,1.762200,1.762600
1221011520,1.762700,1.762700,1.762300,1.762600
1221011580,1.762500,1.762600,1.762500,1.762500
1221011640,1.762600,1.762700,1.762500,1.762700
1221011700,1.762600,1.762700,1.762600,1.762600
1221011760,1.762500,1.762600,1.762100,1.762300
1221011820,1.762100,1.762100,1.761500,1.761900
1221011880,1.761800,1.761900,1.761500,1.761900
1221011940,1.762000,1.762000,1.761900,1.761900
1221012000,1.761200,1.761500,1.761000,1.761400
1221012060,1.761200,1.761400,1.761200,1.761300
1221012120,1.761400,1.761400,1.760900,1.761000
1221012180,1.760900,1.761000,1.760900,1.760900
1221012240,1.761000,1.761100,1.761000,1.761000
1221012300,1.760900,1.760900,1.760800,1.760800
1221012360,1.760700,1.760700,1.760600,1.760700
1221012420,1.760600,1.760700,1.760500,1.760600
1221012480,1.760500,1.760600,1.760400,1.760500
1221012540,1.760600,1.760600,1.760600,1.760600
1221012600,1.760500,1.760600,1.760500,1.760600
1221012660,1.760500,1.760500,1.759700,1.760200
1221012720,1.760300,1.761300,1.760100,1.761200
1221012780,1.761100,1.761100,1.760500,1.760600
1221012840,1.760500,1.760600,1.759700,1.760100
1221012900,1.760300,1.760500,1.760100,1.760200
1221012960,1.760300,1.760400,1.760200,1.760300
1221013020,1.760400,1.760400,1.760300,1.760300
1221013080,1.760400,1.760500,1.760400,1.760500
1221013140,1.760600,1.760900,1.760600,1.760800
1221013200,1.760900,1.761000,1.760900,1.761000
1221013260,1.760900,1.761500,1.760800,1.761500
1221013320,1.761400,1.761600,1.761200,1.761200
1221013380,1.761400,1.761400,1.761100,1.761100
1221013440,1.761000,1.761300,1.760700,1.761100
1221013500,1.761000,1.761100,1.760800,1.760900
1221013560,1.760800,1.761300,1.760700,1.760800
1221013620,1.761200,1.761600,1.761100,1.761100
1221013680,1.761300,1.761700,1.760900,1.761500
1221013740,1.761400,1.761400,1.761400,1.761400
1221013800,1.761300,1.761300,1.761000,1.761100
1221013860,1.761200,1.761200,1.761100,1.761200
1221013920,1.761100,1.761200,1.761000,1.761200
1221013980,1.761100,1.761100,1.761100,1.761100
1221014040,1.761200,1.761200,1.761200,1.761200
1221014100,1.761300,1.761300,1.761200,1.761300
1221014220,1.761400,1.761400,1.761300,1.761400
1221014280,1.761500,1.761600,1.761500,1.761600
1221014340,1.761700,1.761900,1.761600,1.761600
1221014400,1.761500,1.761500,1.761200,1.761300
1221014460,1.761400,1.761400,1.761300,1.761400
1221014520,1.761500,1.761500,1.761500,1.761500
1221014760,1.761600,1.761600,1.761600,1.761600
1221014820,1.761500,1.761600,1.761500,1.761500
1221014880,1.761300,1.761500,1.761300,1.761500
1221014940,1.761400,1.761600,1.761400,1.761600
1221015000,1.761500,1.761600,1.761400,1.761400
1221015060,1.761500,1.761500,1.761400,1.761500
1221015120,1.761400,1.761400,1.761100,1.761100
1221015180,1.761200,1.761200,1.760900,1.761000
1221015240,1.761100,1.761100,1.761000,1.761100
1221015300,1.761000,1.761100,1.760800,1.760800
1221015360,1.761000,1.761000,1.761000,1.761000
1221015420,1.760900,1.760900,1.760700,1.760800
1221015540,1.760700,1.760700,1.760700,1.760700
1221015600,1.760600,1.760700,1.760500,1.760700
1221015660,1.760600,1.760700,1.760600,1.760700
1221015720,1.760600,1.761200,1.760600,1.761200
1221015780,1.761400,1.761500,1.761300,1.761500
1221015840,1.761400,1.761400,1.761400,1.761400
1221015900,1.761500,1.762200,1.761400,1.762200
1221015960,1.762300,1.762300,1.761700,1.761800
1221016020,1.761700,1.762000,1.761700,1.761900
1221016080,1.762000,1.762000,1.762000,1.762000
1221016140,1.761900,1.761900,1.761900,1.761900
1221016200,1.762000,1.762000,1.762000,1.762000
1221016260,1.761900,1.761900,1.761700,1.761700
1221016320,1.761800,1.761800,1.761700,1.761700
1221016380,1.761800,1.762000,1.761800,1.762000
1221016500,1.761900,1.761900,1.761900,1.761900
1221016560,1.762000,1.762100,1.762000,1.762100
1221016620,1.762000,1.762000,1.762000,1.762000
1221016680,1.762100,1.762100,1.762100,1.762100
1221016740,1.762300,1.762300,1.762300,1.762300
1221016800,1.762200,1.762400,1.762200,1.762400
1221016860,1.762800,1.763500,1.762700,1.762700
1221016920,1.763000,1.763100,1.762900,1.763000
1221016980,1.762900,1.762900,1.762900,1.762900
1221017040,1.763000,1.763000,1.762800,1.762900
1221017100,1.762800,1.762900,1.762800,1.762800
1221017160,1.762900,1.762900,1.762800,1.762900
1221017220,1.763000,1.763200,1.762900,1.763200
1221017280,1.763100,1.763200,1.763000,1.763000
1221017340,1.762800,1.762900,1.762800,1.762900
1221017400,1.762800,1.762800,1.762500,1.762500
1221017460,1.762400,1.762400,1.762200,1.762200
1221017520,1.762100,1.762300,1.761200,1.762200
1221017580,1.762100,1.762500,1.762100,1.762300
1221017640,1.762400,1.762400,1.762400,1.762400
1221017700,1.762300,1.762400,1.762300,1.762400
1221017760,1.762500,1.762500,1.762300,1.762300
1221017820,1.762400,1.762400,1.762300,1.762300
1221018060,1.762400,1.762400,1.762300,1.762300
1221018120,1.762400,1.762400,1.762300,1.762400
1221018180,1.762300,1.762300,1.762300,1.762300
1221018300,1.762500,1.762600,1.762200,1.762200
1221018360,1.762300,1.762400,1.762200,1.762400
1221018420,1.762500,1.762500,1.762400,1.762500
1221018540,1.762400,1.763000,1.762400,1.762900
1221018600,1.762800,1.762900,1.762800,1.762800
1221018660,1.762700,1.762900,1.762700,1.762800
1221018720,1.762700,1.762700,1.762100,1.762200
1221018780,1.762100,1.762200,1.762100,1.762200
1221018840,1.762300,1.762600,1.762300,1.762600
1221018900,1.762500,1.762500,1.762400,1.762400
1221018960,1.762300,1.762400,1.762300,1.762400
1221019020,1.762500,1.762500,1.762300,1.762300
1221019080,1.762200,1.762300,1.762200,1.762300
1221019140,1.762200,1.762300,1.762000,1.762200
