time,open,high,low,close
1081137600,1.292700,1.292700,1.292600,1.292600
1081137660,1.292700,1.292700,1.292600,1.292600
1081137720,1.292800,1.292800,1.292700,1.292700
1081137780,1.292900,1.293000,1.292800,1.292800
1081137840,1.293000,1.293000,1.292800,1.292900
1081137900,1.293000,1.293100,1.292900,1.293000
1081137960,1.292900,1.292900,1.292800,1.292900
1081138020,1.292800,1.292900,1.292800,1.292800
1081138080,1.292700,1.292700,1.292600,1.292700
1081138140,1.292700,1.292900,1.292600,1.292900
1081138200,1.292800,1.292900,1.292800,1.292900
1081138260,1.293000,1.293000,1.292900,1.293000
1081138320,1.293000,1.293000,1.292900,1.293000
1081138380,1.293100,1.293100,1.293000,1.293100
1081138440,1.293000,1.293000,1.292900,1.293000
1081138500,1.293000,1.293000,1.293000,1.293000
1081138560,1.293100,1.293100,1.293100,1.293100
1081138680,1.293000,1.293000,1.293000,1.293000
1081139040,1.293000,1.293000,1.292900,1.292900
1081139100,1.293000,1.293000,1.292800,1.292800
1081139160,1.292900,1.293100,1.292900,1.292900
1081139280,1.292800,1.292900,1.292600,1.292900
1081139340,1.292800,1.292900,1.292800,1.292900
1081139580,1.292800,1.292900,1.292800,1.292800
1081139640,1.292700,1.292800,1.292700,1.292800
1081139700,1.292900,1.292900,1.292900,1.292900
1081139820,1.292900,1.293000,1.292700,1.292700
1081139880,1.292800,1.292800,1.292700,1.292700
1081139940,1.292800,1.293000,1.292800,1.293000
1081140000,1.293000,1.293100,1.292900,1.293100
1081140060,1.292600,1.293100,1.292200,1.292800
1081140120,1.292900,1.292900,1.292900,1.292900
1081140240,1.292800,1.292900,1.292800,1.292900
1081140300,1.293000,1.293100,1.292900,1.293000
1081140360,1.292900,1.293400,1.292900,1.293300
1081140420,1.293200,1.293300,1.293200,1.293300
1081140480,1.293400,1.293700,1.293300,1.293600
1081140540,1.293500,1.293600,1.293500,1.293600
1081140600,1.293500,1.293500,1.293400,1.293500
1081140660,1.293400,1.293500,1.293400,1.293500
1081140720,1.293600,1.293600,1.293500,1.293500
1081140780,1.293400,1.293500,1.293400,1.293400
1081140840,1.293500,1.293700,1.293500,1.293600
1081140900,1.293500,1.293700,1.293500,1.293600
1081140960,1.293700,1.293800,1.293400,1.293400
1081141020,1.293400,1.293900,1.293100,1.293800
1081141080,1.293900,1.293900,1.293600,1.293700
1081141140,1.293800,1.293800,1.293500,1.293500
1081141200,1.293600,1.293600,1.293500,1.293500
1081141260,1.293600,1.293800,1.293600,1.293600
1081141380,1.293600,1.293900,1.293600,1.293800
1081141440,1.293700,1.293900,1.293700,1.293900
1081141500,1.293800,1.294000,1.293700,1.293700
1081141560,1.293600,1.293700,1.293600,1.293700
1081141620,1.293600,1.293700,1.293600,1.293700
1081141680,1.293800,1.293800,1.293600,1.293600
1081141740,1.293700,1.294000,1.293600,1.293800
1081141800,1.293900,1.294100,1.293800,1.293900
1081141860,1.293800,1.294000,1.293600,1.293800
1081141920,1.293900,1.294000,1.293800,1.293900
1081141980,1.294000,1.294000,1.293700,1.293700
1081142100,1.293500,1.293500,1.293400,1.293400
1081142160,1.293500,1.293500,1.293400,1.293400
1081142220,1.293400,1.293500,1.293300,1.293300
1081142280,1.293400,1.293500,1.293300,1.293400
1081142340,1.293300,1.293500,1.293300,1.293300
1081142400,1.293400,1.293400,1.293200,1.293200
1081142460,1.293200,1.293600,1.293200,1.293400
1081142520,1.293300,1.293400,1.293300,1.293400
1081142580,1.293300,1.293300,1.293300,1.293300
1081142640,1.293300,1.293300,1.293300,1.293300
1081142700,1.293200,1.293300,1.293200,1.293200
1081142760,1.293100,1.293200,1.293100,1.293100
1081142820,1.293200,1.293300,1.293200,1.293300
1081142880,1.293400,1.293500,1.293300,1.293500
1081142940,1.293600,1.293600,1.293500,1.293500
1081143060,1.293500,1.293700,1.293500,1.293600
1081143120,1.293500,1.293600,1.293400,1.293400
1081143180,1.293500,1.293500,1.293300,1.293400
1081143240,1.293400,1.293500,1.293400,1.293500
1081143300,1.293400,1.293400,1.293100,1.293100
1081143360,1.293200,1.293600,1.293100,1.293600
1081143420,1.293500,1.293500,1.293500,1.293500
1081143480,1.293400,1.293400,1.293100,1.293100
1081143540,1.293100,1.293400,1.293100,1.293400
1081143600,1.293300,1.293500,1.293200,1.293500
1081143660,1.293600,1.293800,1.293500,1.293700
1081143720,1.293700,1.293800,1.293600,1.293600
1081143780,1.293700,1.294000,1.293700,1.293900
1081143840,1.293800,1.294000,1.293800,1.294000
1081143900,1.294100,1.294100,1.293900,1.293900
1081143960,1.294000,1.294200,1.294000,1.294200
1081144020,1.294100,1.294100,1.294000,1.294000
1081144080,1.294100,1.294100,1.294000,1.294000
1081144140,1.294000,1.294200,1.294000,1.294100
1081144200,1.294000,1.294000,1.293600,1.293600
1081144260,1.293600,1.293900,1.293600,1.293700
1081144320,1.293600,1.293700,1.293600,1.293700
1081144380,1.293800,1.294200,1.293800,1.294200
1081144440,1.294100,1.294200,1.294000,1.294100
1081144500,1.294100,1.294200,1.293800,1.293800
1081144560,1.293700,1.293800,1.293600,1.293600
1081144620,1.293500,1.294200,1.293500,1.294100
1081144680,1.294100,1.294100,1.294000,1.294000
1081144740,1.294100,1.294200,1.294100,1.294100
1081144800,1.294100,1.294400,1.294100,1.294400
1081144860,1.294400,1.294500,1.294300,1.294400
1081144920,1.294500,1.295000,1.294500,1.294800
1081144980,1.294800,1.294800,1.294300,1.294400
1081145040,1.294400,1.294500,1.294200,1.294300
1081145100,1.294200,1.294400,1.294200,1.294300
1081145160,1.294400,1.294400,1.294200,1.294300
1081145220,1.294300,1.294500,1.294200,1.294400
1081145280,1.294500,1.294600,1.294400,1.294400
1081145340,1.294500,1.294700,1.294200,1.294200
1081145400,1.294300,1.294300,1.293800,1.293800
1081145460,1.293900,1.293900,1.293600,1.293700
1081145520,1.293600,1.294400,1.293600,1.294300
1081145580,1.294500,1.294600,1.294400,1.294400
1081145640,1.294500,1.294600,1.294400,1.294600
1081145700,1.294800,1.295300,1.294800,1.294900
1081145760,1.295000,1.295300,1.295000,1.295200
1081145820,1.295200,1.295300,1.295000,1.295200
1081145880,1.295100,1.295200,1.295100,1.295200
1081145940,1.295100,1.295400,1.294900,1.295400
1081146000,1.295500,1.295800,1.295400,1.295500
1081146060,1.295400,1.295600,1.295300,1.295600
1081146120,1.295700,1.295800,1.295500,1.295700
1081146180,1.295900,1.295900,1.295500,1.295500
1081146240,1.295400,1.295800,1.295400,1.295700
1081146300,1.295800,1.296000,1.295800,1.295900
1081146360,1.295800,1.295900,1.295700,1.295700
1081146420,1.295800,1.295900,1.295700,1.295800
1081146480,1.296000,1.296000,1.295800,1.295800
1081146540,1.295700,1.295900,1.295700,1.295900
1081146600,1.295800,1.296100,1.295800,1.296000
1081146660,1.296000,1.296000,1.295700,1.295800
1081146720,1.295800,1.295900,1.295700,1.295900
1081146780,1.295900,1.295900,1.295900,1.295900
1081146840,1.295900,1.296200,1.295800,1.296100
1081146900,1.296200,1.296200,1.295900,1.296200
1081146960,1.296200,1.296200,1.296200,1.296200
1081147020,1.296300,1.296400,1.296000,1.296000
1081147080,1.296000,1.296000,1.295700,1.295800
1081147140,1.295800,1.295800,1.295500,1.295500
1081147200,1.295300,1.295300,1.295100,1.295200
1081147260,1.295100,1.295100,1.294400,1.294500
1081147320,1.294600,1.294700,1.294500,1.294600
1081147380,1.294700,1.294700,1.294300,1.294300
1081147440,1.294400,1.294900,1.294300,1.294900
1081147500,1.294800,1.294900,1.294700,1.294800
1081147560,1.294700,1.294900,1.294700,1.294900
1081147620,1.294800,1.295100,1.294800,1.294900
1081147680,1.295000,1.295300,1.294900,1.295300
1081147740,1.295200,1.295700,1.295200,1.295400
1081147800,1.295500,1.295600,1.295300,1.295600
1081147860,1.295600,1.296200,1.295600,1.296100
1081147920,1.296000,1.296000,1.295700,1.295800
1081147980,1.295700,1.295700,1.295200,1.295400
1081148040,1.295400,1.295600,1.295400,1.295400
1081148100,1.295400,1.295600,1.295100,1.295500
1081148160,1.295500,1.296400,1.295500,1.296400
1081148220,1.296500,1.296600,1.296200,1.296300
1081148280,1.296400,1.296600,1.296200,1.296500
1081148340,1.296600,1.296600,1.295400,1.295400
1081148400,1.295500,1.295600,1.295000,1.295100
1081148460,1.295000,1.295300,1.295000,1.295100
1081148520,1.295100,1.295100,1.294700,1.294700
1081148580,1.294700,1.294700,1.294400,1.294500
1081148640,1.294400,1.295000,1.294400,1.294800
1081148700,1.294900,1.295100,1.294800,1.294800
1081148760,1.294700,1.294700,1.294200,1.294400
1081148820,1.294500,1.294800,1.294500,1.294600
1081148880,1.294600,1.294600,1.293900,1.293900
1081148940,1.293800,1.294000,1.293700,1.293700
1081149000,1.293600,1.293600,1.292600,1.292900
1081149060,1.292900,1.293100,1.292600,1.292600
1081149120,1.292600,1.292800,1.292500,1.292800
1081149180,1.292800,1.292900,1.292400,1.292700
1081149240,1.292700,1.292900,1.292400,1.292600
1081149300,1.292600,1.292600,1.292300,1.292400
1081149360,1.292400,1.292400,1.291700,1.291800
1081149420,1.291900,1.292200,1.291800,1.292100
1081149480,1.292200,1.292300,1.292100,1.292300
1081149540,1.292400,1.292400,1.292100,1.292100
1081149600,1.292200,1.292200,1.291900,1.292000
1081149660,1.292100,1.292200,1.291900,1.292100
1081149720,1.292200,1.292300,1.292100,1.292200
1081149780,1.292300,1.292900,1.292300,1.292800
1081149840,1.292900,1.292900,1.292500,1.292700
1081149900,1.292700,1.292800,1.292500,1.292700
1081149960,1.292600,1.292800,1.292500,1.292700
1081150020,1.292700,1.292800,1.292600,1.292700
1081150080,1.292700,1.292800,1.292700,1.292700
1081150140,1.292700,1.292700,1.292400,1.292400
1081150200,1.292500,1.292500,1.292500,1.292500
1081150260,1.292500,1.292500,1.292300,1.292300
1081150320,1.292400,1.292400,1.292400,1.292400
1081150380,1.292400,1.292400,1.292100,1.292100
1081150440,1.292200,1.292200,1.292000,1.292000
1081150500,1.292000,1.292400,1.292000,1.292400
1081150560,1.292400,1.292500,1.292400,1.292400
1081150620,1.292500,1.292500,1.292300,1.292300
1081150680,1.292200,1.292300,1.291400,1.291400
1081150740,1.291500,1.291800,1.291400,1.291800
1081150800,1.291900,1.292100,1.291900,1.292000
1081150860,1.292000,1.292100,1.292000,1.292000
1081150920,1.292100,1.292100,1.292000,1.292000
1081150980,1.292000,1.292100,1.291900,1.292100
1081151040,1.292100,1.292100,1.292000,1.292100
1081151100,1.292100,1.292400,1.292100,1.292300
1081151160,1.292300,1.292400,1.292000,1.292000
1081151220,1.292100,1.292200,1.292100,1.292200
1081151280,1.292200,1.292300,1.292100,1.292100
1081151340,1.292100,1.292100,1.291900,1.292000
1081151400,1.292100,1.292100,1.291800,1.292000
1081151460,1.292000,1.292100,1.292000,1.292100
1081151520,1.292200,1.292400,1.292000,1.292400
1081151580,1.292300,1.292700,1.292300,1.292300
1081151640,1.292200,1.292500,1.292200,1.292500
1081151700,1.292500,1.292500,1.292400,1.292400
1081151760,1.292400,1.292400,1.292400,1.292400
1081151820,1.292400,1.292400,1.292400,1.292400
1081151880,1.292400,1.292500,1.292400,1.292500
1081151940,1.292400,1.292500,1.292400,1.292500
1081152000,1.292600,1.292900,1.292500,1.292900
1081152060,1.292800,1.292900,1.292700,1.292900
1081152120,1.292900,1.292900,1.292800,1.292800
1081152180,1.292800,1.292800,1.292700,1.292800
1081152240,1.292900,1.293200,1.292800,1.293000
1081152300,1.293000,1.293300,1.292900,1.293200
1081152360,1.293100,1.293400,1.293000,1.293400
1081152420,1.293300,1.293400,1.293200,1.293300
1081152480,1.293400,1.293500,1.293100,1.293200
1081152540,1.293100,1.293200,1.293100,1.293100
1081152600,1.293100,1.293300,1.293000,1.293000
1081152660,1.293100,1.293700,1.293000,1.293600
1081152720,1.293700,1.293900,1.293600,1.293600
1081152780,1.293700,1.293800,1.293600,1.293800
1081152840,1.293700,1.293800,1.293700,1.293800
1081152900,1.293800,1.293800,1.293600,1.293700
1081152960,1.293600,1.293800,1.293600,1.293800
1081153020,1.293900,1.294200,1.293800,1.294200
1081153080,1.294200,1.294500,1.294100,1.294400
1081153140,1.294400,1.294400,1.294200,1.294300
1081153200,1.294200,1.294300,1.294200,1.294300
1081153260,1.294400,1.294700,1.294400,1.294500
1081153320,1.294600,1.294600,1.294500,1.294500
1081153380,1.294500,1.294600,1.294400,1.294400
1081153440,1.294500,1.294500,1.294400,1.294500
1081153500,1.294400,1.294500,1.294100,1.294100
1081153560,1.294100,1.294200,1.294000,1.294000
1081153620,1.294000,1.294200,1.293800,1.294100
1081153680,1.294100,1.294200,1.293900,1.294200
1081153740,1.294300,1.294400,1.294200,1.294200
1081153800,1.294100,1.294500,1.294100,1.294300
1081153860,1.294400,1.294600,1.294300,1.294400
1081153920,1.294400,1.294600,1.294300,1.294300
1081153980,1.294200,1.294300,1.293900,1.294200
1081154040,1.294300,1.294400,1.294200,1.294400
1081154100,1.294300,1.294700,1.294300,1.294300
1081154160,1.294400,1.294400,1.293900,1.293900
1081154220,1.293900,1.293900,1.293900,1.293900
1081154280,1.293800,1.294200,1.293700,1.294000
1081154340,1.294100,1.294100,1.293700,1.293800
1081154400,1.293700,1.294000,1.293700,1.293900
1081154460,1.294000,1.294000,1.293800,1.293800
1081154520,1.293800,1.294000,1.293700,1.294000
1081154580,1.293900,1.294000,1.293800,1.293800
1081154640,1.293900,1.294200,1.293600,1.294200
1081154700,1.294100,1.294300,1.294100,1.294200
1081154760,1.294100,1.294100,1.293700,1.293800
1081154820,1.293700,1.293800,1.293300,1.293300
1081154880,1.293200,1.293400,1.293200,1.293400
1081154940,1.293300,1.293500,1.293300,1.293400
1081155000,1.293400,1.293400,1.293100,1.293300
1081155060,1.293300,1.293300,1.293200,1.293200
1081155120,1.293200,1.293300,1.293100,1.293300
1081155180,1.293200,1.293500,1.293200,1.293500
1081155240,1.293600,1.293900,1.293500,1.293500
1081155300,1.293500,1.293500,1.292900,1.292900
1081155360,1.292800,1.292800,1.292200,1.292200
1081155420,1.292300,1.292500,1.291600,1.291900
1081155480,1.291800,1.291900,1.291300,1.291400
1081155540,1.291400,1.291500,1.290900,1.291400
1081155600,1.291300,1.292000,1.291300,1.292000
1081155660,1.291900,1.292100,1.291900,1.292000
1081155720,1.292000,1.292800,1.292000,1.292600
1081155780,1.292700,1.292700,1.292500,1.292700
1081155840,1.292600,1.293000,1.292600,1.293000
1081155900,1.293100,1.293200,1.293000,1.293100
1081155960,1.293200,1.293200,1.293100,1.293200
1081156020,1.293300,1.293900,1.293100,1.293800
1081156080,1.293900,1.293900,1.293700,1.293700
1081156140,1.293700,1.293800,1.293500,1.293500
1081156200,1.293600,1.293600,1.293400,1.293400
1081156260,1.293500,1.293900,1.293300,1.293900
1081156320,1.293800,1.293900,1.293500,1.293600
1081156380,1.293700,1.294400,1.293700,1.294200
1081156440,1.294200,1.294200,1.293700,1.293800
1081156500,1.293900,1.294000,1.293700,1.293900
1081156560,1.293900,1.294000,1.293600,1.293800
1081156620,1.293700,1.293800,1.293100,1.293100
1081156680,1.293100,1.293100,1.292200,1.292200
1081156740,1.292300,1.293100,1.292200,1.293000
1081156800,1.293000,1.293100,1.293000,1.293000
1081156860,1.292900,1.293200,1.292800,1.293200
1081156920,1.293300,1.293300,1.293100,1.293200
1081156980,1.293200,1.293400,1.293100,1.293300
1081157040,1.293300,1.293300,1.293100,1.293100
1081157100,1.293200,1.293200,1.293000,1.293100
1081157160,1.293000,1.293100,1.292900,1.293000
1081157220,1.293000,1.293100,1.292900,1.293100
1081157280,1.293000,1.293000,1.292400,1.292400
1081157340,1.292400,1.292800,1.292300,1.292800
1081157400,1.292700,1.292800,1.292600,1.292800
1081157460,1.292800,1.293000,1.292800,1.292800
1081157520,1.292800,1.292800,1.292600,1.292600
1081157580,1.292700,1.292700,1.292700,1.292700
1081157640,1.292800,1.292800,1.292600,1.292700
1081157700,1.292600,1.292600,1.292400,1.292400
1081157760,1.292400,1.292900,1.292400,1.292700
1081157820,1.292800,1.293200,1.292800,1.293100
1081157880,1.293100,1.293500,1.293100,1.293200
1081157940,1.293100,1.293200,1.293000,1.293000
1081158000,1.293000,1.293100,1.292900,1.293100
1081158060,1.293100,1.293300,1.293100,1.293200
1081158120,1.293100,1.293700,1.293100,1.293500
1081158180,1.293600,1.293600,1.293400,1.293500
1081158240,1.293600,1.293800,1.293600,1.293700
1081158300,1.293700,1.293800,1.293700,1.293800
1081158360,1.293900,1.293900,1.293800,1.293800
1081158420,1.293700,1.293700,1.293400,1.293500
1081158480,1.293500,1.293600,1.293400,1.293600
1081158540,1.293600,1.294400,1.293600,1.294400
1081158600,1.294500,1.294800,1.294400,1.294500
1081158660,1.294400,1.294500,1.294200,1.294300
1081158720,1.294400,1.294400,1.294000,1.294200
1081158780,1.294200,1.294200,1.294100,1.294100
1081158840,1.294200,1.294200,1.294100,1.294200
1081158900,1.294300,1.294300,1.294200,1.294300
1081158960,1.294300,1.294500,1.294200,1.294400
1081159020,1.294500,1.294500,1.294400,1.294400
1081159080,1.294300,1.294800,1.294300,1.294600
1081159140,1.294600,1.294600,1.294300,1.294300
1081159200,1.294400,1.294700,1.294400,1.294500
1081159260,1.294400,1.294600,1.294400,1.294500
1081159320,1.294500,1.294500,1.294100,1.294200
1081159380,1.294100,1.294600,1.294100,1.294500
1081159440,1.294400,1.294400,1.294100,1.294200
1081159500,1.294100,1.294500,1.294100,1.294400
1081159560,1.294300,1.294700,1.294300,1.294500
1081159620,1.294400,1.294500,1.294000,1.294300
1081159680,1.294300,1.294300,1.294200,1.294300
1081159740,1.294300,1.294300,1.293800,1.293900
1081159800,1.294000,1.294100,1.294000,1.294000
1081159860,1.293900,1.293900,1.293900,1.293900
1081159920,1.293800,1.294400,1.293800,1.294400
1081159980,1.294500,1.294700,1.294400,1.294500
1081160040,1.294600,1.294700,1.294200,1.294200
1081160100,1.294200,1.294200,1.293700,1.293800
1081160160,1.293900,1.294000,1.293900,1.294000
1081160220,1.294100,1.294100,1.294000,1.294100
1081160280,1.294000,1.294100,1.293600,1.293800
1081160340,1.293800,1.294200,1.293700,1.294100
1081160400,1.294100,1.294600,1.294000,1.294600
1081160460,1.294500,1.294600,1.294300,1.294500
1081160520,1.294500,1.294600,1.294200,1.294300
1081160580,1.294300,1.294400,1.294300,1.294400
1081160640,1.294300,1.294500,1.294300,1.294400
1081160700,1.294400,1.294400,1.294100,1.294400
1081160760,1.294300,1.294400,1.294300,1.294300
1081160820,1.294300,1.294300,1.294200,1.294300
1081160880,1.294400,1.294400,1.294300,1.294300
1081160940,1.294400,1.294600,1.294300,1.294500
1081161000,1.294600,1.294600,1.294500,1.294500
1081161060,1.294400,1.294500,1.294400,1.294500
1081161120,1.294400,1.294600,1.294400,1.294600
1081161180,1.294500,1.294500,1.294500,1.294500
1081161240,1.294500,1.294500,1.294400,1.294500
1081161300,1.294400,1.294400,1.294300,1.294300
1081161360,1.294300,1.294300,1.294300,1.294300
1081161420,1.294200,1.294200,1.293300,1.293400
1081161480,1.293400,1.293500,1.292900,1.293300
1081161540,1.293400,1.293600,1.293200,1.293600
1081161600,1.293600,1.294000,1.293600,1.293900
1081161660,1.293800,1.293900,1.293300,1.293500
1081161720,1.293600,1.293600,1.293300,1.293400
1081161780,1.293500,1.293800,1.293300,1.293700
1081161840,1.293700,1.293800,1.293500,1.293500
1081161900,1.293600,1.293600,1.293300,1.293300
1081161960,1.293300,1.293600,1.293200,1.293600
1081162020,1.293600,1.293900,1.293600,1.293900
1081162080,1.294000,1.294100,1.293900,1.294100
1081162140,1.294200,1.294300,1.294000,1.294200
1081162200,1.294300,1.294400,1.294100,1.294300
1081162260,1.294200,1.294300,1.294000,1.294100
1081162320,1.294200,1.294500,1.294100,1.294300
1081162380,1.294400,1.294500,1.294300,1.294500
1081162440,1.294600,1.294600,1.294300,1.294300
1081162500,1.294400,1.294500,1.294300,1.294500
1081162560,1.294600,1.295100,1.294600,1.294700
1081162620,1.294700,1.294900,1.294600,1.294800
1081162680,1.294900,1.295200,1.294800,1.295000
1081162740,1.295100,1.295200,1.294700,1.294700
1081162800,1.294800,1.295000,1.294800,1.295000
1081162860,1.294900,1.295000,1.294900,1.295000
1081162920,1.295100,1.295100,1.294900,1.295100
1081162980,1.295100,1.295100,1.294900,1.295000
1081163040,1.295100,1.295200,1.295000,1.295100
1081163100,1.295100,1.295100,1.294600,1.294600
1081163160,1.294700,1.294800,1.294700,1.294800
1081163220,1.294800,1.294800,1.294600,1.294700
1081163280,1.294600,1.295100,1.294600,1.295000
1081163340,1.295000,1.295200,1.295000,1.295000
1081163400,1.295100,1.295300,1.295000,1.295000
1081163460,1.295100,1.295300,1.295000,1.295200
1081163520,1.295300,1.295400,1.295200,1.295300
1081163580,1.295300,1.295300,1.295000,1.295100
1081163640,1.295200,1.295200,1.294900,1.295000
1081163700,1.294800,1.294800,1.294100,1.294100
1081163760,1.294000,1.294000,1.293800,1.294000
1081163820,1.293900,1.294300,1.293900,1.294200
1081163880,1.294100,1.294400,1.293900,1.294400
1081163940,1.294300,1.294400,1.294300,1.294300
1081164000,1.294400,1.294400,1.294300,1.294300
1081164060,1.294300,1.294700,1.294300,1.294600
1081164120,1.294600,1.294900,1.294600,1.294700
1081164180,1.294800,1.294800,1.294500,1.294500
1081164240,1.294400,1.294400,1.294100,1.294200
1081164300,1.294200,1.294400,1.294000,1.294400
1081164360,1.294400,1.295200,1.294300,1.295100
1081164420,1.295000,1.295100,1.294700,1.294700
1081164480,1.294600,1.294900,1.294600,1.294800
1081164540,1.294800,1.295100,1.294800,1.294900
1081164600,1.295000,1.295400,1.294900,1.295400
1081164660,1.295500,1.295500,1.295100,1.295100
1081164720,1.295200,1.295200,1.295000,1.295000
1081164780,1.295100,1.295500,1.295000,1.295400
1081164840,1.295500,1.295500,1.295200,1.295300
1081164900,1.295200,1.295700,1.295200,1.295600
1081164960,1.295600,1.295600,1.295300,1.295300
1081165020,1.295300,1.295300,1.295200,1.295200
1081165080,1.295200,1.295200,1.295200,1.295200
1081165140,1.295100,1.295100,1.294900,1.295100
1081165200,1.295000,1.295200,1.295000,1.295100
1081165260,1.295100,1.295200,1.295000,1.295100
1081165320,1.295100,1.295300,1.295000,1.295200
1081165380,1.295300,1.296600,1.295300,1.296600
1081165440,1.296600,1.296800,1.296200,1.296200
1081165500,1.296100,1.296400,1.296100,1.296200
1081165560,1.296100,1.296200,1.296100,1.296100
1081165620,1.296100,1.296700,1.296000,1.296700
1081165680,1.296600,1.296900,1.296600,1.296600
1081165740,1.296700,1.297200,1.296700,1.297200
1081165800,1.297100,1.297400,1.297100,1.297300
1081165860,1.297200,1.297900,1.297000,1.297900
1081165920,1.297800,1.298500,1.297800,1.298500
1081165980,1.298500,1.298600,1.298400,1.298500
1081166040,1.298400,1.298600,1.298300,1.298400
1081166100,1.298400,1.298500,1.298200,1.298300
1081166160,1.298400,1.298500,1.298300,1.298400
1081166220,1.298500,1.298800,1.298400,1.298600
1081166280,1.298500,1.298800,1.298500,1.298800
1081166340,1.298800,1.299000,1.298300,1.298300
1081166400,1.298300,1.298500,1.298200,1.298300
1081166460,1.298200,1.298400,1.297700,1.297800
1081166520,1.297900,1.298300,1.297900,1.298000
1081166580,1.298000,1.298300,1.297800,1.297900
1081166640,1.297900,1.298100,1.297900,1.298100
1081166700,1.298000,1.298400,1.298000,1.298400
1081166760,1.298400,1.298900,1.298400,1.298700
1081166820,1.298600,1.298800,1.298500,1.298700
1081166880,1.298700,1.298800,1.298300,1.298400
1081166940,1.298500,1.298800,1.298300,1.298700
1081167000,1.298600,1.299100,1.298600,1.299000
1081167060,1.299100,1.299700,1.299100,1.299700
1081167120,1.299600,1.301300,1.299600,1.301200
1081167180,1.301100,1.301100,1.300300,1.300400
1081167240,1.300300,1.300400,1.299700,1.299900
1081167300,1.299800,1.299800,1.299000,1.299300
1081167360,1.299300,1.299800,1.299300,1.299700
1081167420,1.299800,1.299900,1.299700,1.299800
1081167480,1.299800,1.299800,1.299100,1.299100
1081167540,1.299000,1.299600,1.299000,1.299600
1081167600,1.299700,1.300100,1.299700,1.299900
1081167660,1.299800,1.300000,1.299500,1.300000
1081167720,1.300000,1.300000,1.299600,1.299600
1081167780,1.299700,1.300000,1.299600,1.300000
1081167840,1.300000,1.300800,1.300000,1.300800
1081167900,1.300700,1.302000,1.300700,1.301700
1081167960,1.301600,1.302300,1.301400,1.302300
1081168020,1.302200,1.303000,1.302200,1.303000
1081168080,1.302900,1.302900,1.302200,1.302500
1081168140,1.302500,1.302900,1.302100,1.302500
1081168200,1.302400,1.303000,1.302400,1.302900
1081168260,1.303000,1.303700,1.302800,1.303500
1081168320,1.303400,1.303800,1.303200,1.303500
1081168380,1.303400,1.304000,1.303300,1.303800
1081168440,1.303800,1.303800,1.303000,1.303000
1081168500,1.302900,1.303300,1.302900,1.302900
1081168560,1.302800,1.303400,1.302600,1.303400
1081168620,1.303400,1.303700,1.303300,1.303400
1081168680,1.303500,1.303700,1.303300,1.303300
1081168740,1.303200,1.303300,1.302600,1.302700
1081168800,1.302800,1.303500,1.302700,1.303200
1081168860,1.303200,1.303300,1.302900,1.303000
1081168920,1.303100,1.303400,1.303000,1.303300
1081168980,1.303300,1.303700,1.303300,1.303700
1081169040,1.303700,1.304600,1.303700,1.303900
1081169100,1.304000,1.305700,1.303900,1.305400
1081169160,1.305300,1.305800,1.304800,1.305100
1081169220,1.305100,1.305100,1.304700,1.305100
1081169280,1.305000,1.305700,1.305000,1.305100
1081169340,1.305000,1.305000,1.304700,1.305000
1081169400,1.305100,1.305500,1.305000,1.305200
1081169460,1.305300,1.305300,1.304700,1.304800
1081169520,1.304900,1.305000,1.304600,1.304800
1081169580,1.304900,1.304900,1.304400,1.304400
1081169640,1.304400,1.304500,1.304100,1.304100
1081169700,1.304200,1.304300,1.304000,1.304100
1081169760,1.304200,1.305000,1.304100,1.305000
1081169820,1.305100,1.305500,1.305100,1.305500
1081169880,1.305500,1.306000,1.305400,1.305800
1081169940,1.305800,1.306000,1.305300,1.305800
1081170000,1.305900,1.306900,1.305800,1.306000
1081170060,1.306100,1.306400,1.305900,1.306100
1081170120,1.306100,1.306100,1.305600,1.305600
1081170180,1.305600,1.305900,1.305400,1.305400
1081170240,1.305400,1.305400,1.304700,1.304900
1081170300,1.305000,1.305200,1.304400,1.304700
1081170360,1.304700,1.305000,1.304600,1.305000
1081170420,1.305000,1.305000,1.304700,1.304800
1081170480,1.304800,1.304800,1.304400,1.304500
1081170540,1.304400,1.304700,1.304300,1.304300
1081170600,1.304300,1.304400,1.303900,1.304400
1081170660,1.304300,1.304800,1.304300,1.304700
1081170720,1.304700,1.304800,1.304500,1.304800
1081170780,1.304800,1.304800,1.304700,1.304800
1081170840,1.304700,1.305200,1.304700,1.305200
1081170900,1.305200,1.305200,1.304500,1.304500
1081170960,1.304500,1.304700,1.304200,1.304700
1081171020,1.304700,1.304800,1.304600,1.304800
1081171080,1.304700,1.304700,1.304400,1.304400
1081171140,1.304300,1.304600,1.304200,1.304600
1081171200,1.304600,1.305200,1.304600,1.304900
1081171260,1.304900,1.305000,1.304800,1.304900
1081171320,1.305000,1.305000,1.304700,1.304700
1081171380,1.304600,1.304600,1.304500,1.304500
1081171440,1.304600,1.304900,1.304600,1.304900
1081171500,1.304800,1.304800,1.304500,1.304500
1081171560,1.304500,1.305000,1.304500,1.304600
1081171620,1.304700,1.305100,1.304700,1.305000
1081171680,1.305000,1.305000,1.304900,1.305000
1081171740,1.304900,1.305300,1.304800,1.305200
1081171800,1.305200,1.305800,1.305100,1.305800
1081171860,1.305900,1.306200,1.305700,1.306200
1081171920,1.306100,1.306200,1.305200,1.305300
1081171980,1.305400,1.305400,1.305000,1.305000
1081172040,1.305100,1.305200,1.304900,1.305000
1081172100,1.305100,1.305300,1.304900,1.305000
1081172160,1.304900,1.305000,1.304800,1.304900
1081172220,1.304800,1.304900,1.304100,1.304300
1081172280,1.304400,1.304400,1.303800,1.303900
1081172340,1.303900,1.304000,1.303500,1.303700
1081172400,1.303700,1.304100,1.303600,1.304100
1081172460,1.304200,1.304300,1.304000,1.304000
1081172520,1.304100,1.304100,1.303800,1.303800
1081172580,1.303700,1.303800,1.303500,1.303500
1081172640,1.303600,1.303700,1.303400,1.303600
1081172700,1.303600,1.304100,1.303500,1.304000
1081172760,1.304000,1.304300,1.303900,1.304000
1081172820,1.304000,1.304200,1.304000,1.304100
1081172880,1.304000,1.304100,1.303400,1.303700
1081172940,1.303800,1.304000,1.303800,1.303900
1081173000,1.303800,1.304100,1.303800,1.304100
1081173060,1.304000,1.304000,1.303900,1.304000
1081173120,1.304100,1.304300,1.304100,1.304200
1081173180,1.304100,1.304300,1.304100,1.304300
1081173240,1.304300,1.304600,1.304300,1.304500
1081173300,1.304600,1.304700,1.304400,1.304400
1081173360,1.304500,1.305000,1.304500,1.305000
1081173420,1.305000,1.305100,1.304600,1.304600
1081173480,1.304700,1.304800,1.304200,1.304400
1081173540,1.304500,1.304600,1.304100,1.304200
1081173600,1.304400,1.307000,1.304200,1.306500
1081173660,1.306400,1.306600,1.305800,1.305800
1081173720,1.305700,1.306300,1.305700,1.306000
1081173780,1.305900,1.306100,1.305100,1.305100
1081173840,1.305200,1.305200,1.304500,1.304700
1081173900,1.304800,1.305000,1.304700,1.304800
1081173960,1.304900,1.304900,1.304600,1.304600
1081174020,1.304500,1.304600,1.304100,1.304600
1081174080,1.304500,1.304500,1.304100,1.304100
1081174140,1.304100,1.304600,1.304100,1.304600
1081174200,1.304600,1.304900,1.304000,1.304000
1081174260,1.304000,1.304800,1.304000,1.304500
1081174320,1.304400,1.304500,1.303600,1.303700
1081174380,1.303800,1.303800,1.303500,1.303500
1081174440,1.303700,1.303800,1.303500,1.303800
1081174500,1.303700,1.303900,1.303400,1.303400
1081174560,1.303300,1.303400,1.302800,1.303100
1081174620,1.303200,1.303900,1.303200,1.303900
1081174680,1.303800,1.303900,1.303800,1.303800
1081174740,1.303800,1.303800,1.303600,1.303600
1081174800,1.303500,1.304000,1.303500,1.304000
1081174860,1.304000,1.304600,1.304000,1.304600
1081174920,1.304500,1.304900,1.304500,1.304800
1081174980,1.304800,1.304900,1.304600,1.304700
1081175040,1.304700,1.304800,1.303900,1.303900
1081175100,1.304000,1.304100,1.303700,1.304100
1081175160,1.304000,1.304200,1.303600,1.304100
1081175220,1.304100,1.304200,1.303900,1.303900
1081175280,1.303800,1.303800,1.303300,1.303700
1081175340,1.303700,1.303900,1.303600,1.303600
1081175400,1.303600,1.303700,1.303200,1.303700
1081175460,1.303600,1.304300,1.303600,1.304200
1081175520,1.304100,1.304500,1.304100,1.304400
1081175580,1.304500,1.304600,1.304500,1.304500
1081175640,1.304400,1.305000,1.304400,1.305000
1081175700,1.305000,1.305300,1.305000,1.305300
1081175760,1.305400,1.305600,1.305300,1.305400
1081175820,1.305400,1.305700,1.305400,1.305700
1081175880,1.305600,1.305600,1.305200,1.305300
1081175940,1.305300,1.305600,1.305100,1.305500
1081176000,1.305600,1.305700,1.305500,1.305600
1081176060,1.305600,1.305600,1.305200,1.305200
1081176120,1.305100,1.305500,1.305000,1.305400
1081176180,1.305300,1.305400,1.305100,1.305200
1081176240,1.305200,1.305500,1.305200,1.305300
1081176300,1.305400,1.305600,1.305200,1.305500
1081176360,1.305500,1.305600,1.305300,1.305400
1081176420,1.305500,1.305500,1.305200,1.305200
1081176480,1.305300,1.305400,1.305200,1.305300
1081176540,1.305200,1.306000,1.305200,1.306000
1081176600,1.306000,1.306600,1.305900,1.306500
1081176660,1.306400,1.306600,1.306100,1.306100
1081176720,1.306200,1.306200,1.305700,1.306000
1081176780,1.305900,1.306400,1.305900,1.306400
1081176840,1.306400,1.306900,1.306400,1.306600
1081176900,1.306600,1.306700,1.306000,1.306000
1081176960,1.306100,1.306100,1.305900,1.306100
1081177020,1.306200,1.306300,1.305900,1.306100
1081177080,1.306100,1.306100,1.305600,1.305800
1081177140,1.305800,1.305800,1.305200,1.305400
1081177200,1.305400,1.305700,1.305300,1.305600
1081177260,1.305600,1.306700,1.305600,1.306700
1081177320,1.306600,1.307000,1.306200,1.306300
1081177380,1.306200,1.306400,1.306100,1.306300
1081177440,1.306200,1.306800,1.306200,1.306600
1081177500,1.306600,1.306600,1.306000,1.306200
1081177560,1.306200,1.306300,1.306100,1.306300
1081177620,1.306400,1.306600,1.306300,1.306500
1081177680,1.306600,1.306900,1.306400,1.306400
1081177740,1.306300,1.306400,1.306100,1.306400
1081177800,1.306500,1.307500,1.306500,1.307000
1081177860,1.307100,1.307700,1.307100,1.307200
1081177920,1.307200,1.307600,1.307100,1.307600
1081177980,1.307600,1.308300,1.307400,1.307400
1081178040,1.307400,1.307500,1.307000,1.307500
1081178100,1.307400,1.308100,1.307300,1.307900
1081178160,1.307800,1.307800,1.307600,1.307800
1081178220,1.307700,1.307800,1.307200,1.307300
1081178280,1.307300,1.307700,1.307300,1.307600
1081178340,1.307700,1.307800,1.307500,1.307600
1081178400,1.307500,1.307600,1.307200,1.307300
1081178460,1.307300,1.307300,1.306900,1.307000
1081178520,1.306900,1.307100,1.306800,1.306900
1081178580,1.306800,1.306900,1.306800,1.306800
1081178640,1.306700,1.306800,1.306600,1.306600
1081178700,1.306600,1.307200,1.306600,1.306900
1081178760,1.307000,1.307100,1.307000,1.307000
1081178820,1.306900,1.307000,1.306700,1.306900
1081178880,1.306900,1.307600,1.306700,1.307500
1081178940,1.307500,1.307800,1.307500,1.307800
1081179000,1.307800,1.308200,1.307800,1.307900
1081179060,1.307800,1.307900,1.307700,1.307700
1081179120,1.307800,1.307800,1.307700,1.307700
1081179180,1.307800,1.307800,1.307600,1.307600
1081179240,1.307700,1.308200,1.307700,1.308200
1081179300,1.308200,1.308200,1.308000,1.308100
1081179360,1.308000,1.308100,1.307900,1.308000
1081179420,1.308000,1.308000,1.307800,1.307800
1081179480,1.307800,1.307900,1.307700,1.307800
1081179540,1.307800,1.307900,1.307300,1.307700
1081179600,1.307800,1.307800,1.307000,1.307100
1081179660,1.307000,1.307100,1.306800,1.306900
1081179720,1.307000,1.307400,1.306900,1.307400
1081179780,1.307500,1.307600,1.307400,1.307500
1081179840,1.307400,1.307400,1.307000,1.307000
1081179900,1.307000,1.307000,1.306300,1.306400
1081179960,1.306300,1.306400,1.306000,1.306200
1081180020,1.306100,1.306100,1.305400,1.305700
1081180080,1.305700,1.305700,1.305000,1.305200
1081180140,1.305200,1.305500,1.305100,1.305500
1081180200,1.305400,1.305700,1.305400,1.305700
1081180260,1.305600,1.305600,1.305400,1.305400
1081180320,1.305300,1.305700,1.305300,1.305700
1081180380,1.305600,1.305700,1.305500,1.305600
1081180440,1.305500,1.305800,1.305500,1.305600
1081180500,1.305700,1.305700,1.305200,1.305600
1081180560,1.305500,1.305800,1.305200,1.305200
1081180620,1.305200,1.305200,1.304800,1.305000
1081180680,1.304900,1.305000,1.304800,1.304900
1081180740,1.305000,1.305300,1.304800,1.305100
1081180800,1.305100,1.305100,1.304900,1.304900
1081180860,1.304900,1.305200,1.304900,1.305200
1081180920,1.305300,1.305300,1.305100,1.305200
1081180980,1.305300,1.305300,1.304900,1.305000
1081181040,1.305000,1.305100,1.304900,1.305000
1081181100,1.305100,1.305100,1.304700,1.304700
1081181160,1.304600,1.304900,1.304600,1.304800
1081181220,1.304900,1.305200,1.304900,1.305200
1081181280,1.305200,1.305200,1.305000,1.305000
1081181340,1.305100,1.305200,1.305100,1.305100
1081181400,1.305000,1.305200,1.305000,1.305200
1081181460,1.305200,1.305200,1.305000,1.305200
1081181520,1.305100,1.305300,1.305100,1.305200
1081181580,1.305300,1.305400,1.305200,1.305400
1081181640,1.305300,1.305700,1.305300,1.305600
1081181700,1.305600,1.306200,1.305600,1.306100
1081181760,1.306200,1.306300,1.306100,1.306300
1081181820,1.306200,1.306400,1.306000,1.306200
1081181880,1.306100,1.306100,1.306000,1.306000
1081181940,1.306100,1.306200,1.305800,1.305800
1081182000,1.305900,1.306100,1.305900,1.306100
1081182060,1.306200,1.306500,1.306200,1.306500
1081182120,1.306500,1.306800,1.306300,1.306800
1081182180,1.306700,1.306800,1.306500,1.306500
1081182240,1.306500,1.306700,1.306500,1.306700
1081182300,1.306600,1.306700,1.306500,1.306500
1081182360,1.306400,1.306600,1.306100,1.306100
1081182420,1.306100,1.306100,1.305700,1.306100
1081182480,1.306300,1.306400,1.306000,1.306300
1081182540,1.306400,1.306400,1.306200,1.306200
1081182600,1.306100,1.306100,1.305800,1.305900
1081182660,1.306000,1.306000,1.305800,1.305900
1081182720,1.305800,1.306200,1.305800,1.306200
1081182780,1.306200,1.306300,1.306100,1.306100
1081182840,1.306100,1.306200,1.306000,1.306200
1081182900,1.306200,1.306200,1.305600,1.306000
1081182960,1.306000,1.306100,1.305800,1.306000
1081183020,1.305900,1.306100,1.305800,1.306000
1081183080,1.306100,1.306300,1.306000,1.306000
1081183140,1.306100,1.306100,1.305400,1.305500
1081183200,1.305600,1.305900,1.305600,1.305700
1081183260,1.305600,1.305700,1.305500,1.305600
1081183320,1.305600,1.305700,1.305500,1.305600
1081183380,1.305600,1.305600,1.305200,1.305300
1081183440,1.305300,1.305300,1.304800,1.304800
1081183500,1.304700,1.305200,1.304700,1.305000
1081183560,1.305000,1.305000,1.304800,1.305000
1081183620,1.305100,1.305100,1.305100,1.305100
1081183680,1.305200,1.305300,1.305100,1.305300
1081183740,1.305200,1.305400,1.305200,1.305300
1081183800,1.305400,1.305500,1.305000,1.305000
1081183860,1.304900,1.305200,1.304700,1.304900
1081183920,1.304800,1.304800,1.304500,1.304700
1081183980,1.304800,1.304800,1.304400,1.304600
1081184040,1.304700,1.304900,1.304600,1.304600
1081184100,1.304700,1.304700,1.304500,1.304700
1081184160,1.304600,1.304600,1.304300,1.304400
1081184220,1.304400,1.304500,1.304300,1.304500
1081184280,1.304600,1.305000,1.304500,1.304800
1081184340,1.304800,1.305000,1.304800,1.304900
1081184400,1.305000,1.305000,1.304800,1.304800
1081184460,1.304900,1.305000,1.304900,1.304900
1081184520,1.305000,1.305200,1.305000,1.305200
1081184580,1.305200,1.305200,1.305100,1.305100
1081184640,1.305200,1.305300,1.305100,1.305200
1081184700,1.305100,1.305200,1.304900,1.305000
1081184760,1.305100,1.305300,1.305100,1.305200
1081184820,1.305200,1.305200,1.304800,1.304900
1081184880,1.304800,1.304900,1.304700,1.304800
1081184940,1.304800,1.305200,1.304800,1.305200
1081185000,1.305200,1.305500,1.305100,1.305500
1081185060,1.305400,1.305500,1.305400,1.305500
1081185120,1.305600,1.305700,1.305400,1.305700
1081185180,1.305600,1.305600,1.305500,1.305500
1081185240,1.305600,1.305700,1.305500,1.305700
1081185300,1.305600,1.305600,1.305200,1.305200
1081185360,1.305300,1.305400,1.304700,1.305000
1081185420,1.304900,1.305100,1.304800,1.305100
1081185480,1.305200,1.305300,1.305100,1.305100
1081185540,1.305200,1.305200,1.304900,1.305000
1081185600,1.305000,1.305000,1.304800,1.304900
1081185660,1.305000,1.305100,1.304900,1.305000
1081185720,1.305000,1.305000,1.304700,1.304900
1081185780,1.305000,1.305100,1.304900,1.305000
1081185840,1.305000,1.305000,1.304800,1.305000
1081185900,1.304900,1.305000,1.304800,1.304800
1081185960,1.304900,1.305000,1.304900,1.304900
1081186020,1.304800,1.304900,1.304500,1.304600
1081186080,1.304700,1.304700,1.304600,1.304600
1081186140,1.304500,1.304700,1.304500,1.304600
1081186200,1.304600,1.304700,1.304600,1.304600
1081186260,1.304700,1.304700,1.304600,1.304600
1081186320,1.304500,1.304600,1.304500,1.304500
1081186380,1.304500,1.304600,1.304500,1.304600
1081186440,1.304600,1.304700,1.304600,1.304700
1081186500,1.304800,1.305200,1.304800,1.305100
1081186560,1.305200,1.305200,1.304900,1.305200
1081186620,1.305200,1.305400,1.305100,1.305400
1081186680,1.305400,1.305600,1.305300,1.305600
1081186740,1.305700,1.306000,1.305700,1.305800
1081186800,1.305800,1.305800,1.305400,1.305500
1081186860,1.305400,1.305600,1.305400,1.305500
1081186920,1.305600,1.305900,1.305500,1.305800
1081186980,1.305700,1.305800,1.305500,1.305600
1081187040,1.305500,1.305500,1.305500,1.305500
1081187100,1.305500,1.305500,1.305500,1.305500
1081187160,1.305400,1.305400,1.305300,1.305400
1081187220,1.305300,1.305400,1.305300,1.305300
1081187280,1.305300,1.305300,1.305000,1.305100
1081187340,1.305000,1.305000,1.304700,1.304900
1081187400,1.304800,1.304900,1.304700,1.304900
1081187460,1.304800,1.305000,1.304800,1.304900
1081187520,1.304800,1.304900,1.304800,1.304800
1081187640,1.304900,1.304900,1.304700,1.304800
1081187700,1.304800,1.304800,1.304700,1.304800
1081187760,1.304700,1.304800,1.304700,1.304800
1081187820,1.304800,1.304900,1.304800,1.304800
1081187880,1.304900,1.304900,1.304800,1.304900
1081187940,1.305000,1.305100,1.304900,1.305100
1081188000,1.305000,1.305300,1.305000,1.305100
1081188060,1.305200,1.305200,1.305000,1.305000
1081188120,1.304900,1.305000,1.304900,1.304900
1081188180,1.305000,1.305000,1.304900,1.305000
1081188300,1.304900,1.304900,1.304900,1.304900
1081188360,1.305000,1.305000,1.304900,1.304900
1081188420,1.305000,1.305100,1.305000,1.305100
1081188480,1.305000,1.305200,1.305000,1.305200
1081188540,1.305300,1.305300,1.305200,1.305300
1081188600,1.305200,1.305200,1.305200,1.305200
1081188660,1.305100,1.305300,1.305100,1.305300
1081188720,1.305200,1.305300,1.305100,1.305100
1081188780,1.305300,1.305400,1.305100,1.305400
1081188840,1.305500,1.305500,1.305400,1.305500
1081188900,1.305400,1.305400,1.305400,1.305400
1081188960,1.305300,1.305300,1.305200,1.305200
1081189020,1.305100,1.305300,1.305000,1.305100
1081189080,1.305200,1.305400,1.305100,1.305100
1081189140,1.305200,1.305400,1.305100,1.305300
1081189200,1.305300,1.305400,1.305200,1.305200
1081189260,1.305300,1.305500,1.305300,1.305400
1081189320,1.305400,1.305400,1.305400,1.305400
1081189380,1.305400,1.305400,1.305300,1.305300
1081189440,1.305300,1.305400,1.305300,1.305400
1081189500,1.305300,1.306500,1.305300,1.306400
1081189560,1.306300,1.306400,1.306100,1.306300
1081189620,1.306200,1.306300,1.306200,1.306200
1081189680,1.306200,1.306200,1.305800,1.305800
1081189740,1.305800,1.305900,1.305800,1.305900
1081189800,1.305800,1.305900,1.305800,1.305800
1081189860,1.305700,1.305800,1.305400,1.305400
1081189920,1.305500,1.305600,1.305300,1.305400
1081189980,1.305400,1.305400,1.305000,1.305000
1081190040,1.305000,1.305300,1.304900,1.305100
1081190100,1.305000,1.305100,1.304900,1.305000
1081190160,1.304900,1.305000,1.304900,1.305000
1081190220,1.305200,1.305300,1.305100,1.305300
1081190280,1.305200,1.305400,1.305200,1.305400
1081190340,1.305300,1.305500,1.305300,1.305400
1081190400,1.305300,1.305400,1.305300,1.305300
1081190460,1.305400,1.305400,1.305300,1.305400
1081190520,1.305300,1.305300,1.305200,1.305200
1081190580,1.305200,1.305300,1.305100,1.305200
1081190640,1.305100,1.305100,1.305000,1.305000
1081190700,1.305000,1.305000,1.304900,1.305000
1081190760,1.305000,1.305000,1.304400,1.304500
1081190820,1.304500,1.304700,1.304400,1.304600
1081190880,1.304800,1.305100,1.304700,1.305000
1081190940,1.305100,1.305200,1.305000,1.305200
1081191000,1.305300,1.305300,1.305100,1.305200
1081191060,1.305200,1.305400,1.305100,1.305400
1081191120,1.305300,1.305300,1.305200,1.305200
1081191180,1.305300,1.305300,1.305100,1.305300
1081191240,1.305300,1.305300,1.305200,1.305200
1081191300,1.305300,1.305500,1.305200,1.305400
1081191360,1.305300,1.305300,1.305000,1.305000
1081191420,1.305100,1.305300,1.305000,1.305300
1081191480,1.305200,1.305300,1.305000,1.305100
1081191540,1.305200,1.305500,1.305200,1.305300
1081191600,1.305500,1.305500,1.305300,1.305400
1081191660,1.305500,1.305900,1.305500,1.305700
1081191720,1.305600,1.305700,1.305400,1.305400
1081191780,1.305300,1.305400,1.305200,1.305300
1081191840,1.305200,1.305300,1.305100,1.305200
1081191900,1.305300,1.305300,1.305200,1.305300
1081191960,1.305200,1.305300,1.305200,1.305300
1081192020,1.305300,1.305400,1.305300,1.305300
1081192080,1.305400,1.305500,1.305300,1.305500
1081192140,1.305400,1.305500,1.305400,1.305400
1081192200,1.305300,1.305400,1.305200,1.305300
1081192260,1.305300,1.305300,1.305000,1.305200
1081192380,1.305300,1.305400,1.305300,1.305300
1081192440,1.305400,1.305500,1.305400,1.305500
1081192500,1.305500,1.305500,1.305400,1.305400
1081192560,1.305500,1.305500,1.305400,1.305500
1081192620,1.305500,1.305600,1.305400,1.305400
1081192680,1.305300,1.305300,1.305300,1.305300
1081192740,1.305400,1.305400,1.305000,1.305200
1081192800,1.305100,1.305300,1.305100,1.305300
1081192860,1.305400,1.305400,1.305300,1.305300
1081192920,1.305400,1.305400,1.305200,1.305200
1081192980,1.305300,1.305300,1.305200,1.305300
1081193040,1.305200,1.305500,1.305200,1.305500
1081193100,1.305500,1.305500,1.305200,1.305200
1081193160,1.305200,1.305200,1.304900,1.304900
1081193220,1.304800,1.304800,1.304800,1.304800
1081193280,1.304800,1.304800,1.304600,1.304700
1081193340,1.304800,1.305000,1.304800,1.305000
1081193400,1.304900,1.305000,1.304900,1.304900
1081193460,1.305000,1.305000,1.304900,1.304900
1081193520,1.304800,1.304900,1.304800,1.304900
1081193580,1.304800,1.304800,1.304600,1.304700
1081193640,1.304600,1.304700,1.304500,1.304500
1081193700,1.304400,1.304600,1.304400,1.304500
1081193760,1.304500,1.304500,1.304500,1.304500
1081193820,1.304500,1.304600,1.304400,1.304500
1081193880,1.304600,1.304700,1.304500,1.304600
1081193940,1.304600,1.304600,1.304500,1.304500
1081194000,1.304500,1.304600,1.304500,1.304500
1081194060,1.304600,1.304700,1.304600,1.304700
1081194120,1.304600,1.304700,1.304500,1.304600
1081194180,1.304700,1.304700,1.304700,1.304700
1081194240,1.304600,1.304700,1.304600,1.304700
1081194300,1.304600,1.304700,1.304600,1.304600
1081194360,1.304500,1.304600,1.304500,1.304500
1081194420,1.304500,1.304500,1.304300,1.304500
1081194480,1.304600,1.304600,1.304400,1.304500
1081194540,1.304400,1.304600,1.304300,1.304300
1081194600,1.304400,1.304400,1.304300,1.304300
1081194660,1.304400,1.304400,1.304200,1.304400
1081194720,1.304300,1.304400,1.304300,1.304400
1081194780,1.304300,1.304500,1.304100,1.304100
1081194840,1.304200,1.304200,1.304000,1.304000
1081194900,1.304100,1.304200,1.304100,1.304200
1081194960,1.304300,1.304300,1.304100,1.304100
1081195020,1.304200,1.304300,1.304200,1.304300
1081195080,1.304300,1.304400,1.304200,1.304200
1081195140,1.304100,1.304300,1.304100,1.304300
1081195200,1.304200,1.304600,1.304100,1.304600
1081195260,1.304600,1.304900,1.304600,1.304800
1081195320,1.304700,1.304900,1.304700,1.304900
1081195380,1.304700,1.305000,1.304700,1.304900
1081195440,1.304800,1.304800,1.304600,1.304700
1081195500,1.304600,1.304700,1.304600,1.304700
1081195560,1.304600,1.304600,1.304600,1.304600
1081195620,1.304500,1.304500,1.304300,1.304300
1081195740,1.304600,1.304600,1.304200,1.304300
1081195860,1.304400,1.304500,1.304300,1.304400
1081195920,1.304400,1.304400,1.303700,1.303900
1081195980,1.304000,1.304100,1.304000,1.304100
1081196040,1.304000,1.304200,1.304000,1.304100
1081196100,1.304300,1.304300,1.304100,1.304100
1081196160,1.304000,1.304300,1.304000,1.304200
1081196220,1.304300,1.304400,1.304300,1.304400
1081196280,1.304500,1.304700,1.304500,1.304700
1081196340,1.304800,1.304800,1.304700,1.304800
1081196400,1.304700,1.304700,1.304300,1.304400
1081196460,1.304500,1.304600,1.304500,1.304600
1081196520,1.304500,1.304600,1.304200,1.304300
1081196580,1.304400,1.304500,1.304200,1.304300
1081196640,1.304400,1.304400,1.304400,1.304400
1081196700,1.304300,1.304400,1.304300,1.304300
1081196760,1.304400,1.304500,1.304400,1.304500
1081196820,1.304500,1.304500,1.304400,1.304500
1081196880,1.304400,1.304500,1.304400,1.304500
1081196940,1.304400,1.304600,1.304400,1.304400
1081197000,1.304500,1.304500,1.304500,1.304500
1081197060,1.304500,1.304600,1.304400,1.304600
1081197120,1.304600,1.304600,1.304500,1.304600
1081197180,1.304600,1.304600,1.304500,1.304500
1081197420,1.304600,1.304600,1.304500,1.304500
1081197480,1.304600,1.304600,1.304600,1.304600
1081197540,1.304700,1.304700,1.304700,1.304700
1081197600,1.304800,1.304900,1.304800,1.304900
1081197660,1.304700,1.304700,1.304700,1.304700
1081197720,1.304600,1.304600,1.304600,1.304600
1081197780,1.304600,1.304700,1.304600,1.304600
1081197840,1.304700,1.304700,1.304400,1.304400
1081197900,1.304500,1.304500,1.304300,1.304400
1081197960,1.304500,1.304500,1.304300,1.304300
1081198020,1.304200,1.304200,1.304100,1.304200
1081198080,1.304300,1.304300,1.304300,1.304300
1081198140,1.304400,1.304400,1.304300,1.304300
1081198260,1.304300,1.304300,1.304100,1.304100
1081198440,1.304200,1.304200,1.304200,1.304200
1081198500,1.304200,1.304300,1.304200,1.304200
1081198560,1.304200,1.304200,1.304100,1.304200
1081198620,1.304200,1.304200,1.304200,1.304200
1081198680,1.304200,1.304200,1.304000,1.304100
1081198740,1.304200,1.304200,1.304100,1.304100
1081200240,1.304600,1.304600,1.304600,1.304600
1081200300,1.304500,1.304600,1.304500,1.304600
1081200360,1.304500,1.304500,1.304300,1.304500
1081200420,1.304500,1.304600,1.304500,1.304500
1081200480,1.304400,1.304400,1.304200,1.304200
1081200540,1.304300,1.304300,1.304300,1.304300
1081200600,1.304400,1.304500,1.304400,1.304500
1081200660,1.304400,1.304800,1.304400,1.304800
1081200720,1.304800,1.305300,1.304700,1.305000
1081200780,1.305000,1.305300,1.304900,1.305000
1081200840,1.305000,1.305500,1.305000,1.305500
1081200900,1.305400,1.305500,1.305200,1.305200
1081200960,1.305200,1.305500,1.305200,1.305400
1081201080,1.305400,1.305500,1.305400,1.305500
1081201140,1.305400,1.305400,1.305400,1.305400
1081201260,1.305400,1.305800,1.305400,1.305500
1081201320,1.305600,1.305900,1.305600,1.305800
1081201380,1.305800,1.306100,1.305800,1.306100
1081201440,1.306200,1.306200,1.305400,1.305800
1081201500,1.305900,1.306200,1.305800,1.306200
1081201560,1.306100,1.306300,1.305900,1.305900
1081201620,1.306000,1.306000,1.305800,1.305800
1081201680,1.305900,1.305900,1.305900,1.305900
1081201740,1.305800,1.305800,1.305800,1.305800
1081201800,1.305600,1.305800,1.305600,1.305800
1081201860,1.305700,1.305700,1.305600,1.305600
1081201920,1.305500,1.305900,1.305500,1.305800
1081201980,1.305900,1.305900,1.305900,1.305900
1081202040,1.306000,1.306000,1.305900,1.305900
1081202100,1.305800,1.306000,1.305700,1.305900
1081202160,1.305800,1.305900,1.305700,1.305900
1081202220,1.305800,1.305800,1.305500,1.305600
1081202280,1.305500,1.305700,1.305500,1.305600
1081202340,1.305700,1.305800,1.305700,1.305800
1081202400,1.305700,1.305700,1.305500,1.305500
1081202460,1.305400,1.305500,1.305000,1.305500
1081202520,1.305400,1.305400,1.305300,1.305300
1081202580,1.305200,1.305500,1.305000,1.305100
1081202640,1.305200,1.305200,1.305100,1.305100
1081202700,1.305200,1.305300,1.305000,1.305200
1081202760,1.305400,1.305400,1.305200,1.305200
1081202820,1.305200,1.305400,1.305200,1.305400
1081202880,1.305300,1.305400,1.305300,1.305400
1081202940,1.305400,1.305400,1.305400,1.305400
1081203000,1.305400,1.305400,1.305400,1.305400
1081203120,1.305400,1.305400,1.305200,1.305200
1081203180,1.305300,1.305300,1.304900,1.304900
1081203240,1.304800,1.304900,1.304800,1.304900
1081203360,1.304800,1.304900,1.304800,1.304900
1081203420,1.305300,1.305500,1.305300,1.305500
1081203540,1.305600,1.305600,1.305500,1.305600
1081203660,1.305700,1.305700,1.305700,1.305700
1081203720,1.305600,1.305700,1.305500,1.305600
1081203780,1.305600,1.305600,1.305500,1.305500
1081203840,1.305600,1.305600,1.305500,1.305600
1081203900,1.305700,1.305700,1.305600,1.305600
1081203960,1.305600,1.305600,1.305600,1.305600
1081204020,1.305600,1.305600,1.305600,1.305600
1081204080,1.305600,1.305600,1.305600,1.305600
1081204140,1.305600,1.305700,1.305500,1.305500
1081204200,1.305600,1.305600,1.305500,1.305600
1081204260,1.305500,1.305600,1.305500,1.305600
1081204380,1.305500,1.305500,1.305500,1.305500
1081204440,1.305600,1.305600,1.305500,1.305500
1081204620,1.305400,1.305500,1.305300,1.305400
1081204680,1.305400,1.305500,1.305400,1.305500
1081204740,1.305400,1.305400,1.305400,1.305400
1081204860,1.305300,1.305300,1.305200,1.305200
1081204920,1.305300,1.305300,1.305000,1.305300
1081204980,1.305200,1.305200,1.305100,1.305200
1081205040,1.305100,1.305200,1.305100,1.305200
1081205160,1.305100,1.305200,1.305100,1.305100
1081205220,1.305000,1.305000,1.304800,1.304800
1081205280,1.305000,1.305100,1.304600,1.304900
1081205340,1.304800,1.304800,1.304700,1.304700
1081205400,1.304800,1.304800,1.304700,1.304700
1081205460,1.304800,1.304800,1.304800,1.304800
1081205520,1.304700,1.304700,1.304500,1.304600
1081205580,1.304700,1.304700,1.304700,1.304700
1081205640,1.304600,1.304600,1.304500,1.304500
1081205700,1.304600,1.304700,1.304600,1.304700
1081205760,1.304600,1.304700,1.304600,1.304700
1081206120,1.304800,1.305000,1.304800,1.305000
1081206180,1.304900,1.305000,1.304800,1.304900
1081206240,1.305000,1.305000,1.304900,1.304900
1081206300,1.304700,1.304700,1.304600,1.304700
1081206360,1.304700,1.304900,1.304700,1.304900
1081206420,1.304700,1.304900,1.304700,1.304900
1081206480,1.304800,1.304900,1.304800,1.304900
1081206540,1.304800,1.304800,1.304700,1.304700
1081206600,1.304700,1.304700,1.304700,1.304700
1081206660,1.304700,1.304700,1.304700,1.304700
1081206780,1.304700,1.304700,1.304600,1.304600
1081206960,1.304500,1.304600,1.304300,1.304400
1081207140,1.304400,1.304500,1.304400,1.304500
1081207380,1.304400,1.304500,1.304300,1.304500
1081207440,1.304500,1.304500,1.304400,1.304500
1081207560,1.304400,1.304500,1.304400,1.304500
1081207680,1.304400,1.304500,1.304400,1.304500
1081207740,1.304400,1.304500,1.304400,1.304500
1081207800,1.304600,1.304700,1.304600,1.304600
1081207920,1.304500,1.304600,1.304500,1.304600
1081207980,1.304500,1.304500,1.304500,1.304500
1081208040,1.304400,1.304500,1.304400,1.304500
1081208100,1.304400,1.304700,1.304400,1.304500
1081208160,1.304600,1.304600,1.304400,1.304500
1081208220,1.304400,1.304400,1.304400,1.304400
1081208340,1.304300,1.304400,1.304000,1.304400
1081208400,1.304300,1.304500,1.304300,1.304500
1081208460,1.304400,1.304600,1.304400,1.304600
1081208520,1.304700,1.304800,1.304700,1.304800
1081208580,1.304600,1.304700,1.304500,1.304500
1081208760,1.304600,1.304700,1.304500,1.304700
1081208820,1.304600,1.304700,1.304500,1.304700
1081208880,1.304600,1.304700,1.304600,1.304600
1081208940,1.304500,1.304700,1.304500,1.304700
1081209000,1.304600,1.304700,1.304200,1.304700
1081209180,1.304600,1.304600,1.304500,1.304600
1081209300,1.304700,1.304700,1.304700,1.304700
1081209420,1.304700,1.304800,1.304700,1.304800
1081209480,1.304700,1.304700,1.304500,1.304700
1081209600,1.304600,1.304700,1.304600,1.304600
1081209660,1.304700,1.304900,1.304700,1.304800
1081209720,1.304900,1.305600,1.304900,1.305600
1081209780,1.305800,1.306000,1.305700,1.305700
1081209840,1.305600,1.305800,1.305600,1.305600
1081209900,1.305800,1.306200,1.305700,1.306100
1081209960,1.306000,1.306100,1.305600,1.305700
1081210020,1.305800,1.305900,1.305600,1.305600
1081210080,1.305500,1.305500,1.305300,1.305400
1081210140,1.305200,1.305500,1.305100,1.305500
1081210200,1.305400,1.305500,1.305200,1.305400
1081210260,1.305300,1.305500,1.305300,1.305500
1081210320,1.305400,1.305400,1.305200,1.305400
1081210380,1.305500,1.305600,1.305500,1.305500
1081210440,1.305600,1.305600,1.305400,1.305500
1081210500,1.305600,1.305700,1.305500,1.305600
1081210560,1.305500,1.305500,1.305200,1.305200
1081210620,1.305300,1.305500,1.305100,1.305300
1081210680,1.305400,1.305400,1.304900,1.305100
1081210740,1.305000,1.305300,1.305000,1.305300
1081210800,1.305200,1.305500,1.305200,1.305300
1081210860,1.305400,1.305600,1.305300,1.305500
1081210920,1.305600,1.305600,1.305400,1.305500
1081210980,1.305600,1.305600,1.305500,1.305500
1081211040,1.305600,1.305600,1.305300,1.305600
1081211100,1.305500,1.305500,1.305200,1.305200
1081211160,1.305300,1.305400,1.305100,1.305400
1081211220,1.305300,1.305300,1.305100,1.305300
1081211280,1.305200,1.305300,1.304800,1.304800
1081211340,1.304700,1.304900,1.304700,1.304800
1081211400,1.304800,1.304800,1.304200,1.304400
1081211460,1.304300,1.304600,1.304300,1.304400
1081211520,1.304700,1.305100,1.304400,1.304600
1081211580,1.304500,1.304800,1.304400,1.304800
1081211640,1.305000,1.305200,1.304800,1.304900
1081211700,1.305000,1.305000,1.304900,1.304900
1081211760,1.305000,1.305200,1.305000,1.305000
1081211820,1.304900,1.304900,1.304800,1.304900
1081211880,1.304800,1.304800,1.304500,1.304500
1081211940,1.304600,1.304600,1.304300,1.304300
1081212000,1.304200,1.304200,1.304100,1.304100
1081212060,1.304100,1.304200,1.304000,1.304100
1081212120,1.304100,1.304300,1.304100,1.304300
1081212180,1.304400,1.304500,1.304300,1.304400
1081212240,1.304400,1.304600,1.304400,1.304500
1081212300,1.304600,1.304600,1.304500,1.304500
1081212360,1.304400,1.304400,1.304100,1.304100
1081212420,1.304100,1.304100,1.303900,1.304100
1081212480,1.304000,1.304100,1.303800,1.304000
1081212540,1.304000,1.304200,1.303800,1.304000
1081212600,1.304100,1.304200,1.304100,1.304200
1081212660,1.304300,1.304300,1.304200,1.304300
1081212720,1.304100,1.304300,1.304100,1.304200
1081212780,1.304300,1.304400,1.304300,1.304400
1081212840,1.304300,1.304500,1.304200,1.304500
1081212900,1.304500,1.304600,1.304400,1.304400
1081212960,1.304300,1.304400,1.304200,1.304200
1081213020,1.304100,1.304300,1.304100,1.304100
1081213080,1.304200,1.304200,1.304100,1.304100
1081213140,1.304100,1.304300,1.304100,1.304100
1081213200,1.304000,1.304100,1.304000,1.304000
1081213260,1.304000,1.304100,1.303900,1.304000
1081213320,1.303900,1.304100,1.303900,1.304100
1081213380,1.304100,1.304200,1.304000,1.304100
1081213440,1.304200,1.304400,1.304100,1.304200
1081213500,1.304300,1.304300,1.303900,1.303900
1081213560,1.303900,1.304100,1.303800,1.304100
1081213620,1.304100,1.304100,1.304000,1.304000
1081213680,1.304000,1.304000,1.303800,1.303900
1081213740,1.304000,1.304100,1.304000,1.304100
1081213800,1.304000,1.304200,1.304000,1.304200
1081213860,1.304100,1.304200,1.304100,1.304100
1081213920,1.304000,1.304100,1.304000,1.304000
1081213980,1.304100,1.304100,1.304100,1.304100
1081214040,1.304000,1.304100,1.304000,1.304000
1081214100,1.304100,1.304100,1.304000,1.304000
1081214160,1.304100,1.304200,1.304000,1.304200
1081214220,1.304300,1.304300,1.304200,1.304200
1081214280,1.304100,1.304100,1.304100,1.304100
1081214340,1.304200,1.304300,1.304200,1.304300
1081214400,1.304200,1.304200,1.304100,1.304200
1081214460,1.304300,1.304700,1.304300,1.304600
1081214520,1.304600,1.305000,1.304600,1.305000
1081214580,1.305000,1.305200,1.304900,1.305100
1081214640,1.305000,1.305100,1.305000,1.305000
1081214700,1.305100,1.305300,1.305100,1.305100
1081214760,1.305100,1.305400,1.305100,1.305400
1081214820,1.305300,1.305400,1.305200,1.305300
1081214880,1.305200,1.305300,1.305100,1.305100
1081214940,1.305200,1.305400,1.305200,1.305300
1081215000,1.305400,1.306200,1.305400,1.306200
1081215060,1.306100,1.306400,1.306000,1.306000
1081215120,1.306100,1.306200,1.305800,1.306100
1081215180,1.306000,1.306100,1.305800,1.305800
1081215240,1.305900,1.305900,1.305800,1.305800
1081215300,1.305900,1.305900,1.305700,1.305800
1081215360,1.305900,1.305900,1.305600,1.305700
1081215420,1.305700,1.305700,1.305600,1.305700
1081215480,1.305600,1.305700,1.305600,1.305600
1081215540,1.305600,1.305800,1.305600,1.305800
1081215600,1.305800,1.305800,1.305800,1.305800
1081215660,1.305800,1.305800,1.305700,1.305800
1081215720,1.305800,1.305800,1.305700,1.305800
1081215780,1.305700,1.305700,1.305600,1.305700
1081215840,1.305600,1.305600,1.305600,1.305600
1081215900,1.305700,1.305900,1.305600,1.305900
1081215960,1.305900,1.306000,1.305900,1.306000
1081216020,1.305900,1.306000,1.305900,1.305900
1081216080,1.306000,1.306000,1.305700,1.305700
1081216140,1.305800,1.305800,1.305700,1.305700
1081216260,1.305800,1.306000,1.305700,1.305700
1081216320,1.305800,1.305800,1.305700,1.305700
1081216380,1.305800,1.305800,1.305600,1.305700
1081216440,1.305600,1.305600,1.305600,1.305600
1081216500,1.305700,1.305800,1.305600,1.305600
1081216560,1.305700,1.305800,1.305700,1.305800
1081216620,1.305700,1.305700,1.305700,1.305700
1081216680,1.305700,1.305800,1.305600,1.305600
1081216740,1.305700,1.305700,1.305700,1.305700
1081216800,1.305800,1.305800,1.305600,1.305600
1081216860,1.305600,1.305600,1.305600,1.305600
1081216920,1.305700,1.305900,1.305700,1.305900
1081216980,1.306100,1.306100,1.305800,1.306000
1081217040,1.306000,1.306400,1.305800,1.306200
1081217100,1.306200,1.306200,1.306000,1.306000
1081217160,1.306100,1.306200,1.306100,1.306200
1081217220,1.306300,1.306400,1.306200,1.306300
1081217280,1.306200,1.306400,1.306100,1.306200
1081217340,1.306100,1.306400,1.306000,1.306300
1081217400,1.306200,1.306300,1.306100,1.306300
1081217460,1.306400,1.306400,1.306200,1.306300
1081217520,1.306200,1.306400,1.306200,1.306200
1081217580,1.306300,1.306400,1.306200,1.306300
1081217640,1.306400,1.306600,1.306200,1.306400
1081217700,1.306500,1.306500,1.306400,1.306500
1081217760,1.306400,1.306600,1.306400,1.306400
1081217820,1.306400,1.306500,1.306400,1.306500
1081217880,1.306400,1.306500,1.306300,1.306400
1081217940,1.306300,1.306400,1.306300,1.306300
1081218000,1.306200,1.306200,1.306200,1.306200
1081218060,1.306200,1.306200,1.306000,1.306100
1081218120,1.306200,1.306300,1.306100,1.306100
1081218180,1.306100,1.306300,1.306100,1.306300
1081218240,1.306200,1.306300,1.306200,1.306300
1081218300,1.306300,1.306400,1.306300,1.306300
1081218360,1.306300,1.306300,1.306200,1.306200
1081218420,1.306300,1.306300,1.306300,1.306300
1081218480,1.306200,1.306300,1.306200,1.306200
1081218540,1.306200,1.306200,1.306100,1.306100
1081218600,1.306100,1.306100,1.305800,1.305900
1081218660,1.305900,1.306000,1.305800,1.305900
1081218720,1.306000,1.306000,1.305800,1.305800
1081218780,1.305800,1.305900,1.305500,1.305700
1081218840,1.305600,1.305700,1.305400,1.305500
1081218900,1.305400,1.305600,1.305400,1.305600
1081218960,1.305700,1.306000,1.305700,1.305900
1081219020,1.306000,1.306100,1.305800,1.305800
1081219080,1.305700,1.306000,1.305700,1.306000
1081219140,1.305900,1.306000,1.305800,1.305900
1081219200,1.305800,1.305900,1.305800,1.305900
1081219260,1.305800,1.305900,1.305800,1.305900
1081219320,1.305900,1.305900,1.305800,1.305900
1081219380,1.305900,1.305900,1.305800,1.305900
1081219440,1.306200,1.306200,1.305900,1.306000
1081219500,1.306100,1.306200,1.306100,1.306100
1081219560,1.306200,1.306500,1.306100,1.306200
1081219620,1.306200,1.306300,1.306200,1.306200
1081219680,1.306100,1.306200,1.306100,1.306100
1081219860,1.306200,1.306200,1.306200,1.306200
1081219920,1.306100,1.306200,1.306100,1.306100
1081219980,1.306200,1.306200,1.306100,1.306100
1081220040,1.306000,1.306000,1.305900,1.306000
1081220100,1.306100,1.306100,1.305900,1.305900
1081220160,1.305900,1.305900,1.305800,1.305900
1081220220,1.305800,1.306000,1.305800,1.306000
1081220280,1.305900,1.306000,1.305900,1.306000
1081220340,1.305900,1.306200,1.305900,1.306100
1081220400,1.306100,1.306200,1.306000,1.306100
1081220460,1.306100,1.306200,1.306100,1.306200
1081220520,1.306200,1.306500,1.306200,1.306300
1081220580,1.306200,1.306300,1.306200,1.306300
1081220640,1.306400,1.306400,1.306300,1.306300
1081220700,1.306400,1.306400,1.306300,1.306400
1081220760,1.306300,1.306300,1.306300,1.306300
1081220820,1.306400,1.306700,1.306300,1.306700
1081220880,1.306600,1.306600,1.306600,1.306600
1081220940,1.306500,1.306600,1.306500,1.306600
1081221120,1.306500,1.306700,1.306500,1.306500
1081221180,1.306400,1.306400,1.306400,1.306400
1081221360,1.306500,1.306500,1.306500,1.306500
1081221420,1.306400,1.306500,1.306400,1.306400
1081221600,1.306300,1.306400,1.306300,1.306400
1081221660,1.306300,1.306400,1.306200,1.306200
1081221720,1.306300,1.306300,1.306200,1.306200
1081221840,1.306300,1.306600,1.306300,1.306500
1081221900,1.306400,1.306500,1.306400,1.306500
1081221960,1.306400,1.306500,1.306400,1.306400
1081222080,1.306300,1.306300,1.306200,1.306300
1081222140,1.306200,1.306400,1.306100,1.306100
1081222200,1.306200,1.306300,1.306100,1.306300
1081222260,1.306400,1.306500,1.306400,1.306500
1081222500,1.306600,1.306800,1.306500,1.306800
1081222560,1.306800,1.307000,1.306700,1.306700
1081222620,1.306700,1.306700,1.306400,1.306400
1081222680,1.306500,1.306500,1.306400,1.306400
1081222740,1.306300,1.306300,1.306300,1.306300
1081222800,1.306300,1.306500,1.306300,1.306500
1081222860,1.306600,1.306600,1.306600,1.306600
1081222920,1.306700,1.306700,1.306600,1.306700
1081222980,1.306800,1.306800,1.306600,1.306700
1081223040,1.306500,1.306600,1.306300,1.306300
1081223100,1.306400,1.306400,1.306300,1.306400
1081223160,1.306500,1.306500,1.306400,1.306400
1081223220,1.306400,1.306700,1.306400,1.306600
1081223280,1.306500,1.306700,1.306500,1.306700
1081223340,1.306800,1.306900,1.306700,1.306700
1081223400,1.306800,1.306900,1.306700,1.306800
1081223460,1.306900,1.306900,1.306800,1.306800
1081223520,1.306800,1.306900,1.306800,1.306800
1081223580,1.306900,1.306900,1.306800,1.306800
1081223640,1.306900,1.306900,1.306800,1.306900
1081223700,1.306800,1.306800,1.306800,1.306800
1081223760,1.306800,1.306800,1.306700,1.306700
1081223820,1.306800,1.306900,1.306800,1.306900
1081223880,1.306800,1.306800,1.306800,1.306800
1081223940,1.306800,1.306900,1.306800,1.306900
