time,open,high,low,close
1484802000,0.714170,0.714190,0.714140,0.714180
1484802060,0.714190,0.714310,0.714190,0.714290
1484802120,0.714270,0.714290,0.714170,0.714190
1484802180,0.714180,0.714210,0.714160,0.714190
1484802240,0.714210,0.714210,0.714160,0.714170
1484802300,0.714170,0.714220,0.714150,0.714170
1484802360,0.714150,0.714180,0.714070,0.714070
1484802420,0.714090,0.714090,0.713920,0.713970
1484802480,0.713970,0.714010,0.713940,0.713960
1484802540,0.713970,0.713980,0.713880,0.713880
1484802600,0.713870,0.713870,0.713840,0.713860
1484802660,0.713870,0.713870,0.713750,0.713770
1484802720,0.713740,0.713860,0.713660,0.713690
1484802780,0.713690,0.713750,0.713670,0.713710
1484802840,0.713690,0.713690,0.713660,0.713680
1484802900,0.713690,0.713700,0.713670,0.713680
1484802960,0.713690,0.713690,0.713610,0.713650
1484803020,0.713650,0.713670,0.713650,0.713660
1484803080,0.713640,0.713650,0.713550,0.713570
1484803140,0.713550,0.713590,0.713530,0.713550
1484803200,0.713530,0.713580,0.713510,0.713560
1484803260,0.713560,0.713600,0.713560,0.713600
1484803320,0.713580,0.713600,0.713570,0.713570
1484803380,0.713570,0.713570,0.713370,0.713370
1484803440,0.713370,0.713400,0.713260,0.713360
1484803500,0.713360,0.713420,0.713350,0.713370
1484803560,0.713390,0.713480,0.713360,0.713470
1484803620,0.713490,0.713580,0.713490,0.713570
1484803680,0.713590,0.713680,0.713590,0.713660
1484803740,0.713670,0.713690,0.713660,0.713670
1484803800,0.713660,0.713670,0.713560,0.713660
1484803860,0.713660,0.713790,0.713630,0.713750
1484803920,0.713770,0.713890,0.713740,0.713870
1484803980,0.713880,0.713910,0.713870,0.713880
1484804040,0.713880,0.713970,0.713780,0.713960
1484804100,0.713950,0.713980,0.713920,0.713970
1484804160,0.713980,0.713980,0.713960,0.713970
1484804220,0.713980,0.714120,0.713980,0.714060
1484804280,0.714060,0.714100,0.714000,0.714060
1484804340,0.714060,0.714170,0.714050,0.714170
1484804400,0.714170,0.714190,0.714070,0.714070
1484804460,0.714070,0.714130,0.714060,0.714070
1484804520,0.714070,0.714110,0.714060,0.714090
1484804580,0.714090,0.714110,0.714070,0.714070
1484804640,0.714070,0.714090,0.714020,0.714090
1484804700,0.714120,0.714120,0.714040,0.714070
1484804760,0.714080,0.714170,0.714050,0.714050
1484804820,0.714070,0.714090,0.714050,0.714070
1484804880,0.714070,0.714070,0.714000,0.714070
1484804940,0.714060,0.714090,0.714060,0.714070
1484805000,0.714050,0.714100,0.714020,0.714070
1484805060,0.714060,0.714170,0.714060,0.714170
1484805120,0.714190,0.714200,0.714170,0.714180
1484805180,0.714190,0.714200,0.714080,0.714170
1484805240,0.714160,0.714210,0.714140,0.714160
1484805300,0.714170,0.714190,0.714080,0.714190
1484805360,0.714180,0.714260,0.714150,0.714260
1484805420,0.714260,0.714370,0.714170,0.714300
1484805480,0.714300,0.714380,0.714300,0.714370
1484805540,0.714390,0.714430,0.714360,0.714400
1484805600,0.714390,0.714450,0.714360,0.714380
1484805660,0.714370,0.714400,0.714350,0.714370
1484805720,0.714380,0.714470,0.714360,0.714370
1484805780,0.714390,0.714480,0.714360,0.714450
1484805840,0.714460,0.714470,0.714320,0.714370
1484805900,0.714380,0.714390,0.714330,0.714380
1484805960,0.714400,0.714400,0.714290,0.714380
1484806020,0.714380,0.714450,0.714370,0.714380
1484806080,0.714370,0.714390,0.714280,0.714350
1484806140,0.714360,0.714460,0.714350,0.714430
1484806200,0.714450,0.714470,0.714360,0.714380
1484806260,0.714440,0.714680,0.714440,0.714650
1484806320,0.714670,0.714710,0.714660,0.714670
1484806380,0.714670,0.714700,0.714570,0.714570
1484806440,0.714590,0.714600,0.714450,0.714460
1484806500,0.714480,0.714570,0.714240,0.714260
1484806560,0.714260,0.714270,0.714240,0.714240
1484806620,0.714240,0.714370,0.714170,0.714170
1484806680,0.714240,0.714260,0.714130,0.714140
1484806740,0.714150,0.714150,0.713910,0.714040
1484806800,0.714040,0.714050,0.713950,0.713960
1484806860,0.713960,0.714070,0.713960,0.714050
1484806920,0.714040,0.714040,0.713940,0.713980
1484806980,0.713980,0.714170,0.713980,0.714160
1484807040,0.714170,0.714180,0.714150,0.714170
1484807100,0.714180,0.714290,0.714160,0.714280
1484807160,0.714280,0.714280,0.714240,0.714250
1484807220,0.714270,0.714270,0.714160,0.714180
1484807280,0.714160,0.714260,0.714150,0.714160
1484807340,0.714170,0.714280,0.714170,0.714280
1484807400,0.714360,0.714380,0.714320,0.714370
1484807460,0.714370,0.714510,0.714350,0.714470
1484807520,0.714480,0.714500,0.714270,0.714280
1484807580,0.714270,0.714280,0.714250,0.714250
1484807640,0.714270,0.714410,0.714270,0.714360
1484807700,0.714370,0.714560,0.714370,0.714560
1484807760,0.714550,0.714610,0.714550,0.714560
1484807820,0.714570,0.714590,0.714450,0.714450
1484807880,0.714430,0.714470,0.714390,0.714470
1484807940,0.714530,0.714590,0.714450,0.714590
1484808000,0.714580,0.714610,0.714560,0.714580
1484808060,0.714580,0.714590,0.714560,0.714570
1484808120,0.714570,0.714590,0.714570,0.714590
1484808180,0.714590,0.714590,0.714540,0.714580
1484808240,0.714560,0.714600,0.714500,0.714560
1484808300,0.714560,0.714580,0.714510,0.714580
1484808360,0.714580,0.714680,0.714580,0.714680
1484808420,0.714730,0.714890,0.714730,0.714780
1484808480,0.714780,0.714870,0.714780,0.714790
1484808540,0.714790,0.714790,0.714770,0.714780
1484808600,0.714820,0.714820,0.714810,0.714810
1484808660,0.714750,0.714900,0.714720,0.714900
1484808720,0.714900,0.714900,0.714780,0.714780
1484808780,0.714790,0.714790,0.714740,0.714740
1484808840,0.714740,0.714880,0.714740,0.714870
1484808900,0.714870,0.714870,0.714770,0.714850
1484808960,0.714870,0.714980,0.714870,0.714970
1484809020,0.714980,0.715090,0.714980,0.715080
1484809080,0.715090,0.715170,0.715090,0.715170
1484809140,0.715190,0.715200,0.715070,0.715180
1484809200,0.715130,0.715190,0.715050,0.715130
1484809260,0.715120,0.715160,0.714970,0.715060
1484809320,0.715050,0.715130,0.715050,0.715090
1484809380,0.715100,0.715100,0.714940,0.715030
1484809440,0.715050,0.715130,0.714990,0.715110
1484809500,0.715090,0.715130,0.714870,0.714870
1484809560,0.714880,0.714990,0.714750,0.714750
1484809620,0.714760,0.714760,0.714480,0.714490
1484809680,0.714470,0.714490,0.714370,0.714370
1484809740,0.714350,0.714490,0.714300,0.714470
1484809800,0.714460,0.714480,0.714390,0.714390
1484809860,0.714370,0.714370,0.714230,0.714230
1484809920,0.714230,0.714340,0.714230,0.714320
1484809980,0.714300,0.714380,0.714250,0.714250
1484810040,0.714230,0.714260,0.714070,0.714070
1484810100,0.714090,0.714160,0.713980,0.714030
1484810160,0.714050,0.714120,0.713950,0.714100
1484810220,0.714100,0.714180,0.714050,0.714130
1484810280,0.714110,0.714180,0.714000,0.714180
1484810340,0.714180,0.714250,0.714140,0.714240
1484810400,0.714250,0.714550,0.714250,0.714460
1484810460,0.714460,0.714490,0.714340,0.714370
1484810520,0.714370,0.714370,0.714060,0.714150
1484810580,0.714170,0.714170,0.713980,0.714090
1484810640,0.714110,0.714230,0.714070,0.714230
1484810700,0.714240,0.714300,0.713990,0.714080
1484810760,0.714090,0.714090,0.713910,0.713930
1484810820,0.713900,0.714280,0.713880,0.714250
1484810880,0.714200,0.714300,0.714120,0.714210
1484810940,0.714190,0.714280,0.714090,0.714120
1484811000,0.714120,0.714270,0.713950,0.713950
1484811060,0.713970,0.713980,0.713710,0.713760
1484811120,0.713770,0.713970,0.713690,0.713970
1484811180,0.713940,0.713940,0.713660,0.713670
1484811240,0.713670,0.713710,0.713540,0.713560
1484811300,0.713600,0.713600,0.713360,0.713390
1484811360,0.713390,0.713410,0.713110,0.713120
1484811420,0.713120,0.713290,0.713090,0.713220
1484811480,0.713230,0.713400,0.713230,0.713380
1484811540,0.713360,0.713490,0.713270,0.713450
1484811600,0.713450,0.713620,0.713380,0.713540
1484811660,0.713480,0.713740,0.713450,0.713670
1484811720,0.713680,0.713710,0.713580,0.713690
1484811780,0.713690,0.713730,0.713590,0.713690
1484811840,0.713710,0.714060,0.713710,0.714060
1484811900,0.714020,0.714140,0.713990,0.714090
1484811960,0.714020,0.714260,0.714010,0.714240
1484812020,0.714220,0.714360,0.714110,0.714270
1484812080,0.714240,0.714390,0.714130,0.714150
1484812140,0.714160,0.714280,0.714160,0.714240
1484812200,0.714220,0.714250,0.714120,0.714190
1484812260,0.714190,0.714190,0.714060,0.714100
1484812320,0.714080,0.714100,0.713900,0.713970
1484812380,0.713980,0.714110,0.713980,0.714090
1484812440,0.714110,0.714320,0.714100,0.714300
1484812500,0.714310,0.714400,0.714230,0.714370
1484812560,0.714380,0.714510,0.714340,0.714510
1484812620,0.714510,0.714550,0.714280,0.714350
1484812680,0.714370,0.714400,0.714240,0.714240
1484812740,0.714260,0.714260,0.714140,0.714220
1484812800,0.714190,0.714190,0.713820,0.713820
1484812860,0.713840,0.713870,0.713740,0.713800
1484812920,0.713820,0.713880,0.713730,0.713730
1484812980,0.713760,0.713930,0.713690,0.713900
1484813040,0.713880,0.713970,0.713780,0.713970
1484813100,0.713950,0.714190,0.713940,0.714190
1484813160,0.714190,0.714300,0.714090,0.714300
1484813220,0.714280,0.714490,0.714260,0.714430
1484813280,0.714430,0.714510,0.714420,0.714500
1484813340,0.714490,0.714600,0.714450,0.714510
1484813400,0.714510,0.714800,0.714490,0.714780
1484813460,0.714780,0.714890,0.714780,0.714850
1484813520,0.714830,0.714890,0.714670,0.714890
1484813580,0.714870,0.714900,0.714680,0.714790
1484813640,0.714770,0.714980,0.714770,0.714940
1484813700,0.714930,0.715390,0.714880,0.715300
1484813760,0.715280,0.715310,0.715080,0.715210
1484813820,0.715190,0.715400,0.715150,0.715390
1484813880,0.715390,0.715420,0.715290,0.715300
1484813940,0.715310,0.715310,0.715080,0.715190
1484814000,0.715190,0.715310,0.714990,0.715300
1484814060,0.715320,0.715490,0.715290,0.715450
1484814120,0.715430,0.715520,0.715410,0.715470
1484814180,0.715490,0.715620,0.715370,0.715400
1484814240,0.715400,0.715510,0.715400,0.715470
1484814300,0.715450,0.715690,0.715360,0.715660
1484814360,0.715680,0.715800,0.715620,0.715700
1484814420,0.715690,0.716050,0.715660,0.716050
1484814480,0.716030,0.716070,0.715830,0.716070
1484814540,0.716070,0.716090,0.715980,0.716070
1484814600,0.716060,0.716060,0.715780,0.715830
1484814660,0.715840,0.716000,0.715760,0.715970
1484814720,0.715980,0.716180,0.715950,0.716080
1484814780,0.716120,0.716200,0.715780,0.715780
1484814840,0.715800,0.715900,0.715790,0.715790
1484814900,0.715780,0.715990,0.715760,0.715990
1484814960,0.716000,0.716080,0.715900,0.716080
1484815020,0.716080,0.716170,0.715900,0.716080
1484815080,0.716080,0.716470,0.716070,0.716270
1484815140,0.716250,0.716400,0.716150,0.716400
1484815200,0.716380,0.716570,0.716380,0.716390
1484815260,0.716380,0.716480,0.716150,0.716270
1484815320,0.716280,0.716420,0.716250,0.716350
1484815380,0.716360,0.716500,0.716290,0.716290
1484815440,0.716290,0.716390,0.716150,0.716350
1484815500,0.716370,0.716390,0.716340,0.716370
1484815560,0.716380,0.716500,0.716350,0.716380
1484815620,0.716370,0.716660,0.716370,0.716600
1484815680,0.716580,0.716680,0.716370,0.716370
1484815740,0.716390,0.716480,0.716370,0.716380
1484815800,0.716380,0.716550,0.716340,0.716470
1484815860,0.716480,0.716500,0.716380,0.716390
1484815920,0.716380,0.716590,0.716380,0.716540
1484815980,0.716570,0.716590,0.716480,0.716580
1484816040,0.716590,0.716770,0.716510,0.716770
1484816100,0.716770,0.716900,0.716750,0.716850
1484816160,0.716840,0.716840,0.716640,0.716690
1484816220,0.716690,0.716990,0.716690,0.716900
1484816280,0.716880,0.716890,0.716750,0.716790
1484816340,0.716770,0.717370,0.716770,0.717130
1484816400,0.717100,0.717180,0.716850,0.717180
1484816460,0.717230,0.717460,0.717130,0.717130
1484816520,0.717130,0.717160,0.716850,0.717110
1484816580,0.717100,0.717100,0.716940,0.716970
1484816640,0.716990,0.717150,0.716880,0.716950
1484816700,0.716930,0.717040,0.716920,0.716960
1484816760,0.716940,0.717000,0.716900,0.716970
1484816820,0.716970,0.716970,0.716810,0.716880
1484816880,0.716860,0.716880,0.716640,0.716640
1484816940,0.716660,0.716840,0.716650,0.716770
1484817000,0.716750,0.716840,0.716730,0.716790
1484817060,0.716840,0.716870,0.716770,0.716770
1484817120,0.716750,0.716840,0.716740,0.716800
1484817180,0.716790,0.717000,0.716760,0.716980
1484817240,0.717000,0.717060,0.716900,0.716960
1484817300,0.716960,0.716980,0.716900,0.716980
1484817360,0.716970,0.716980,0.716660,0.716850
1484817420,0.716870,0.716870,0.716760,0.716760
1484817480,0.716820,0.718190,0.716750,0.718170
1484817540,0.718160,0.719110,0.718160,0.719060
1484817600,0.719160,0.719500,0.719050,0.719480
1484817660,0.719510,0.719580,0.719210,0.719480
1484817720,0.719480,0.719480,0.719150,0.719210
1484817780,0.719190,0.719510,0.719190,0.719510
1484817840,0.719480,0.720020,0.719450,0.719700
1484817900,0.719690,0.719820,0.719320,0.719600
1484817960,0.719600,0.719630,0.719230,0.719300
1484818020,0.719290,0.719290,0.718980,0.719160
1484818080,0.719170,0.719520,0.719170,0.719390
1484818140,0.719390,0.719480,0.719050,0.719070
1484818200,0.719080,0.719100,0.718760,0.718930
1484818260,0.718940,0.719200,0.718870,0.719110
1484818320,0.719090,0.719130,0.718850,0.719110
1484818380,0.719100,0.719110,0.718750,0.718750
1484818440,0.718750,0.718880,0.718470,0.718600
1484818500,0.718610,0.718630,0.718490,0.718490
1484818560,0.718510,0.718580,0.718430,0.718460
1484818620,0.718470,0.718490,0.718370,0.718470
1484818680,0.718490,0.718610,0.718480,0.718590
1484818740,0.718590,0.718690,0.718560,0.718690
1484818800,0.718670,0.718850,0.718650,0.718850
1484818860,0.718870,0.718900,0.718580,0.718590
1484818920,0.718590,0.718590,0.718440,0.718460
1484818980,0.718450,0.718470,0.718290,0.718390
1484819040,0.718400,0.718580,0.718370,0.718560
1484819100,0.718560,0.718670,0.718470,0.718580
1484819160,0.718560,0.718580,0.718290,0.718350
1484819220,0.718350,0.718810,0.718260,0.718710
1484819280,0.718710,0.718710,0.718350,0.718360
1484819340,0.718340,0.718460,0.718270,0.718390
1484819400,0.718410,0.718500,0.718380,0.718400
1484819460,0.718390,0.718400,0.718290,0.718290
1484819520,0.718270,0.718320,0.718170,0.718180
1484819580,0.718200,0.718320,0.718080,0.718280
1484819640,0.718260,0.718270,0.717960,0.718200
1484819700,0.718190,0.718290,0.717990,0.718290
1484819760,0.718290,0.718390,0.718210,0.718280
1484819820,0.718300,0.718300,0.718280,0.718280
1484819880,0.718280,0.718280,0.718120,0.718160
1484819940,0.718170,0.718170,0.718050,0.718080
1484820000,0.718080,0.718200,0.718000,0.718090
1484820060,0.718100,0.718190,0.717990,0.718180
1484820120,0.718150,0.718280,0.718120,0.718280
1484820180,0.718280,0.718480,0.718110,0.718160
1484820240,0.718180,0.718340,0.718180,0.718260
1484820300,0.718240,0.718330,0.718180,0.718220
1484820360,0.718230,0.718460,0.718210,0.718320
1484820420,0.718300,0.718300,0.718070,0.718180
1484820480,0.718250,0.718390,0.718160,0.718180
1484820540,0.718160,0.718280,0.718160,0.718260
1484820600,0.718260,0.718290,0.718040,0.718050
1484820660,0.718040,0.718060,0.717910,0.718050
1484820720,0.718050,0.718050,0.717920,0.718000
1484820780,0.717970,0.718150,0.717870,0.718020
1484820840,0.717980,0.718070,0.717960,0.718020
1484820900,0.718060,0.718060,0.717750,0.717770
1484820960,0.717740,0.718070,0.717660,0.717970
1484821020,0.718050,0.718110,0.717950,0.717970
1484821080,0.717950,0.717950,0.717520,0.717750
1484821140,0.717750,0.717850,0.717650,0.717750
1484821200,0.717730,0.717900,0.717660,0.717850
1484821260,0.717850,0.717950,0.717750,0.717840
1484821320,0.717860,0.718050,0.717850,0.717950
1484821380,0.717950,0.718020,0.717840,0.717950
1484821440,0.717950,0.718040,0.717850,0.717960
1484821500,0.717950,0.718050,0.717920,0.717940
1484821560,0.717960,0.718280,0.717960,0.718260
1484821620,0.718250,0.718390,0.718120,0.718350
1484821680,0.718340,0.718400,0.718040,0.718330
1484821740,0.718330,0.718580,0.718310,0.718430
1484821800,0.718430,0.718450,0.718230,0.718260
1484821860,0.718240,0.718610,0.718200,0.718580
1484821920,0.718530,0.718630,0.718260,0.718270
1484821980,0.718260,0.718400,0.718230,0.718360
1484822040,0.718350,0.718440,0.718140,0.718360
1484822100,0.718350,0.718450,0.718150,0.718210
1484822160,0.718200,0.718340,0.718040,0.718150
1484822220,0.718160,0.718550,0.718160,0.718530
1484822280,0.718530,0.718530,0.718330,0.718330
1484822340,0.718340,0.718360,0.718230,0.718230
1484822400,0.718230,0.718330,0.718130,0.718180
1484822460,0.718160,0.718230,0.717950,0.718140
1484822520,0.718060,0.718090,0.717910,0.717930
1484822580,0.717930,0.718000,0.717830,0.717880
1484822640,0.717870,0.717920,0.717630,0.717630
1484822700,0.717590,0.717930,0.717540,0.717860
1484822760,0.717860,0.717940,0.717750,0.717940
1484822820,0.717940,0.718000,0.717800,0.717840
1484822880,0.717830,0.717840,0.717590,0.717660
1484822940,0.717640,0.717890,0.717630,0.717870
1484823000,0.717860,0.717950,0.717750,0.717750
1484823060,0.717810,0.717840,0.717750,0.717770
1484823120,0.717760,0.717760,0.717530,0.717640
1484823180,0.717630,0.717640,0.717370,0.717370
1484823240,0.717360,0.717410,0.717320,0.717340
1484823300,0.717340,0.717460,0.717340,0.717350
1484823360,0.717370,0.717370,0.717240,0.717330
1484823420,0.717340,0.717450,0.717330,0.717450
1484823480,0.717470,0.717470,0.717390,0.717470
1484823540,0.717460,0.717660,0.717440,0.717630
1484823600,0.717620,0.717660,0.717520,0.717540
1484823660,0.717520,0.717520,0.717340,0.717350
1484823720,0.717360,0.717570,0.717360,0.717550
1484823780,0.717540,0.717540,0.717460,0.717480
1484823840,0.717530,0.717550,0.717430,0.717460
1484823900,0.717430,0.717450,0.717230,0.717330
1484823960,0.717310,0.717380,0.717210,0.717250
1484824020,0.717260,0.717600,0.717250,0.717440
1484824080,0.717450,0.717460,0.717360,0.717420
1484824140,0.717440,0.717440,0.717160,0.717260
1484824200,0.717280,0.717370,0.717170,0.717190
1484824260,0.717180,0.717280,0.717110,0.717140
1484824320,0.717160,0.717270,0.717090,0.717150
1484824380,0.717140,0.717140,0.716950,0.717050
1484824440,0.717020,0.717160,0.717000,0.717160
1484824500,0.717150,0.717170,0.716970,0.717060
1484824560,0.717080,0.717250,0.717040,0.717130
1484824620,0.717120,0.717160,0.717050,0.717110
1484824680,0.717110,0.717180,0.717060,0.717100
1484824740,0.717070,0.717190,0.717030,0.717180
1484824800,0.717170,0.717370,0.717140,0.717360
1484824860,0.717350,0.717350,0.717150,0.717160
1484824920,0.717200,0.717270,0.717140,0.717160
1484824980,0.717150,0.717280,0.717140,0.717180
1484825040,0.717170,0.717170,0.717130,0.717130
1484825100,0.717110,0.717110,0.716960,0.716970
1484825160,0.716970,0.717160,0.716870,0.717160
1484825220,0.717180,0.717270,0.717160,0.717160
1484825280,0.717180,0.717260,0.717170,0.717220
1484825340,0.717190,0.717200,0.717160,0.717170
1484825400,0.717180,0.717190,0.716940,0.716970
1484825460,0.716950,0.717000,0.716770,0.716770
1484825520,0.716760,0.716930,0.716730,0.716930
1484825580,0.716950,0.717060,0.716860,0.716870
1484825640,0.716850,0.716870,0.716720,0.716780
1484825700,0.716800,0.716890,0.716780,0.716890
1484825760,0.716870,0.716890,0.716760,0.716880
1484825820,0.716890,0.717030,0.716880,0.717020
1484825880,0.717010,0.717150,0.716990,0.717130
1484825940,0.717100,0.717100,0.716960,0.716970
1484826000,0.716980,0.717160,0.716970,0.717160
1484826060,0.717180,0.717180,0.717080,0.717170
1484826120,0.717160,0.717270,0.717160,0.717250
1484826180,0.717260,0.717390,0.717260,0.717380
1484826240,0.717380,0.717390,0.717260,0.717330
1484826300,0.717310,0.717310,0.717180,0.717200
1484826360,0.717170,0.717300,0.717060,0.717300
1484826420,0.717280,0.717280,0.717150,0.717210
1484826480,0.717190,0.717320,0.717180,0.717300
1484826540,0.717300,0.717300,0.717270,0.717300
1484826600,0.717280,0.717400,0.717280,0.717400
1484826660,0.717380,0.717380,0.717290,0.717360
1484826720,0.717380,0.717550,0.717350,0.717500
1484826780,0.717520,0.717620,0.717470,0.717480
1484826840,0.717500,0.717670,0.717500,0.717620
1484826900,0.717610,0.717890,0.717590,0.717820
1484826960,0.717820,0.717980,0.717790,0.717960
1484827020,0.717950,0.718050,0.717900,0.718020
1484827080,0.717990,0.717990,0.717860,0.717890
1484827140,0.717870,0.717920,0.717850,0.717890
1484827200,0.717870,0.718020,0.717860,0.718020
1484827260,0.718040,0.718220,0.718040,0.718150
1484827320,0.718150,0.718150,0.717950,0.718060
1484827380,0.718050,0.718050,0.717950,0.717990
1484827440,0.717980,0.718030,0.717940,0.717960
1484827500,0.717980,0.717980,0.717770,0.717890
1484827560,0.717910,0.717950,0.717870,0.717890
1484827620,0.717880,0.717900,0.717800,0.717900
1484827680,0.717920,0.718010,0.717920,0.717990
1484827740,0.717980,0.718010,0.717890,0.718010
1484827800,0.718000,0.718000,0.717970,0.717990
1484827860,0.717990,0.718120,0.717990,0.718080
1484827920,0.718080,0.718100,0.717970,0.717970
1484827980,0.717980,0.718090,0.717960,0.717980
1484828040,0.717990,0.718230,0.717990,0.718170
1484828100,0.718180,0.718200,0.718030,0.718030
1484828160,0.718020,0.718240,0.718020,0.718130
1484828220,0.718120,0.718120,0.717940,0.718030
1484828280,0.718060,0.718060,0.717920,0.717950
1484828340,0.717960,0.717970,0.717830,0.717860
1484828400,0.717850,0.718100,0.717850,0.718070
1484828460,0.718070,0.718110,0.718030,0.718070
1484828520,0.718060,0.718090,0.717870,0.717880
1484828580,0.717860,0.717860,0.717730,0.717780
1484828640,0.717770,0.717770,0.717730,0.717750
1484828700,0.717720,0.717750,0.717680,0.717690
1484828760,0.717710,0.717770,0.717690,0.717690
1484828820,0.717700,0.717790,0.717670,0.717670
1484828880,0.717670,0.717730,0.717470,0.717470
1484828940,0.717430,0.717540,0.717430,0.717540
1484829000,0.717550,0.717580,0.717490,0.717500
1484829060,0.717500,0.717550,0.717270,0.717300
1484829120,0.717310,0.717560,0.717310,0.717520
1484829180,0.717510,0.717550,0.717410,0.717520
1484829240,0.717520,0.717620,0.717420,0.717580
1484829300,0.717600,0.717710,0.717600,0.717690
1484829360,0.717690,0.717720,0.717610,0.717710
1484829420,0.717720,0.717740,0.717410,0.717470
1484829480,0.717470,0.717470,0.717390,0.717470
1484829540,0.717470,0.717570,0.717470,0.717490
1484829600,0.717420,0.717420,0.717290,0.717390
1484829660,0.717370,0.717390,0.717370,0.717390
1484829720,0.717410,0.717420,0.717170,0.717170
1484829780,0.717160,0.717230,0.716980,0.717120
1484829840,0.717140,0.717480,0.717120,0.717360
1484829900,0.717360,0.717360,0.717070,0.717120
1484829960,0.717120,0.717220,0.717060,0.717120
1484830020,0.717120,0.717450,0.717100,0.717420
1484830080,0.717440,0.717630,0.717360,0.717570
1484830140,0.717580,0.717630,0.717270,0.717430
1484830200,0.717430,0.717480,0.717370,0.717480
1484830260,0.717480,0.717670,0.717430,0.717550
1484830320,0.717570,0.717670,0.717450,0.717630
1484830380,0.717600,0.717660,0.717450,0.717450
1484830440,0.717470,0.717550,0.717420,0.717550
1484830500,0.717570,0.717670,0.717530,0.717670
1484830560,0.717660,0.717980,0.717660,0.717900
1484830620,0.717920,0.718020,0.717910,0.717990
1484830680,0.717980,0.717980,0.717930,0.717960
1484830740,0.717940,0.717980,0.717920,0.717980
1484830800,0.717990,0.718190,0.717990,0.718070
1484830860,0.718050,0.718270,0.718030,0.718260
1484830920,0.718270,0.718300,0.718030,0.718040
1484830980,0.718050,0.718090,0.717940,0.718060
1484831040,0.718030,0.718180,0.717980,0.718180
1484831100,0.718180,0.718190,0.718040,0.718190
1484831160,0.718180,0.718370,0.718140,0.718200
1484831220,0.718220,0.718310,0.718190,0.718300
1484831280,0.718290,0.718310,0.718190,0.718190
1484831340,0.718210,0.718260,0.718090,0.718160
1484831400,0.718180,0.718180,0.717900,0.717990
1484831460,0.718010,0.718070,0.717980,0.718000
1484831520,0.718000,0.718100,0.717910,0.717980
1484831580,0.717960,0.718080,0.717950,0.718060
1484831640,0.718080,0.718110,0.717960,0.718010
1484831700,0.718010,0.718020,0.717780,0.717790
1484831760,0.717790,0.717890,0.717740,0.717740
1484831820,0.717720,0.718070,0.717700,0.717990
1484831880,0.718000,0.718150,0.717980,0.718130
1484831940,0.718140,0.718220,0.718100,0.718220
1484832000,0.718310,0.718420,0.718190,0.718380
1484832060,0.718400,0.718440,0.718160,0.718160
1484832120,0.718150,0.718150,0.718000,0.718110
1484832180,0.718110,0.718170,0.718060,0.718090
1484832240,0.718100,0.718160,0.718050,0.718100
1484832300,0.718100,0.718150,0.717810,0.717890
1484832360,0.717910,0.718090,0.717810,0.718070
1484832420,0.718070,0.718080,0.718070,0.718080
1484832480,0.718080,0.718120,0.718080,0.718100
1484832540,0.718120,0.718160,0.718060,0.718060
1484832600,0.718030,0.718050,0.717700,0.717770
1484832660,0.717770,0.717770,0.717350,0.717350
1484832720,0.717340,0.717340,0.716360,0.716850
1484832780,0.716870,0.717020,0.716590,0.716770
1484832840,0.716750,0.716790,0.716090,0.716420
1484832900,0.716400,0.716950,0.716120,0.716930
1484832960,0.716940,0.717150,0.716470,0.716820
1484833020,0.716760,0.717330,0.716670,0.717190
1484833080,0.717200,0.717550,0.716800,0.716800
1484833140,0.716780,0.717220,0.716620,0.717190
1484833200,0.717180,0.717630,0.717090,0.717560
1484833260,0.717530,0.717610,0.717290,0.717370
1484833320,0.717350,0.717620,0.717250,0.717540
1484833380,0.717540,0.717810,0.717480,0.717810
1484833440,0.717790,0.718290,0.717720,0.718090
1484833500,0.718070,0.718290,0.717760,0.718290
1484833560,0.718260,0.718620,0.718180,0.718460
1484833620,0.718500,0.718500,0.718090,0.718370
1484833680,0.718380,0.718390,0.717850,0.718030
1484833740,0.718000,0.718270,0.717890,0.718190
1484833800,0.718210,0.719080,0.718190,0.718600
1484833860,0.718590,0.718700,0.718170,0.718260
1484833920,0.718240,0.718390,0.717990,0.718020
1484833980,0.718000,0.718420,0.718000,0.718280
1484834040,0.718260,0.718380,0.718120,0.718150
1484834100,0.718200,0.718350,0.718040,0.718040
1484834160,0.718030,0.718030,0.717740,0.717920
1484834220,0.717910,0.718280,0.717910,0.718140
1484834280,0.718130,0.718230,0.717750,0.717840
1484834340,0.717860,0.717880,0.717500,0.717660
1484834400,0.717620,0.717700,0.717180,0.717480
1484834460,0.717500,0.717580,0.717250,0.717430
1484834520,0.717410,0.717580,0.717370,0.717550
1484834580,0.717530,0.717740,0.717460,0.717650
1484834640,0.717630,0.717960,0.717630,0.717660
1484834700,0.717680,0.717860,0.717660,0.717680
1484834760,0.717680,0.717890,0.717610,0.717760
1484834820,0.717740,0.717740,0.717360,0.717550
1484834880,0.717570,0.717570,0.717100,0.717160
1484834940,0.717160,0.717210,0.716980,0.717000
1484835000,0.717020,0.717290,0.716970,0.717270
1484835060,0.717290,0.717370,0.716860,0.716950
1484835120,0.716940,0.716970,0.716560,0.716680
1484835180,0.716660,0.716670,0.716470,0.716600
1484835240,0.716570,0.716570,0.716200,0.716250
1484835300,0.716240,0.716360,0.716070,0.716080
1484835360,0.716100,0.716590,0.716080,0.716590
1484835420,0.716580,0.716580,0.716410,0.716480
1484835480,0.716460,0.716810,0.716410,0.716770
1484835540,0.716790,0.716800,0.716600,0.716650
1484835600,0.716650,0.716680,0.716040,0.716210
1484835660,0.716190,0.716250,0.716100,0.716190
1484835720,0.716200,0.716240,0.715910,0.716110
1484835780,0.716110,0.716480,0.716110,0.716380
1484835840,0.716400,0.716860,0.716400,0.716800
1484835900,0.716790,0.716920,0.716700,0.716890
1484835960,0.716900,0.717220,0.716900,0.717180
1484836020,0.717190,0.717270,0.716950,0.717190
1484836080,0.717170,0.717380,0.717140,0.717230
1484836140,0.717210,0.717240,0.717060,0.717120
1484836200,0.717130,0.717480,0.717070,0.717430
1484836260,0.717410,0.717640,0.717360,0.717550
1484836320,0.717560,0.717570,0.717380,0.717550
1484836380,0.717550,0.717580,0.717240,0.717270
1484836440,0.717250,0.717410,0.717060,0.717150
1484836500,0.717080,0.717080,0.716430,0.716580
1484836560,0.716550,0.716720,0.716350,0.716580
1484836620,0.716590,0.716800,0.716560,0.716700
1484836680,0.716710,0.716710,0.716140,0.716180
1484836740,0.716160,0.716280,0.715960,0.716230
1484836800,0.716250,0.716330,0.715870,0.716120
1484836860,0.716140,0.716460,0.716070,0.716440
1484836920,0.716410,0.716510,0.716210,0.716280
1484836980,0.716250,0.716350,0.716080,0.716100
1484837040,0.716060,0.716240,0.716030,0.716070
1484837100,0.716070,0.716110,0.715650,0.715750
1484837160,0.715740,0.715990,0.715680,0.715870
1484837220,0.715870,0.715930,0.715480,0.715530
1484837280,0.715540,0.715640,0.715470,0.715640
1484837340,0.715660,0.715860,0.715660,0.715750
1484837400,0.715740,0.715910,0.715730,0.715870
1484837460,0.715850,0.716060,0.715780,0.715830
1484837520,0.715840,0.715880,0.715360,0.715390
1484837580,0.715390,0.715510,0.715150,0.715170
1484837640,0.715180,0.715430,0.714990,0.715180
1484837700,0.715180,0.715480,0.715120,0.715340
1484837760,0.715350,0.715450,0.715240,0.715260
1484837820,0.715240,0.715240,0.714950,0.715040
1484837880,0.715030,0.715090,0.714940,0.714970
1484837940,0.714970,0.714970,0.714670,0.714760
1484838000,0.714750,0.714770,0.714550,0.714550
1484838060,0.714560,0.715220,0.714540,0.715150
1484838120,0.715170,0.715530,0.715060,0.715480
1484838180,0.715480,0.715730,0.715320,0.715620
1484838240,0.715620,0.716130,0.715610,0.715990
1484838300,0.715980,0.716000,0.715780,0.715970
1484838360,0.715980,0.716290,0.715860,0.716190
1484838420,0.716180,0.716700,0.716170,0.716660
1484838480,0.716640,0.716710,0.716490,0.716570
1484838540,0.716560,0.716990,0.716450,0.716610
1484838600,0.716630,0.716690,0.716480,0.716540
1484838660,0.716510,0.716570,0.716130,0.716150
1484838720,0.716120,0.716230,0.715830,0.716150
1484838780,0.716100,0.716460,0.716070,0.716390
1484838840,0.716370,0.716440,0.716070,0.716300
1484838900,0.716350,0.716380,0.716060,0.716080
1484838960,0.716100,0.716710,0.716100,0.716490
1484839020,0.716510,0.716700,0.716450,0.716540
1484839080,0.716570,0.716780,0.716540,0.716740
1484839140,0.716740,0.716950,0.716740,0.716850
1484839200,0.716840,0.717030,0.716840,0.716940
1484839260,0.716960,0.716990,0.716480,0.716570
1484839320,0.716590,0.716920,0.716590,0.716840
1484839380,0.716860,0.716980,0.716770,0.716860
1484839440,0.716880,0.717240,0.716870,0.717190
1484839500,0.717190,0.717380,0.717180,0.717330
1484839560,0.717330,0.717370,0.717110,0.717110
1484839620,0.717090,0.717210,0.716950,0.717030
1484839680,0.717000,0.717050,0.716730,0.716790
1484839740,0.716770,0.717020,0.716750,0.716970
1484839800,0.716960,0.716990,0.716740,0.716790
1484839860,0.716800,0.717030,0.716620,0.716700
1484839920,0.716730,0.716820,0.716640,0.716760
1484839980,0.716780,0.717040,0.716760,0.716980
1484840040,0.717000,0.717210,0.716980,0.717170
1484840100,0.717180,0.717210,0.716980,0.717130
1484840160,0.717110,0.717130,0.716860,0.716870
1484840220,0.716860,0.717070,0.716790,0.717070
1484840280,0.717060,0.717060,0.716880,0.716900
1484840340,0.716890,0.716910,0.716670,0.716740
1484840400,0.716730,0.716800,0.716520,0.716560
1484840460,0.716520,0.716620,0.716400,0.716610
1484840520,0.716590,0.716680,0.716460,0.716620
1484840580,0.716630,0.716680,0.716570,0.716670
1484840640,0.716650,0.716650,0.716470,0.716500
1484840700,0.716530,0.716830,0.716520,0.716790
1484840760,0.716780,0.717060,0.716720,0.716860
1484840820,0.716870,0.716880,0.716680,0.716800
1484840880,0.716800,0.716860,0.716650,0.716810
1484840940,0.716790,0.717030,0.716670,0.716970
1484841000,0.716980,0.716980,0.716710,0.716890
1484841060,0.716890,0.717170,0.716840,0.717100
1484841120,0.717080,0.717200,0.717010,0.717080
1484841180,0.717090,0.717450,0.717090,0.717280
1484841240,0.717280,0.717500,0.716770,0.716770
1484841300,0.716770,0.716910,0.715890,0.716140
1484841360,0.716090,0.716990,0.716030,0.716880
1484841420,0.716890,0.716920,0.716490,0.716560
1484841480,0.716540,0.716850,0.716540,0.716830
1484841540,0.716840,0.717300,0.716820,0.717170
1484841600,0.717160,0.717380,0.717110,0.717380
1484841660,0.717370,0.717560,0.717370,0.717370
1484841720,0.717390,0.717490,0.717060,0.717390
1484841780,0.717420,0.718200,0.717360,0.718170
1484841840,0.718170,0.718360,0.717870,0.717870
1484841900,0.717890,0.718080,0.717860,0.717860
1484841960,0.717880,0.717990,0.717810,0.717910
1484842020,0.717890,0.717950,0.717650,0.717730
1484842080,0.717740,0.717850,0.717570,0.717620
1484842140,0.717640,0.717890,0.717580,0.717690
1484842200,0.717670,0.717970,0.717650,0.717820
1484842260,0.717820,0.717900,0.717680,0.717840
1484842320,0.717820,0.718070,0.717800,0.717930
1484842380,0.717910,0.717970,0.717560,0.717600
1484842440,0.717660,0.717740,0.717480,0.717490
1484842500,0.717470,0.717600,0.717060,0.717560
1484842560,0.717580,0.717890,0.717580,0.717860
1484842620,0.717880,0.717880,0.717260,0.717310
1484842680,0.717290,0.717400,0.717150,0.717220
1484842740,0.717240,0.717370,0.717040,0.717170
1484842800,0.717150,0.717170,0.716970,0.717070
1484842860,0.717050,0.717240,0.716990,0.717160
1484842920,0.717150,0.717550,0.717070,0.717530
1484842980,0.717510,0.717590,0.717390,0.717550
1484843040,0.717580,0.717700,0.717480,0.717500
1484843100,0.717490,0.717750,0.717480,0.717650
1484843160,0.717660,0.717750,0.717550,0.717630
1484843220,0.717610,0.717690,0.717520,0.717690
1484843280,0.717690,0.717720,0.717580,0.717610
1484843340,0.717680,0.717870,0.717590,0.717620
1484843400,0.717650,0.717890,0.717650,0.717890
1484843460,0.717880,0.717880,0.717580,0.717690
1484843520,0.717680,0.717680,0.717550,0.717550
1484843580,0.717540,0.717540,0.717370,0.717370
1484843640,0.717350,0.717500,0.717340,0.717390
1484843700,0.717410,0.717550,0.717410,0.717490
1484843760,0.717470,0.717510,0.717350,0.717450
1484843820,0.717440,0.717630,0.717360,0.717530
1484843880,0.717550,0.717680,0.717490,0.717640
1484843940,0.717650,0.717680,0.717550,0.717670
1484844000,0.717650,0.717650,0.717360,0.717390
1484844060,0.717410,0.717410,0.717120,0.717150
1484844120,0.717140,0.717200,0.716990,0.717110
1484844180,0.717110,0.717220,0.716980,0.717000
1484844240,0.717000,0.717150,0.716970,0.717070
1484844300,0.717090,0.717110,0.716980,0.716990
1484844360,0.717010,0.717020,0.716910,0.716920
1484844420,0.716930,0.717040,0.716920,0.716990
1484844480,0.717000,0.717120,0.716960,0.717090
1484844540,0.717100,0.717150,0.717000,0.717030
1484844600,0.717030,0.717100,0.716930,0.717070
1484844660,0.717080,0.717290,0.717080,0.717160
1484844720,0.717180,0.717420,0.717110,0.717380
1484844780,0.717390,0.717470,0.717340,0.717410
1484844840,0.717410,0.717410,0.717280,0.717380
1484844900,0.717390,0.717390,0.717060,0.717250
1484844960,0.717210,0.717250,0.717020,0.717070
1484845020,0.717060,0.717150,0.716960,0.716980
1484845080,0.716980,0.717140,0.716960,0.716990
1484845140,0.717000,0.717030,0.716920,0.717020
1484845200,0.717020,0.717020,0.716760,0.716800
1484845260,0.716790,0.716860,0.716710,0.716860
1484845320,0.716860,0.717040,0.716830,0.716870
1484845380,0.716900,0.716940,0.716790,0.716790
1484845440,0.716800,0.716830,0.716430,0.716470
1484845500,0.716450,0.716470,0.716040,0.716050
1484845560,0.716060,0.716280,0.716040,0.716230
1484845620,0.716250,0.716310,0.716250,0.716280
1484845680,0.716280,0.716470,0.716280,0.716370
1484845740,0.716390,0.716400,0.716350,0.716390
1484845800,0.716400,0.716470,0.716370,0.716420
1484845860,0.716460,0.716500,0.716350,0.716380
1484845920,0.716360,0.716380,0.716270,0.716270
1484845980,0.716270,0.716270,0.716150,0.716260
1484846040,0.716290,0.716310,0.716260,0.716310
1484846100,0.716330,0.716400,0.716300,0.716300
1484846160,0.716280,0.716300,0.716030,0.716080
1484846220,0.716060,0.716150,0.715940,0.716040
1484846280,0.716030,0.716200,0.716000,0.716050
1484846340,0.716060,0.716080,0.715880,0.715930
1484846400,0.715950,0.716150,0.715950,0.716070
1484846460,0.716070,0.716130,0.716040,0.716040
1484846520,0.716060,0.716190,0.716030,0.716190
1484846580,0.716170,0.716210,0.715970,0.716190
1484846640,0.716210,0.716380,0.716170,0.716360
1484846700,0.716410,0.716460,0.716280,0.716420
1484846760,0.716410,0.716500,0.716400,0.716480
1484846820,0.716480,0.716520,0.716390,0.716450
1484846880,0.716400,0.716600,0.716400,0.716500
1484846940,0.716480,0.716590,0.716470,0.716550
1484847000,0.716530,0.716530,0.716450,0.716480
1484847060,0.716490,0.716500,0.716270,0.716280
1484847120,0.716310,0.716310,0.716100,0.716170
1484847180,0.716190,0.716220,0.715920,0.715970
1484847240,0.715980,0.715990,0.715750,0.715780
1484847300,0.715770,0.715790,0.715690,0.715780
1484847360,0.715790,0.715890,0.715720,0.715890
1484847420,0.715890,0.715950,0.715790,0.715860
1484847480,0.715860,0.715860,0.715760,0.715780
1484847540,0.715790,0.715810,0.715520,0.715590
1484847600,0.715590,0.715700,0.715560,0.715660
1484847660,0.715680,0.715880,0.715680,0.715760
1484847720,0.715770,0.715990,0.715770,0.715980
1484847780,0.715980,0.715990,0.715880,0.715910
1484847840,0.715890,0.715980,0.715890,0.715900
1484847900,0.715920,0.716030,0.715890,0.715900
1484847960,0.715880,0.716090,0.715880,0.716060
1484848020,0.716080,0.716080,0.715970,0.716000
1484848080,0.716020,0.716060,0.715950,0.716050
1484848140,0.716050,0.716100,0.716010,0.716090
1484848200,0.716100,0.716150,0.716030,0.716140
1484848260,0.716140,0.716200,0.715850,0.715850
1484848320,0.715860,0.715980,0.715810,0.715860
1484848380,0.715840,0.715910,0.715640,0.715870
1484848440,0.715860,0.715900,0.715800,0.715870
1484848500,0.715880,0.715910,0.715850,0.715880
1484848560,0.715870,0.716090,0.715870,0.716040
1484848620,0.716040,0.716080,0.715990,0.716040
1484848680,0.716010,0.716260,0.715990,0.716210
1484848740,0.716260,0.716390,0.716220,0.716350
1484848800,0.716330,0.716400,0.716280,0.716400
1484848860,0.716410,0.716590,0.716350,0.716570
1484848920,0.716560,0.716600,0.716420,0.716480
1484848980,0.716470,0.716480,0.715930,0.715970
1484849040,0.715970,0.715970,0.715650,0.715650
1484849100,0.715670,0.715840,0.715620,0.715740
1484849160,0.715750,0.715800,0.715670,0.715750
1484849220,0.715710,0.715790,0.715670,0.715770
1484849280,0.715750,0.715940,0.715750,0.715860
1484849340,0.715880,0.716070,0.715870,0.716070
1484849400,0.716060,0.716060,0.715830,0.715900
1484849460,0.715880,0.715940,0.715810,0.715860
1484849520,0.715880,0.716060,0.715850,0.716000
1484849580,0.715980,0.716070,0.715980,0.716070
1484849640,0.716080,0.716290,0.716080,0.716230
1484849700,0.716250,0.716260,0.716110,0.716150
1484849760,0.716140,0.716210,0.716070,0.716170
1484849820,0.716160,0.716190,0.716040,0.716190
1484849880,0.716200,0.716220,0.716110,0.716220
1484849940,0.716220,0.716340,0.716190,0.716270
1484850000,0.716260,0.716360,0.716240,0.716300
1484850060,0.716280,0.716630,0.716250,0.716540
1484850120,0.716560,0.716620,0.716460,0.716550
1484850180,0.716560,0.716670,0.716550,0.716670
1484850240,0.716680,0.716890,0.716680,0.716860
1484850300,0.716860,0.716860,0.716720,0.716860
1484850360,0.716850,0.716850,0.716590,0.716730
1484850420,0.716720,0.717010,0.716700,0.716930
1484850480,0.716910,0.717130,0.716850,0.717020
1484850540,0.717010,0.717060,0.716740,0.716850
1484850600,0.716840,0.716840,0.716650,0.716650
1484850660,0.716650,0.716710,0.716570,0.716660
1484850720,0.716670,0.716710,0.716430,0.716430
1484850780,0.716450,0.716530,0.716380,0.716450
1484850840,0.716450,0.716450,0.716350,0.716350
1484850900,0.716370,0.716430,0.716220,0.716340
1484850960,0.716340,0.716340,0.716240,0.716260
1484851020,0.716280,0.716370,0.716270,0.716330
1484851080,0.716310,0.716310,0.716150,0.716240
1484851140,0.716260,0.716280,0.716210,0.716280
1484851200,0.716280,0.716290,0.716190,0.716240
1484851260,0.716240,0.716300,0.716220,0.716260
1484851320,0.716240,0.716350,0.716230,0.716270
1484851380,0.716250,0.716390,0.716240,0.716360
1484851440,0.716370,0.716500,0.716370,0.716470
1484851500,0.716450,0.716450,0.716170,0.716200
1484851560,0.716180,0.716280,0.716160,0.716270
1484851620,0.716270,0.716290,0.716160,0.716160
1484851680,0.716190,0.716270,0.716190,0.716220
1484851740,0.716240,0.716240,0.716060,0.716140
1484851800,0.716160,0.716240,0.716140,0.716190
1484851860,0.716170,0.716210,0.716120,0.716210
1484851920,0.716190,0.716350,0.716190,0.716260
1484851980,0.716260,0.716270,0.716170,0.716250
1484852040,0.716270,0.716360,0.716180,0.716200
1484852100,0.716180,0.716320,0.716180,0.716270
1484852160,0.716250,0.716260,0.716070,0.716090
1484852220,0.716110,0.716160,0.716080,0.716150
1484852280,0.716170,0.716180,0.716060,0.716110
1484852340,0.716090,0.716200,0.716060,0.716080
1484852400,0.716070,0.716160,0.716060,0.716160
1484852460,0.716160,0.716190,0.716030,0.716050
1484852520,0.716050,0.716170,0.716040,0.716170
1484852580,0.716170,0.716230,0.716120,0.716170
1484852640,0.716180,0.716260,0.716150,0.716260
1484852700,0.716240,0.716380,0.716210,0.716380
1484852760,0.716370,0.716420,0.716340,0.716420
1484852820,0.716410,0.716510,0.716390,0.716510
1484852880,0.716540,0.716800,0.716520,0.716730
1484852940,0.716770,0.716800,0.716680,0.716750
1484853000,0.716760,0.716770,0.716570,0.716570
1484853060,0.716590,0.716600,0.716480,0.716560
1484853120,0.716560,0.716560,0.716480,0.716540
1484853180,0.716550,0.716710,0.716470,0.716630
1484853240,0.716650,0.716860,0.716650,0.716850
1484853300,0.716850,0.716970,0.716820,0.716900
1484853360,0.716920,0.717080,0.716920,0.716960
1484853420,0.716940,0.717050,0.716940,0.717040
1484853480,0.717060,0.717140,0.716970,0.716990
1484853540,0.716980,0.717090,0.716920,0.717060
1484853600,0.717050,0.717200,0.717030,0.717100
1484853660,0.717090,0.717170,0.716920,0.716920
1484853720,0.716840,0.716910,0.716770,0.716800
1484853780,0.716820,0.716910,0.716730,0.716870
1484853840,0.716850,0.716930,0.716740,0.716740
1484853900,0.716750,0.716820,0.716730,0.716740
1484853960,0.716730,0.716760,0.716630,0.716640
1484854020,0.716660,0.716660,0.716550,0.716550
1484854080,0.716540,0.716610,0.716540,0.716560
1484854140,0.716620,0.716730,0.716620,0.716670
1484854200,0.716710,0.716720,0.716660,0.716670
1484854260,0.716690,0.716690,0.716660,0.716660
1484854320,0.716650,0.716740,0.716640,0.716740
1484854380,0.716740,0.716800,0.716720,0.716770
1484854440,0.716760,0.716870,0.716750,0.716860
1484854500,0.716880,0.716990,0.716880,0.716970
1484854560,0.716960,0.717080,0.716950,0.717080
1484854620,0.717080,0.717340,0.717080,0.717340
1484854680,0.717340,0.717470,0.717290,0.717360
1484854740,0.717370,0.717370,0.717260,0.717270
1484854800,0.717310,0.718060,0.717280,0.717790
1484854860,0.717790,0.717790,0.717550,0.717660
1484854920,0.717630,0.717660,0.717440,0.717500
1484854980,0.717480,0.717720,0.717460,0.717630
1484855040,0.717650,0.717670,0.717560,0.717650
1484855100,0.717630,0.717740,0.717620,0.717640
1484855160,0.717650,0.717700,0.717530,0.717660
1484855220,0.717680,0.717750,0.717630,0.717730
1484855280,0.717760,0.718010,0.717760,0.717930
1484855340,0.717950,0.718180,0.717880,0.718120
1484855400,0.718130,0.718320,0.718120,0.718250
1484855460,0.718270,0.718270,0.718040,0.718040
1484855520,0.718050,0.718160,0.718040,0.718060
1484855580,0.718080,0.718300,0.718080,0.718280
1484855640,0.718280,0.718360,0.718240,0.718340
1484855700,0.718330,0.718380,0.718280,0.718370
1484855760,0.718390,0.718390,0.718160,0.718180
1484855820,0.718150,0.718280,0.718080,0.718270
1484855880,0.718290,0.718370,0.718270,0.718340
1484855940,0.718390,0.718470,0.718310,0.718450
1484856000,0.718450,0.718450,0.718310,0.718370
1484856060,0.718380,0.718470,0.718360,0.718440
1484856120,0.718440,0.718460,0.718310,0.718450
1484856180,0.718450,0.719020,0.718450,0.718970
1484856240,0.718980,0.719060,0.718840,0.718850
1484856300,0.718880,0.718880,0.718530,0.718540
1484856360,0.718620,0.718710,0.718600,0.718700
1484856420,0.718690,0.718760,0.718530,0.718560
1484856480,0.718530,0.718840,0.718520,0.718810
1484856540,0.718800,0.719010,0.718770,0.719010
1484856600,0.719010,0.719040,0.718960,0.719010
1484856660,0.719040,0.719060,0.718900,0.718940
1484856720,0.718940,0.718940,0.718800,0.718860
1484856780,0.718860,0.718910,0.718770,0.718810
1484856840,0.718810,0.718900,0.718770,0.718770
1484856900,0.718740,0.718740,0.718550,0.718550
1484856960,0.718570,0.718570,0.718290,0.718350
1484857020,0.718330,0.718380,0.718220,0.718270
1484857080,0.718280,0.718430,0.718240,0.718250
1484857140,0.718270,0.718390,0.718240,0.718380
1484857200,0.718410,0.718500,0.718330,0.718370
1484857260,0.718380,0.718420,0.718300,0.718390
1484857320,0.718370,0.718500,0.718360,0.718390
1484857380,0.718380,0.718480,0.718370,0.718370
1484857440,0.718390,0.718390,0.718250,0.718300
1484857500,0.718290,0.718410,0.718240,0.718340
1484857560,0.718320,0.718420,0.718300,0.718300
1484857620,0.718280,0.718380,0.718250,0.718360
1484857680,0.718390,0.718390,0.718330,0.718330
1484857740,0.718350,0.718380,0.718250,0.718360
1484857800,0.718340,0.718340,0.718260,0.718260
1484857860,0.718270,0.718400,0.718270,0.718390
1484857920,0.718400,0.718480,0.718340,0.718400
1484857980,0.718390,0.718540,0.718370,0.718470
1484858040,0.718490,0.718510,0.718430,0.718450
1484858100,0.718480,0.718500,0.718440,0.718440
1484858160,0.718450,0.718580,0.718420,0.718580
1484858220,0.718570,0.718720,0.718570,0.718720
1484858280,0.718700,0.718810,0.718660,0.718760
1484858340,0.718820,0.718840,0.718640,0.718700
1484858400,0.718710,0.718730,0.718620,0.718660
1484858460,0.718650,0.718700,0.718550,0.718640
1484858520,0.718650,0.718710,0.718580,0.718690
1484858580,0.718690,0.718720,0.718660,0.718680
1484858640,0.718690,0.718870,0.718690,0.718780
1484858700,0.718790,0.718880,0.718750,0.718850
1484858760,0.718870,0.718870,0.718770,0.718770
1484858820,0.718790,0.718790,0.718640,0.718640
1484858880,0.718630,0.718660,0.718530,0.718610
1484858940,0.718590,0.718660,0.718570,0.718650
1484859000,0.718650,0.718670,0.718550,0.718640
1484859060,0.718660,0.718670,0.718620,0.718650
1484859120,0.718660,0.718780,0.718660,0.718770
1484859180,0.718750,0.718770,0.718640,0.718640
1484859240,0.718660,0.718670,0.718520,0.718540
1484859300,0.718540,0.718560,0.718470,0.718500
1484859360,0.718480,0.718550,0.718480,0.718550
1484859420,0.718570,0.718600,0.718470,0.718480
1484859480,0.718500,0.718510,0.718480,0.718480
1484859540,0.718480,0.718570,0.718450,0.718550
1484859600,0.718550,0.718620,0.718550,0.718590
1484859660,0.718610,0.718610,0.718590,0.718590
1484859720,0.718610,0.718720,0.718610,0.718680
1484859780,0.718670,0.718720,0.718670,0.718700
1484859840,0.718690,0.718790,0.718670,0.718760
1484859900,0.718770,0.718800,0.718740,0.718770
1484860020,0.718770,0.718790,0.718770,0.718770
1484860080,0.718790,0.718820,0.718770,0.718780
1484860140,0.718780,0.718780,0.718780,0.718780
1484860200,0.718800,0.718870,0.718770,0.718800
1484860260,0.718800,0.718800,0.718800,0.718800
1484860320,0.718780,0.718780,0.718690,0.718780
1484860380,0.718760,0.718780,0.718720,0.718760
1484860440,0.718740,0.718780,0.718740,0.718750
1484860500,0.718760,0.718770,0.718680,0.718680
1484860560,0.718660,0.718660,0.718580,0.718660
1484860620,0.718680,0.718700,0.718680,0.718690
1484860680,0.718680,0.718690,0.718660,0.718680
1484860740,0.718690,0.718700,0.718590,0.718590
1484860800,0.718570,0.718610,0.718560,0.718580
1484860860,0.718590,0.718610,0.718550,0.718590
1484860920,0.718560,0.718610,0.718540,0.718580
1484860980,0.718590,0.718590,0.718490,0.718490
1484861040,0.718490,0.718500,0.718490,0.718500
1484861100,0.718490,0.718500,0.718490,0.718500
1484861160,0.718510,0.718530,0.718510,0.718530
1484861220,0.718540,0.718700,0.718540,0.718690
1484861280,0.718710,0.718790,0.718680,0.718680
1484861340,0.718700,0.718810,0.718700,0.718780
1484861400,0.718770,0.718920,0.718750,0.718920
1484861460,0.718930,0.718930,0.718920,0.718920
1484861520,0.718930,0.718940,0.718930,0.718930
1484861580,0.718930,0.718960,0.718620,0.718620
1484861640,0.718630,0.718630,0.718590,0.718590
1484861700,0.718580,0.718750,0.718540,0.718750
1484861760,0.718750,0.718820,0.718750,0.718760
1484861820,0.718740,0.718740,0.718610,0.718610
1484861880,0.718620,0.718620,0.718520,0.718530
1484861940,0.718560,0.718570,0.718530,0.718570
1484862000,0.718560,0.718560,0.718540,0.718540
1484862060,0.718530,0.718540,0.718520,0.718540
1484862120,0.718520,0.718540,0.718520,0.718540
1484862180,0.718520,0.718530,0.718480,0.718520
1484862240,0.718520,0.718550,0.718520,0.718530
1484862300,0.718560,0.718680,0.718530,0.718680
1484862360,0.718680,0.718700,0.718670,0.718680
1484862420,0.718670,0.718680,0.718630,0.718660
1484862480,0.718650,0.718720,0.718630,0.718710
1484862540,0.718720,0.718720,0.718680,0.718690
1484862600,0.718720,0.718720,0.718670,0.718670
1484862660,0.718720,0.718960,0.718720,0.718850
1484862720,0.718840,0.718840,0.718810,0.718820
1484862780,0.718810,0.718810,0.718810,0.718810
1484862840,0.718790,0.718790,0.718780,0.718780
1484862900,0.718780,0.718930,0.718740,0.718930
1484862960,0.718920,0.718920,0.718810,0.718820
1484863020,0.718820,0.718860,0.718820,0.718830
1484863080,0.718810,0.718870,0.718750,0.718820
1484863140,0.718800,0.718810,0.718610,0.718610
1484863200,0.718610,0.718750,0.718610,0.718740
1484863260,0.718730,0.719080,0.718720,0.719080
1484863320,0.718990,0.719000,0.718640,0.718910
1484863440,0.718910,0.718910,0.718870,0.718870
1484863500,0.718880,0.719090,0.718810,0.718810
1484863560,0.718810,0.718970,0.718780,0.718930
1484863620,0.718850,0.718940,0.718720,0.718940
1484863680,0.718940,0.718940,0.718810,0.718810
1484863740,0.718810,0.718890,0.718810,0.718890
1484863800,0.718850,0.718850,0.718780,0.718790
1484863860,0.718740,0.718800,0.718740,0.718750
1484863920,0.718750,0.718760,0.718740,0.718760
1484864100,0.718730,0.718810,0.718650,0.718650
1484864160,0.718660,0.718660,0.718660,0.718660
1484864220,0.718650,0.718650,0.718650,0.718650
1484864280,0.718610,0.718680,0.718610,0.718670
1484864400,0.718660,0.718660,0.718660,0.718660
1484864520,0.718660,0.718660,0.718660,0.718660
1484864580,0.718660,0.718660,0.718570,0.718640
1484864640,0.718640,0.718650,0.718640,0.718650
1484864700,0.718650,0.718650,0.718650,0.718650
1484864760,0.718650,0.718660,0.718650,0.718660
1484864820,0.718660,0.718660,0.718620,0.718620
1484864880,0.718650,0.718650,0.718650,0.718650
1484864940,0.718640,0.718640,0.718640,0.718640
1484865060,0.718610,0.718660,0.718510,0.718510
1484865120,0.718510,0.718510,0.718410,0.718410
1484865180,0.718410,0.718460,0.718410,0.718410
1484865240,0.718410,0.718410,0.718410,0.718410
1484865300,0.718410,0.718410,0.718410,0.718410
1484865360,0.718400,0.718440,0.718400,0.718410
1484865420,0.718410,0.718430,0.718360,0.718360
1484865480,0.718360,0.718360,0.718360,0.718360
1484865540,0.718360,0.718370,0.718360,0.718360
1484865600,0.718360,0.718360,0.718350,0.718360
1484865660,0.718360,0.718360,0.718360,0.718360
1484865780,0.718360,0.718360,0.718340,0.718360
1484865840,0.718330,0.718330,0.717970,0.718080
1484865900,0.718060,0.718200,0.717950,0.718040
1484865960,0.718030,0.718260,0.717960,0.717970
1484866020,0.717960,0.718260,0.717950,0.718050
1484866080,0.718000,0.718160,0.717950,0.718160
1484866140,0.718050,0.718260,0.717990,0.718150
1484866200,0.718210,0.718260,0.718050,0.718150
1484866260,0.718090,0.718160,0.718040,0.718160
1484866320,0.718060,0.718210,0.718040,0.718150
1484866380,0.718090,0.718260,0.718050,0.718050
1484866440,0.718160,0.718260,0.718100,0.718150
1484866500,0.718150,0.718160,0.718150,0.718160
1484866620,0.718150,0.718150,0.717930,0.717960
1484866680,0.717950,0.717960,0.717750,0.717760
1484866740,0.717750,0.717760,0.717630,0.717640
1484866800,0.717590,0.718350,0.717560,0.718020
1484866860,0.718030,0.718110,0.717950,0.718080
1484866920,0.718080,0.718130,0.718030,0.718130
1484866980,0.718130,0.718230,0.718130,0.718130
1484867040,0.718130,0.718230,0.718130,0.718230
1484867100,0.718230,0.718230,0.718230,0.718230
1484867160,0.718230,0.718230,0.718230,0.718230
1484867220,0.718230,0.718230,0.718230,0.718230
1484867280,0.718230,0.718250,0.718230,0.718230
1484867340,0.718230,0.718330,0.718230,0.718230
1484867400,0.718230,0.718330,0.718230,0.718230
1484867460,0.718230,0.718250,0.718230,0.718230
1484867520,0.718180,0.718370,0.718150,0.718360
1484867580,0.718350,0.718570,0.718350,0.718570
1484867640,0.718550,0.718630,0.718510,0.718540
1484867700,0.718540,0.718760,0.718480,0.718750
1484867760,0.718760,0.719020,0.718760,0.718980
1484867820,0.718930,0.719180,0.718930,0.719180
1484867880,0.719170,0.719170,0.718960,0.718960
1484867940,0.718960,0.719080,0.718960,0.719020
1484868000,0.719020,0.719470,0.719020,0.719400
1484868060,0.719400,0.719610,0.719370,0.719470
1484868120,0.719460,0.719460,0.719430,0.719430
1484868180,0.719430,0.719430,0.719130,0.719130
1484868240,0.719130,0.719160,0.719120,0.719140
1484868300,0.719130,0.719160,0.719120,0.719160
1484868360,0.719160,0.719160,0.719120,0.719160
1484868420,0.719160,0.719160,0.719060,0.719060
1484868480,0.719060,0.719070,0.719060,0.719060
1484868540,0.719070,0.719080,0.719060,0.719060
1484868600,0.719070,0.719190,0.719060,0.719160
1484868660,0.719160,0.719160,0.719120,0.719120
1484868720,0.719070,0.719080,0.719060,0.719060
1484868780,0.719060,0.719080,0.719040,0.719060
1484868840,0.719050,0.719080,0.719020,0.719060
1484868900,0.719050,0.719060,0.718940,0.718940
1484868960,0.718930,0.718940,0.718720,0.718750
1484869020,0.718730,0.718740,0.718630,0.718630
1484869080,0.718600,0.718600,0.718530,0.718530
1484869140,0.718530,0.718770,0.718430,0.718750
1484869200,0.718750,0.718750,0.718570,0.718630
1484869260,0.718610,0.718610,0.718460,0.718460
1484869320,0.718460,0.718470,0.718460,0.718470
1484869380,0.718460,0.718550,0.718460,0.718550
1484869440,0.718540,0.718740,0.718520,0.718700
1484869500,0.718690,0.718700,0.718680,0.718700
1484869560,0.718680,0.718780,0.718580,0.718740
1484869620,0.718750,0.718780,0.718730,0.718780
1484869680,0.718820,0.718940,0.718820,0.718940
1484869740,0.718920,0.718920,0.718720,0.718720
1484869800,0.718710,0.718730,0.718700,0.718700
1484869860,0.718680,0.718880,0.718650,0.718870
1484869920,0.718910,0.718930,0.718900,0.718900
1484869980,0.718920,0.719280,0.718920,0.719280
1484870040,0.719310,0.719400,0.719270,0.719310
1484870100,0.719330,0.719380,0.719300,0.719300
1484870160,0.719280,0.719370,0.719200,0.719330
1484870220,0.719320,0.719320,0.719180,0.719180
1484870280,0.719180,0.719210,0.719160,0.719180
1484870340,0.719170,0.719370,0.719160,0.719250
1484870400,0.719250,0.719670,0.719150,0.719440
1484870460,0.719420,0.719420,0.719260,0.719270
1484870520,0.719270,0.719310,0.719130,0.719170
1484870580,0.719190,0.719300,0.719180,0.719260
1484870640,0.719250,0.719310,0.719170,0.719290
1484870700,0.719280,0.719400,0.719100,0.719110
1484870760,0.719120,0.719200,0.718960,0.719110
1484870820,0.719050,0.719280,0.719030,0.719210
1484870880,0.719220,0.719260,0.719160,0.719260
1484870940,0.719270,0.719270,0.719140,0.719160
1484871000,0.719140,0.719150,0.719050,0.719070
1484871060,0.719070,0.719070,0.718810,0.718970
1484871120,0.718950,0.719060,0.718950,0.718990
1484871180,0.719010,0.719370,0.719000,0.719270
1484871240,0.719240,0.719280,0.719080,0.719150
1484871300,0.719180,0.719190,0.719140,0.719170
1484871360,0.719150,0.719150,0.718830,0.719050
1484871420,0.719080,0.719110,0.718930,0.719050
1484871480,0.719070,0.719070,0.719030,0.719060
1484871540,0.719030,0.719030,0.718860,0.718860
1484871600,0.718860,0.718920,0.718640,0.718670
1484871660,0.718690,0.718990,0.718690,0.718980
1484871720,0.718990,0.719170,0.718950,0.718970
1484871780,0.718970,0.719170,0.718950,0.719160
1484871840,0.719160,0.719360,0.719160,0.719360
1484871900,0.719350,0.719350,0.719090,0.719090
1484871960,0.719080,0.719090,0.719020,0.719080
1484872020,0.719060,0.719080,0.718970,0.719070
1484872080,0.719050,0.719050,0.718770,0.718770
1484872140,0.718780,0.718860,0.718630,0.718670
1484872200,0.718680,0.718760,0.718640,0.718720
1484872260,0.718730,0.718890,0.718730,0.718730
1484872320,0.718710,0.718760,0.718640,0.718690
1484872380,0.718690,0.718770,0.718660,0.718740
1484872440,0.718730,0.718730,0.718650,0.718660
1484872500,0.718650,0.718770,0.718650,0.718740
1484872560,0.718760,0.718760,0.718650,0.718660
1484872620,0.718650,0.718770,0.718640,0.718650
1484872680,0.718670,0.718760,0.718670,0.718720
1484872740,0.718710,0.718750,0.718680,0.718730
1484872800,0.718710,0.718710,0.718620,0.718640
1484872860,0.718630,0.718780,0.718630,0.718780
1484872920,0.718750,0.718750,0.718560,0.718560
1484872980,0.718570,0.718710,0.718560,0.718660
1484873040,0.718680,0.718680,0.718640,0.718660
1484873100,0.718650,0.718690,0.718570,0.718640
1484873160,0.718610,0.718680,0.718550,0.718660
1484873220,0.718660,0.718680,0.718540,0.718540
1484873280,0.718550,0.718570,0.718430,0.718440
1484873340,0.718430,0.718440,0.718330,0.718380
1484873400,0.718360,0.718490,0.718280,0.718470
1484873460,0.718460,0.718650,0.718440,0.718570
1484873520,0.718570,0.718570,0.718470,0.718490
1484873580,0.718480,0.718490,0.718450,0.718450
1484873640,0.718470,0.718500,0.718380,0.718430
1484873700,0.718450,0.718750,0.718450,0.718750
1484873760,0.718750,0.718750,0.718540,0.718570
1484873820,0.718560,0.718640,0.718550,0.718600
1484873880,0.718610,0.718620,0.718540,0.718540
1484873940,0.718520,0.718520,0.718330,0.718330
1484874000,0.718300,0.718750,0.718200,0.718740
1484874060,0.718720,0.719360,0.718720,0.719190
1484874120,0.719220,0.719290,0.719040,0.719170
1484874180,0.719160,0.719310,0.719050,0.719310
1484874240,0.719320,0.719850,0.719320,0.719800
1484874300,0.719780,0.719860,0.719630,0.719650
1484874360,0.719660,0.719960,0.719660,0.719880
1484874420,0.719870,0.720570,0.719870,0.720570
1484874480,0.720580,0.720660,0.720410,0.720480
1484874540,0.720460,0.720580,0.720040,0.720560
1484874600,0.720570,0.720600,0.720390,0.720570
1484874660,0.720600,0.720700,0.720460,0.720550
1484874720,0.720530,0.720610,0.720450,0.720610
1484874780,0.720590,0.720850,0.720560,0.720780
1484874840,0.720780,0.720870,0.720720,0.720810
1484874900,0.720810,0.720810,0.720580,0.720680
1484874960,0.720690,0.720690,0.720580,0.720640
1484875020,0.720660,0.720680,0.720500,0.720530
1484875080,0.720530,0.720540,0.720460,0.720520
1484875140,0.720520,0.720550,0.720330,0.720410
1484875200,0.720390,0.720430,0.720040,0.720050
1484875260,0.720060,0.720360,0.720010,0.720250
1484875320,0.720230,0.720490,0.720220,0.720440
1484875380,0.720460,0.720830,0.720460,0.720770
1484875440,0.720820,0.720970,0.720760,0.720960
1484875500,0.720980,0.721280,0.720770,0.720910
1484875560,0.720890,0.721190,0.720760,0.720970
1484875620,0.720950,0.721290,0.720860,0.721270
1484875680,0.721240,0.721270,0.721050,0.721120
1484875740,0.721120,0.721380,0.721120,0.721180
1484875800,0.721220,0.721280,0.721040,0.721040
1484875860,0.721050,0.721390,0.721040,0.721360
1484875920,0.721350,0.721640,0.721320,0.721640
1484875980,0.721630,0.721650,0.721440,0.721460
1484876040,0.721440,0.721480,0.721270,0.721310
1484876100,0.721310,0.721540,0.721290,0.721470
1484876160,0.721460,0.721500,0.721390,0.721470
1484876220,0.721450,0.721480,0.721360,0.721410
1484876280,0.721420,0.721480,0.721250,0.721280
1484876340,0.721300,0.721310,0.721240,0.721300
1484876400,0.721360,0.721760,0.721360,0.721740
1484876460,0.721740,0.721990,0.721630,0.721950
1484876520,0.721970,0.722110,0.721970,0.721990
1484876580,0.722000,0.722190,0.721980,0.722180
1484876640,0.722190,0.722480,0.722050,0.722090
1484876700,0.722060,0.722180,0.721940,0.722070
1484876760,0.722040,0.722070,0.721940,0.721940
1484876820,0.721950,0.722140,0.721950,0.722100
1484876880,0.722080,0.722240,0.721980,0.722210
1484876940,0.722190,0.722290,0.722060,0.722160
1484877000,0.722180,0.722450,0.722140,0.722330
1484877060,0.722340,0.722460,0.722250,0.722270
1484877120,0.722260,0.722370,0.722240,0.722250
1484877180,0.722250,0.722300,0.722240,0.722300
1484877240,0.722280,0.722380,0.722250,0.722250
1484877300,0.722260,0.722370,0.722230,0.722280
1484877360,0.722290,0.722310,0.722200,0.722200
1484877420,0.722200,0.722200,0.722160,0.722180
1484877480,0.722170,0.722200,0.722100,0.722120
1484877540,0.722120,0.722120,0.721830,0.721860
1484877600,0.722050,0.722340,0.721930,0.722190
1484877660,0.722190,0.722260,0.721830,0.721840
1484877720,0.721830,0.721830,0.721580,0.721600
1484877780,0.721600,0.721800,0.721470,0.721720
1484877840,0.721750,0.721770,0.721470,0.721480
1484877900,0.721470,0.721480,0.721290,0.721440
1484877960,0.721460,0.721660,0.721440,0.721520
1484878020,0.721530,0.721570,0.721340,0.721480
1484878080,0.721470,0.721600,0.721420,0.721420
1484878140,0.721430,0.721430,0.721240,0.721270
1484878200,0.721260,0.721570,0.721180,0.721570
1484878260,0.721610,0.721930,0.721540,0.721780
1484878320,0.721820,0.722060,0.721820,0.721880
1484878380,0.721870,0.721880,0.721720,0.721740
1484878440,0.721810,0.721830,0.721340,0.721360
1484878500,0.721350,0.721440,0.721160,0.721260
1484878560,0.721280,0.721520,0.721250,0.721440
1484878620,0.721420,0.721460,0.721360,0.721420
1484878680,0.721390,0.721410,0.721240,0.721350
1484878740,0.721340,0.721590,0.721340,0.721510
1484878800,0.721530,0.721530,0.721330,0.721370
1484878860,0.721350,0.721350,0.721230,0.721300
1484878920,0.721290,0.721340,0.721240,0.721290
1484878980,0.721310,0.721340,0.721250,0.721280
1484879040,0.721300,0.721340,0.721180,0.721270
1484879100,0.721360,0.721360,0.721280,0.721340
1484879160,0.721360,0.721380,0.721210,0.721250
1484879220,0.721250,0.721290,0.721190,0.721190
1484879280,0.721180,0.721180,0.721030,0.721050
1484879340,0.721070,0.721070,0.720440,0.720540
1484879400,0.720560,0.720950,0.720560,0.720860
1484879460,0.720860,0.720900,0.720670,0.720780
1484879520,0.720780,0.720780,0.720650,0.720650
1484879580,0.720630,0.720630,0.720530,0.720560
1484879640,0.720570,0.720570,0.720550,0.720570
1484879700,0.720630,0.720670,0.720610,0.720660
1484879760,0.720640,0.720680,0.720630,0.720680
1484879820,0.720680,0.720680,0.720640,0.720670
1484879880,0.720650,0.720660,0.720640,0.720660
1484879940,0.720660,0.720670,0.720650,0.720650
1484880000,0.720670,0.720740,0.720630,0.720630
1484880060,0.720650,0.720730,0.720640,0.720670
1484880120,0.720680,0.720860,0.720680,0.720850
1484880180,0.720840,0.720950,0.720750,0.720950
1484880240,0.720910,0.720910,0.720760,0.720790
1484880300,0.720810,0.720970,0.720810,0.720950
1484880360,0.720980,0.720980,0.720950,0.720950
1484880420,0.720970,0.721340,0.720970,0.721340
1484880480,0.721370,0.721370,0.721040,0.721240
1484880540,0.721240,0.721240,0.720830,0.720830
1484880600,0.720830,0.721160,0.720810,0.721130
1484880660,0.721140,0.721140,0.720730,0.720750
1484880720,0.720750,0.720850,0.720730,0.720750
1484880780,0.720770,0.720960,0.720740,0.720960
1484880840,0.720950,0.720970,0.720850,0.720850
1484880900,0.720850,0.720850,0.720840,0.720840
1484880960,0.720790,0.720790,0.720730,0.720740
1484881020,0.720730,0.720760,0.720730,0.720750
1484881080,0.720770,0.720770,0.720430,0.720540
1484881140,0.720530,0.720540,0.720430,0.720430
1484881200,0.720440,0.720710,0.720440,0.720470
1484881260,0.720570,0.720890,0.720570,0.720770
1484881320,0.720750,0.720900,0.720690,0.720860
1484881380,0.720840,0.721250,0.720770,0.720870
1484881440,0.720870,0.721020,0.720860,0.720940
1484881500,0.720900,0.720990,0.720770,0.720770
1484881560,0.720790,0.720860,0.720750,0.720790
1484881620,0.720770,0.720770,0.720640,0.720650
1484881680,0.720670,0.720740,0.720650,0.720650
1484881740,0.720670,0.720670,0.720570,0.720620
1484881800,0.720570,0.720630,0.720560,0.720570
1484881860,0.720580,0.720780,0.720480,0.720760
1484881920,0.720780,0.720940,0.720780,0.720940
1484881980,0.720960,0.721030,0.720880,0.721030
1484882040,0.721050,0.721050,0.720990,0.721050
1484882100,0.721050,0.721130,0.720910,0.721130
1484882160,0.721130,0.721260,0.721080,0.721250
1484882220,0.721250,0.721320,0.721190,0.721270
1484882280,0.721280,0.721290,0.721260,0.721270
1484882340,0.721290,0.721490,0.721290,0.721470
1484882400,0.721480,0.721490,0.721460,0.721470
1484882460,0.721480,0.721580,0.721480,0.721570
1484882520,0.721590,0.721600,0.721460,0.721470
1484882580,0.721470,0.721570,0.721440,0.721470
1484882640,0.721480,0.721490,0.721470,0.721470
1484882700,0.721490,0.721490,0.721450,0.721460
1484882760,0.721480,0.721770,0.721480,0.721760
1484882820,0.721770,0.721800,0.721650,0.721650
1484882880,0.721660,0.721770,0.721620,0.721700
1484882940,0.721690,0.722000,0.721680,0.722000
1484883000,0.721960,0.722050,0.721880,0.721980
1484883060,0.721970,0.721980,0.721850,0.721880
1484883120,0.721850,0.721900,0.721850,0.721860
1484883180,0.721870,0.721870,0.721850,0.721850
1484883240,0.721840,0.721840,0.721650,0.721660
1484883300,0.721650,0.721670,0.721360,0.721440
1484883360,0.721440,0.721470,0.721400,0.721430
1484883420,0.721420,0.721500,0.721380,0.721500
1484883480,0.721470,0.721560,0.721400,0.721550
1484883540,0.721540,0.721550,0.721480,0.721500
1484883600,0.721490,0.721660,0.721480,0.721600
1484883660,0.721590,0.721650,0.721590,0.721630
1484883720,0.721610,0.721670,0.721590,0.721610
1484883780,0.721590,0.721740,0.721580,0.721740
1484883840,0.721750,0.721820,0.721650,0.721670
1484883900,0.721650,0.721670,0.721250,0.721320
1484883960,0.721300,0.721360,0.721240,0.721350
1484884020,0.721400,0.721400,0.721350,0.721350
1484884080,0.721410,0.721570,0.721350,0.721570
1484884140,0.721560,0.721570,0.721460,0.721520
1484884200,0.721540,0.721660,0.721510,0.721650
1484884260,0.721630,0.721630,0.721470,0.721470
1484884320,0.721560,0.721650,0.721550,0.721650
1484884380,0.721670,0.721680,0.721550,0.721570
1484884440,0.721580,0.721580,0.721480,0.721490
1484884500,0.721480,0.721480,0.721250,0.721270
1484884560,0.721290,0.721320,0.721190,0.721240
1484884620,0.721220,0.721390,0.721060,0.721290
1484884680,0.721270,0.721310,0.721200,0.721290
1484884740,0.721290,0.721480,0.721290,0.721460
1484884800,0.721440,0.721440,0.721170,0.721190
1484884860,0.721210,0.721290,0.721210,0.721290
1484884920,0.721290,0.721400,0.721290,0.721400
1484884980,0.721390,0.721390,0.721220,0.721260
1484885040,0.721280,0.721290,0.721230,0.721260
1484885100,0.721170,0.721290,0.721140,0.721260
1484885160,0.721250,0.721260,0.721240,0.721240
1484885220,0.721230,0.721230,0.721160,0.721160
1484885280,0.721170,0.721470,0.721030,0.721410
1484885340,0.721410,0.721490,0.721410,0.721480
1484885400,0.721500,0.721790,0.721440,0.721710
1484885460,0.721700,0.721810,0.721700,0.721770
1484885520,0.721760,0.721780,0.721690,0.721700
1484885580,0.721700,0.721800,0.721690,0.721800
1484885640,0.721780,0.721790,0.721600,0.721600
1484885700,0.721610,0.721690,0.721610,0.721670
1484885760,0.721680,0.721690,0.721660,0.721660
1484885820,0.721640,0.721680,0.721520,0.721570
1484885880,0.721570,0.721800,0.721570,0.721670
1484885940,0.721720,0.721770,0.721650,0.721650
1484886000,0.721750,0.721770,0.721730,0.721750
1484886060,0.721660,0.721690,0.721650,0.721650
1484886120,0.721610,0.721610,0.721350,0.721560
1484886180,0.721630,0.721760,0.721630,0.721750
1484886240,0.721730,0.721730,0.721650,0.721650
1484886300,0.721650,0.721650,0.721150,0.721150
1484886360,0.721150,0.721150,0.720870,0.720960
1484886420,0.720950,0.720950,0.720860,0.720880
1484886480,0.720880,0.720880,0.720820,0.720850
1484886540,0.720860,0.720860,0.720850,0.720850
1484886600,0.720870,0.720870,0.720780,0.720780
1484886660,0.720750,0.720770,0.720550,0.720580
1484886720,0.720610,0.720670,0.720610,0.720670
1484886780,0.720650,0.720670,0.720630,0.720640
1484886840,0.720630,0.720800,0.720630,0.720790
1484886900,0.720770,0.720860,0.720710,0.720860
1484886960,0.720860,0.720900,0.720830,0.720850
1484887020,0.720860,0.720960,0.720860,0.720960
1484887080,0.720950,0.720950,0.720930,0.720950
1484887140,0.720940,0.721080,0.720890,0.721060
1484887200,0.721070,0.721090,0.720980,0.721080
1484887260,0.721070,0.721070,0.720990,0.721040
1484887320,0.721050,0.721090,0.721050,0.721060
1484887380,0.721090,0.721190,0.721060,0.721150
1484887440,0.721140,0.721180,0.721140,0.721180
1484887500,0.721160,0.721160,0.721020,0.721060
1484887560,0.721040,0.721040,0.720860,0.720860
1484887620,0.720830,0.720840,0.720650,0.720650
1484887680,0.720660,0.720660,0.720550,0.720550
1484887740,0.720560,0.720780,0.720550,0.720760
1484887800,0.720770,0.720880,0.720750,0.720750
1484887860,0.720770,0.720790,0.720550,0.720590
1484887920,0.720570,0.720570,0.720450,0.720480
1484887980,0.720480,0.720490,0.720350,0.720380
1484888040,0.720370,0.720380,0.720280,0.720290
1484888100,0.720290,0.720320,0.720290,0.720310
1484888160,0.720310,0.720460,0.720310,0.720380
1484888220,0.720390,0.720520,0.720350,0.720510
1484888280,0.720500,0.720500,0.720460,0.720460
1484888340,0.720480,0.720590,0.720460,0.720590
