time,open,high,low,close
1606107600,123.179000,123.179000,123.171000,123.174000
1606107660,123.174000,123.174000,123.174000,123.174000
1606107720,123.174000,123.176000,123.171000,123.172000
1606107780,123.170000,123.183000,123.170000,123.179000
1606107840,123.180000,123.184000,123.180000,123.184000
1606107900,123.184000,123.192000,123.184000,123.185000
1606107960,123.185000,123.185000,123.181000,123.184000
1606108020,123.184000,123.186000,123.180000,123.186000
1606108080,123.187000,123.188000,123.186000,123.186000
1606108140,123.187000,123.188000,123.180000,123.180000
1606108200,123.182000,123.182000,123.180000,123.180000
1606108260,123.180000,123.184000,123.180000,123.183000
1606108320,123.183000,123.185000,123.183000,123.184000
1606108380,123.186000,123.188000,123.184000,123.187000
1606108440,123.187000,123.195000,123.187000,123.193000
1606108500,123.193000,123.195000,123.185000,123.185000
1606108560,123.188000,123.190000,123.183000,123.185000
1606108620,123.183000,123.186000,123.182000,123.184000
1606108680,123.183000,123.183000,123.178000,123.178000
1606108740,123.178000,123.186000,123.178000,123.184000
1606108800,123.182000,123.185000,123.176000,123.181000
1606108860,123.181000,123.181000,123.177000,123.178000
1606108920,123.178000,123.179000,123.170000,123.172000
1606108980,123.172000,123.175000,123.167000,123.171000
1606109040,123.171000,123.178000,123.171000,123.177000
1606109100,123.175000,123.180000,123.174000,123.179000
1606109160,123.179000,123.183000,123.177000,123.180000
1606109220,123.180000,123.184000,123.179000,123.184000
1606109280,123.184000,123.184000,123.178000,123.179000
1606109340,123.179000,123.179000,123.175000,123.176000
1606109400,123.175000,123.180000,123.175000,123.180000
1606109460,123.180000,123.180000,123.176000,123.179000
1606109520,123.178000,123.181000,123.178000,123.179000
1606109580,123.179000,123.180000,123.179000,123.180000
1606109640,123.181000,123.182000,123.178000,123.178000
1606109700,123.180000,123.183000,123.179000,123.180000
1606109760,123.179000,123.180000,123.178000,123.180000
1606109820,123.180000,123.182000,123.180000,123.181000
1606109880,123.181000,123.182000,123.178000,123.181000
1606109940,123.181000,123.186000,123.181000,123.186000
1606110000,123.185000,123.188000,123.185000,123.187000
1606110060,123.188000,123.188000,123.185000,123.185000
1606110120,123.186000,123.191000,123.186000,123.188000
1606110180,123.186000,123.187000,123.183000,123.183000
1606110240,123.185000,123.187000,123.184000,123.185000
1606110300,123.185000,123.187000,123.183000,123.184000
1606110360,123.185000,123.186000,123.185000,123.185000
1606110420,123.185000,123.186000,123.173000,123.183000
1606110480,123.182000,123.182000,123.177000,123.178000
1606110540,123.178000,123.182000,123.176000,123.179000
1606110600,123.179000,123.182000,123.178000,123.179000
1606110660,123.180000,123.192000,123.180000,123.192000
1606110720,123.193000,123.195000,123.189000,123.191000
1606110780,123.192000,123.192000,123.192000,123.192000
1606110840,123.194000,123.201000,123.190000,123.199000
1606110900,123.198000,123.212000,123.198000,123.207000
1606110960,123.207000,123.210000,123.207000,123.209000
1606111020,123.211000,123.216000,123.207000,123.213000
1606111080,123.212000,123.215000,123.211000,123.212000
1606111140,123.212000,123.218000,123.212000,123.216000
1606111200,123.215000,123.229000,123.215000,123.226000
1606111260,123.226000,123.229000,123.225000,123.226000
1606111320,123.226000,123.236000,123.224000,123.232000
1606111380,123.233000,123.233000,123.222000,123.224000
1606111440,123.224000,123.225000,123.219000,123.223000
1606111500,123.222000,123.231000,123.221000,123.226000
1606111560,123.225000,123.230000,123.223000,123.226000
1606111620,123.226000,123.229000,123.225000,123.228000
1606111680,123.229000,123.229000,123.222000,123.224000
1606111740,123.224000,123.224000,123.213000,123.213000
1606111800,123.213000,123.223000,123.210000,123.223000
1606111860,123.224000,123.224000,123.222000,123.224000
1606111920,123.224000,123.224000,123.213000,123.215000
1606111980,123.216000,123.216000,123.206000,123.206000
1606112040,123.205000,123.210000,123.204000,123.205000
1606112100,123.205000,123.207000,123.200000,123.205000
1606112160,123.205000,123.205000,123.197000,123.197000
1606112220,123.198000,123.202000,123.196000,123.200000
1606112280,123.201000,123.217000,123.198000,123.217000
1606112340,123.216000,123.220000,123.212000,123.213000
1606112400,123.214000,123.217000,123.210000,123.217000
1606112460,123.216000,123.216000,123.213000,123.216000
1606112520,123.217000,123.219000,123.215000,123.215000
1606112580,123.214000,123.217000,123.212000,123.214000
1606112640,123.212000,123.216000,123.209000,123.216000
1606112700,123.214000,123.214000,123.209000,123.209000
1606112760,123.209000,123.210000,123.206000,123.207000
1606112820,123.207000,123.222000,123.205000,123.219000
1606112880,123.220000,123.220000,123.213000,123.214000
1606112940,123.214000,123.214000,123.199000,123.206000
1606113000,123.206000,123.209000,123.203000,123.208000
1606113060,123.207000,123.208000,123.205000,123.206000
1606113120,123.207000,123.207000,123.202000,123.204000
1606113180,123.203000,123.207000,123.200000,123.207000
1606113240,123.207000,123.207000,123.199000,123.203000
1606113300,123.204000,123.206000,123.198000,123.200000
1606113360,123.198000,123.210000,123.198000,123.210000
1606113420,123.210000,123.214000,123.208000,123.208000
1606113480,123.208000,123.208000,123.200000,123.205000
1606113540,123.206000,123.208000,123.205000,123.207000
1606113600,123.206000,123.206000,123.199000,123.202000
1606113660,123.201000,123.201000,123.193000,123.197000
1606113720,123.196000,123.205000,123.195000,123.202000
1606113780,123.202000,123.203000,123.202000,123.203000
1606113840,123.203000,123.211000,123.201000,123.201000
1606113900,123.202000,123.210000,123.202000,123.206000
1606113960,123.206000,123.206000,123.191000,123.193000
1606114020,123.194000,123.199000,123.193000,123.197000
1606114080,123.197000,123.199000,123.195000,123.199000
1606114140,123.199000,123.199000,123.194000,123.196000
1606114200,123.196000,123.200000,123.185000,123.190000
1606114260,123.190000,123.194000,123.187000,123.193000
1606114320,123.193000,123.202000,123.193000,123.202000
1606114380,123.201000,123.209000,123.198000,123.201000
1606114440,123.202000,123.202000,123.193000,123.194000
1606114500,123.195000,123.201000,123.192000,123.200000
1606114560,123.199000,123.213000,123.198000,123.211000
1606114620,123.212000,123.223000,123.209000,123.219000
1606114680,123.220000,123.220000,123.212000,123.218000
1606114740,123.218000,123.221000,123.218000,123.221000
1606114800,123.222000,123.271000,123.222000,123.264000
1606114860,123.264000,123.268000,123.249000,123.256000
1606114920,123.256000,123.273000,123.256000,123.269000
1606114980,123.268000,123.268000,123.253000,123.256000
1606115040,123.257000,123.262000,123.254000,123.262000
1606115100,123.261000,123.289000,123.260000,123.282000
1606115160,123.282000,123.282000,123.274000,123.276000
1606115220,123.277000,123.285000,123.275000,123.276000
1606115280,123.276000,123.291000,123.267000,123.291000
1606115340,123.291000,123.329000,123.284000,123.315000
1606115400,123.315000,123.335000,123.308000,123.321000
1606115460,123.320000,123.327000,123.312000,123.320000
1606115520,123.320000,123.327000,123.279000,123.281000
1606115580,123.282000,123.297000,123.280000,123.282000
1606115640,123.283000,123.299000,123.277000,123.291000
1606115700,123.291000,123.302000,123.270000,123.273000
1606115760,123.274000,123.301000,123.271000,123.299000
1606115820,123.298000,123.307000,123.293000,123.305000
1606115880,123.303000,123.315000,123.300000,123.315000
1606115940,123.314000,123.317000,123.310000,123.312000
1606116000,123.312000,123.316000,123.309000,123.312000
1606116060,123.312000,123.314000,123.309000,123.309000
1606116120,123.309000,123.309000,123.293000,123.296000
1606116180,123.295000,123.296000,123.284000,123.290000
1606116240,123.290000,123.290000,123.278000,123.282000
1606116300,123.281000,123.301000,123.281000,123.301000
1606116360,123.301000,123.312000,123.293000,123.307000
1606116420,123.306000,123.306000,123.290000,123.291000
1606116480,123.291000,123.314000,123.281000,123.309000
1606116540,123.310000,123.311000,123.289000,123.306000
1606116600,123.304000,123.304000,123.278000,123.282000
1606116660,123.283000,123.290000,123.261000,123.269000
1606116720,123.270000,123.275000,123.246000,123.249000
1606116780,123.248000,123.249000,123.224000,123.224000
1606116840,123.225000,123.231000,123.218000,123.218000
1606116900,123.217000,123.230000,123.216000,123.227000
1606116960,123.227000,123.233000,123.213000,123.216000
1606117020,123.216000,123.227000,123.213000,123.213000
1606117080,123.215000,123.222000,123.210000,123.211000
1606117140,123.211000,123.214000,123.195000,123.202000
1606117200,123.204000,123.216000,123.202000,123.202000
1606117260,123.202000,123.210000,123.198000,123.205000
1606117320,123.204000,123.207000,123.198000,123.201000
1606117380,123.201000,123.210000,123.198000,123.205000
1606117440,123.206000,123.222000,123.202000,123.212000
1606117500,123.212000,123.215000,123.194000,123.196000
1606117560,123.196000,123.207000,123.195000,123.201000
1606117620,123.201000,123.201000,123.189000,123.198000
1606117680,123.198000,123.198000,123.186000,123.191000
1606117740,123.188000,123.208000,123.187000,123.207000
1606117800,123.207000,123.211000,123.205000,123.206000
1606117860,123.203000,123.239000,123.203000,123.238000
1606117920,123.238000,123.248000,123.233000,123.239000
1606117980,123.238000,123.244000,123.234000,123.239000
1606118040,123.238000,123.243000,123.229000,123.229000
1606118100,123.228000,123.237000,123.227000,123.234000
1606118160,123.233000,123.237000,123.213000,123.213000
1606118220,123.212000,123.214000,123.199000,123.204000
1606118280,123.203000,123.213000,123.199000,123.213000
1606118340,123.211000,123.213000,123.200000,123.200000
1606118400,123.201000,123.226000,123.194000,123.199000
1606118460,123.200000,123.205000,123.192000,123.192000
1606118520,123.192000,123.220000,123.190000,123.216000
1606118580,123.216000,123.219000,123.210000,123.216000
1606118640,123.215000,123.215000,123.192000,123.199000
1606118700,123.200000,123.220000,123.196000,123.217000
1606118760,123.215000,123.239000,123.208000,123.237000
1606118820,123.236000,123.238000,123.218000,123.219000
1606118880,123.219000,123.234000,123.219000,123.219000
1606118940,123.216000,123.217000,123.211000,123.215000
1606119000,123.215000,123.263000,123.215000,123.263000
1606119060,123.263000,123.264000,123.231000,123.243000
1606119120,123.244000,123.245000,123.218000,123.218000
1606119180,123.216000,123.219000,123.202000,123.208000
1606119240,123.207000,123.209000,123.190000,123.197000
1606119300,123.197000,123.202000,123.147000,123.147000
1606119360,123.148000,123.169000,123.148000,123.168000
1606119420,123.169000,123.169000,123.138000,123.141000
1606119480,123.142000,123.151000,123.113000,123.129000
1606119540,123.128000,123.128000,123.114000,123.120000
1606119600,123.121000,123.138000,123.121000,123.121000
1606119660,123.121000,123.142000,123.116000,123.126000
1606119720,123.125000,123.145000,123.121000,123.143000
1606119780,123.143000,123.161000,123.139000,123.150000
1606119840,123.150000,123.159000,123.145000,123.157000
1606119900,123.157000,123.158000,123.133000,123.133000
1606119960,123.134000,123.136000,123.107000,123.121000
1606120020,123.120000,123.129000,123.115000,123.123000
1606120080,123.123000,123.127000,123.120000,123.120000
1606120140,123.120000,123.145000,123.119000,123.136000
1606120200,123.140000,123.218000,123.140000,123.218000
1606120260,123.218000,123.229000,123.197000,123.221000
1606120320,123.222000,123.230000,123.207000,123.221000
1606120380,123.219000,123.222000,123.200000,123.222000
1606120440,123.219000,123.232000,123.213000,123.221000
1606120500,123.219000,123.219000,123.193000,123.196000
1606120560,123.194000,123.194000,123.168000,123.188000
1606120620,123.189000,123.197000,123.170000,123.173000
1606120680,123.173000,123.173000,123.142000,123.143000
1606120740,123.143000,123.160000,123.138000,123.152000
1606120800,123.153000,123.153000,123.140000,123.148000
1606120860,123.147000,123.147000,123.132000,123.145000
1606120920,123.145000,123.173000,123.142000,123.166000
1606120980,123.166000,123.170000,123.161000,123.168000
1606121040,123.170000,123.183000,123.168000,123.174000
1606121100,123.174000,123.184000,123.171000,123.184000
1606121160,123.185000,123.190000,123.166000,123.171000
1606121220,123.169000,123.198000,123.168000,123.195000
1606121280,123.194000,123.206000,123.188000,123.195000
1606121340,123.194000,123.213000,123.191000,123.197000
1606121400,123.198000,123.209000,123.189000,123.190000
1606121460,123.190000,123.202000,123.190000,123.199000
1606121520,123.197000,123.223000,123.195000,123.220000
1606121580,123.221000,123.225000,123.209000,123.221000
1606121640,123.221000,123.232000,123.219000,123.229000
1606121700,123.230000,123.244000,123.230000,123.244000
1606121760,123.244000,123.256000,123.232000,123.235000
1606121820,123.236000,123.242000,123.226000,123.242000
1606121880,123.242000,123.254000,123.241000,123.244000
1606121940,123.245000,123.253000,123.236000,123.252000
1606122000,123.257000,123.263000,123.226000,123.238000
1606122060,123.238000,123.245000,123.222000,123.231000
1606122120,123.231000,123.262000,123.222000,123.260000
1606122180,123.257000,123.272000,123.245000,123.245000
1606122240,123.245000,123.245000,123.212000,123.212000
1606122300,123.212000,123.233000,123.211000,123.222000
1606122360,123.224000,123.226000,123.212000,123.216000
1606122420,123.216000,123.227000,123.210000,123.210000
1606122480,123.209000,123.232000,123.208000,123.222000
1606122540,123.221000,123.226000,123.204000,123.210000
1606122600,123.210000,123.215000,123.195000,123.195000
1606122660,123.195000,123.211000,123.193000,123.199000
1606122720,123.198000,123.210000,123.192000,123.197000
1606122780,123.195000,123.215000,123.195000,123.213000
1606122840,123.213000,123.226000,123.213000,123.217000
1606122900,123.218000,123.225000,123.209000,123.210000
1606122960,123.211000,123.230000,123.209000,123.227000
1606123020,123.230000,123.233000,123.214000,123.220000
1606123080,123.219000,123.222000,123.208000,123.214000
1606123140,123.214000,123.220000,123.208000,123.217000
1606123200,123.218000,123.251000,123.208000,123.249000
1606123260,123.251000,123.297000,123.248000,123.287000
1606123320,123.288000,123.290000,123.268000,123.284000
1606123380,123.284000,123.289000,123.275000,123.281000
1606123440,123.283000,123.287000,123.269000,123.284000
1606123500,123.283000,123.285000,123.256000,123.257000
1606123560,123.258000,123.258000,123.244000,123.249000
1606123620,123.248000,123.252000,123.245000,123.250000
1606123680,123.249000,123.260000,123.234000,123.258000
1606123740,123.258000,123.280000,123.258000,123.279000
1606123800,123.278000,123.286000,123.267000,123.277000
1606123860,123.278000,123.286000,123.267000,123.268000
1606123920,123.268000,123.281000,123.262000,123.276000
1606123980,123.275000,123.276000,123.252000,123.254000
1606124040,123.253000,123.257000,123.241000,123.247000
1606124100,123.246000,123.261000,123.245000,123.250000
1606124160,123.251000,123.261000,123.244000,123.256000
1606124220,123.257000,123.265000,123.257000,123.260000
1606124280,123.260000,123.265000,123.249000,123.249000
1606124340,123.248000,123.261000,123.244000,123.254000
1606124400,123.254000,123.255000,123.239000,123.241000
1606124460,123.243000,123.258000,123.240000,123.256000
1606124520,123.255000,123.264000,123.246000,123.247000
1606124580,123.249000,123.292000,123.249000,123.288000
1606124640,123.288000,123.304000,123.283000,123.304000
1606124700,123.304000,123.311000,123.302000,123.310000
1606124760,123.310000,123.322000,123.296000,123.322000
1606124820,123.323000,123.325000,123.310000,123.312000
1606124880,123.309000,123.332000,123.303000,123.322000
1606124940,123.322000,123.324000,123.308000,123.312000
1606125000,123.310000,123.312000,123.305000,123.307000
1606125060,123.309000,123.318000,123.296000,123.317000
1606125120,123.316000,123.316000,123.298000,123.302000
1606125180,123.302000,123.311000,123.302000,123.307000
1606125240,123.307000,123.310000,123.289000,123.291000
1606125300,123.290000,123.305000,123.287000,123.295000
1606125360,123.295000,123.303000,123.293000,123.300000
1606125420,123.300000,123.302000,123.283000,123.284000
1606125480,123.285000,123.287000,123.278000,123.279000
1606125540,123.279000,123.293000,123.275000,123.280000
1606125600,123.280000,123.289000,123.277000,123.280000
1606125660,123.280000,123.283000,123.263000,123.263000
1606125720,123.264000,123.275000,123.264000,123.269000
1606125780,123.269000,123.274000,123.261000,123.264000
1606125840,123.265000,123.276000,123.265000,123.267000
1606125900,123.265000,123.272000,123.260000,123.268000
1606125960,123.268000,123.278000,123.260000,123.276000
1606126020,123.275000,123.278000,123.272000,123.275000
1606126080,123.276000,123.277000,123.270000,123.272000
1606126140,123.271000,123.276000,123.267000,123.270000
1606126200,123.269000,123.271000,123.261000,123.264000
1606126260,123.263000,123.264000,123.253000,123.255000
1606126320,123.256000,123.259000,123.253000,123.259000
1606126380,123.260000,123.267000,123.256000,123.264000
1606126440,123.265000,123.275000,123.265000,123.270000
1606126500,123.269000,123.269000,123.260000,123.266000
1606126560,123.265000,123.271000,123.260000,123.267000
1606126620,123.270000,123.271000,123.262000,123.264000
1606126680,123.266000,123.272000,123.251000,123.260000
1606126740,123.258000,123.271000,123.241000,123.253000
1606126800,123.253000,123.253000,123.220000,123.223000
1606126860,123.224000,123.241000,123.224000,123.235000
1606126920,123.234000,123.235000,123.219000,123.225000
1606126980,123.225000,123.225000,123.182000,123.195000
1606127040,123.193000,123.211000,123.189000,123.209000
1606127100,123.211000,123.222000,123.206000,123.220000
1606127160,123.220000,123.230000,123.218000,123.226000
1606127220,123.225000,123.231000,123.221000,123.231000
1606127280,123.232000,123.238000,123.223000,123.228000
1606127340,123.229000,123.230000,123.221000,123.225000
1606127400,123.225000,123.228000,123.201000,123.213000
1606127460,123.213000,123.230000,123.211000,123.222000
1606127520,123.222000,123.223000,123.210000,123.210000
1606127580,123.209000,123.212000,123.198000,123.198000
1606127640,123.199000,123.209000,123.189000,123.189000
1606127700,123.192000,123.211000,123.192000,123.209000
1606127760,123.209000,123.221000,123.205000,123.210000
1606127820,123.211000,123.232000,123.209000,123.230000
1606127880,123.229000,123.230000,123.218000,123.219000
1606127940,123.218000,123.220000,123.213000,123.216000
1606128000,123.216000,123.218000,123.208000,123.218000
1606128060,123.217000,123.243000,123.217000,123.237000
1606128120,123.237000,123.239000,123.219000,123.220000
1606128180,123.219000,123.219000,123.199000,123.203000
1606128240,123.202000,123.210000,123.202000,123.207000
1606128300,123.207000,123.224000,123.206000,123.222000
1606128360,123.221000,123.221000,123.209000,123.212000
1606128420,123.211000,123.234000,123.210000,123.233000
1606128480,123.231000,123.235000,123.220000,123.235000
1606128540,123.235000,123.241000,123.232000,123.241000
1606128600,123.240000,123.241000,123.224000,123.238000
1606128660,123.239000,123.251000,123.232000,123.245000
1606128720,123.246000,123.263000,123.246000,123.255000
1606128780,123.254000,123.262000,123.251000,123.257000
1606128840,123.256000,123.259000,123.245000,123.252000
1606128900,123.252000,123.269000,123.248000,123.263000
1606128960,123.264000,123.268000,123.256000,123.264000
1606129020,123.266000,123.276000,123.260000,123.267000
1606129080,123.270000,123.371000,123.270000,123.358000
1606129140,123.361000,123.366000,123.338000,123.350000
1606129200,123.351000,123.362000,123.332000,123.333000
1606129260,123.333000,123.338000,123.312000,123.322000
1606129320,123.322000,123.346000,123.322000,123.338000
1606129380,123.337000,123.345000,123.337000,123.339000
1606129440,123.339000,123.349000,123.331000,123.338000
1606129500,123.338000,123.358000,123.336000,123.358000
1606129560,123.359000,123.373000,123.359000,123.372000
1606129620,123.371000,123.383000,123.371000,123.375000
1606129680,123.376000,123.383000,123.374000,123.378000
1606129740,123.379000,123.409000,123.378000,123.383000
1606129800,123.383000,123.404000,123.383000,123.386000
1606129860,123.387000,123.392000,123.381000,123.382000
1606129920,123.382000,123.408000,123.375000,123.408000
1606129980,123.408000,123.429000,123.407000,123.424000
1606130040,123.423000,123.448000,123.423000,123.444000
1606130100,123.443000,123.474000,123.443000,123.460000
1606130160,123.460000,123.465000,123.452000,123.458000
1606130220,123.457000,123.457000,123.437000,123.448000
1606130280,123.449000,123.453000,123.435000,123.453000
1606130340,123.454000,123.458000,123.448000,123.448000
1606130400,123.449000,123.467000,123.447000,123.460000
1606130460,123.459000,123.461000,123.449000,123.457000
1606130520,123.456000,123.459000,123.439000,123.440000
1606130580,123.439000,123.443000,123.435000,123.440000
1606130640,123.441000,123.444000,123.432000,123.433000
1606130700,123.433000,123.433000,123.410000,123.414000
1606130760,123.411000,123.414000,123.391000,123.391000
1606130820,123.390000,123.416000,123.388000,123.416000
1606130880,123.414000,123.419000,123.401000,123.419000
1606130940,123.417000,123.430000,123.416000,123.430000
1606131000,123.430000,123.450000,123.429000,123.447000
1606131060,123.444000,123.456000,123.438000,123.454000
1606131120,123.453000,123.453000,123.419000,123.421000
1606131180,123.422000,123.434000,123.421000,123.434000
1606131240,123.434000,123.443000,123.425000,123.430000
1606131300,123.430000,123.456000,123.430000,123.451000
1606131360,123.451000,123.455000,123.447000,123.449000
1606131420,123.450000,123.453000,123.441000,123.446000
1606131480,123.446000,123.446000,123.435000,123.436000
1606131540,123.435000,123.436000,123.421000,123.433000
1606131600,123.434000,123.441000,123.431000,123.432000
1606131660,123.431000,123.434000,123.428000,123.429000
1606131720,123.428000,123.437000,123.418000,123.437000
1606131780,123.437000,123.440000,123.431000,123.435000
1606131840,123.434000,123.434000,123.408000,123.408000
1606131900,123.409000,123.447000,123.409000,123.446000
1606131960,123.446000,123.446000,123.435000,123.437000
1606132020,123.437000,123.438000,123.428000,123.432000
1606132080,123.432000,123.432000,123.415000,123.420000
1606132140,123.421000,123.426000,123.413000,123.416000
1606132200,123.418000,123.434000,123.418000,123.423000
1606132260,123.423000,123.433000,123.421000,123.431000
1606132320,123.432000,123.451000,123.425000,123.451000
1606132380,123.452000,123.456000,123.437000,123.437000
1606132440,123.439000,123.440000,123.428000,123.429000
1606132500,123.431000,123.435000,123.421000,123.424000
1606132560,123.425000,123.429000,123.417000,123.427000
1606132620,123.427000,123.447000,123.427000,123.446000
1606132680,123.445000,123.459000,123.440000,123.455000
1606132740,123.454000,123.464000,123.452000,123.454000
1606132800,123.455000,123.468000,123.442000,123.443000
1606132860,123.443000,123.457000,123.438000,123.438000
1606132920,123.438000,123.449000,123.433000,123.433000
1606132980,123.435000,123.456000,123.434000,123.444000
1606133040,123.443000,123.444000,123.437000,123.440000
1606133100,123.440000,123.452000,123.439000,123.448000
1606133160,123.449000,123.455000,123.435000,123.437000
1606133220,123.438000,123.448000,123.431000,123.438000
1606133280,123.438000,123.444000,123.421000,123.426000
1606133340,123.425000,123.435000,123.414000,123.415000
1606133400,123.414000,123.429000,123.412000,123.424000
1606133460,123.425000,123.432000,123.418000,123.421000
1606133520,123.421000,123.429000,123.420000,123.424000
1606133580,123.424000,123.428000,123.421000,123.424000
1606133640,123.424000,123.427000,123.418000,123.419000
1606133700,123.418000,123.425000,123.409000,123.416000
1606133760,123.416000,123.423000,123.416000,123.421000
1606133820,123.422000,123.424000,123.412000,123.412000
1606133880,123.412000,123.415000,123.411000,123.413000
1606133940,123.414000,123.424000,123.413000,123.421000
1606134000,123.420000,123.428000,123.419000,123.420000
1606134060,123.420000,123.427000,123.419000,123.424000
1606134120,123.425000,123.428000,123.421000,123.427000
1606134180,123.427000,123.439000,123.424000,123.439000
1606134240,123.438000,123.460000,123.438000,123.456000
1606134300,123.457000,123.471000,123.457000,123.464000
1606134360,123.468000,123.483000,123.468000,123.472000
1606134420,123.474000,123.488000,123.473000,123.486000
1606134480,123.485000,123.495000,123.485000,123.493000
1606134540,123.494000,123.496000,123.475000,123.475000
1606134600,123.476000,123.478000,123.464000,123.472000
1606134660,123.471000,123.473000,123.454000,123.454000
1606134720,123.454000,123.468000,123.453000,123.467000
1606134780,123.467000,123.479000,123.467000,123.475000
1606134840,123.475000,123.475000,123.465000,123.467000
1606134900,123.466000,123.469000,123.458000,123.458000
1606134960,123.458000,123.462000,123.446000,123.448000
1606135020,123.449000,123.457000,123.447000,123.453000
1606135080,123.453000,123.458000,123.441000,123.441000
1606135140,123.441000,123.466000,123.440000,123.459000
1606135200,123.459000,123.476000,123.459000,123.473000
1606135260,123.474000,123.481000,123.468000,123.469000
1606135320,123.469000,123.472000,123.452000,123.467000
1606135380,123.468000,123.468000,123.455000,123.467000
1606135440,123.468000,123.471000,123.455000,123.471000
1606135500,123.470000,123.471000,123.455000,123.462000
1606135560,123.463000,123.468000,123.460000,123.460000
1606135620,123.460000,123.460000,123.442000,123.443000
1606135680,123.442000,123.445000,123.423000,123.424000
1606135740,123.425000,123.437000,123.425000,123.433000
1606135800,123.434000,123.452000,123.434000,123.444000
1606135860,123.445000,123.446000,123.430000,123.431000
1606135920,123.431000,123.437000,123.430000,123.430000
1606135980,123.431000,123.441000,123.431000,123.439000
1606136040,123.439000,123.441000,123.414000,123.420000
1606136100,123.420000,123.451000,123.419000,123.449000
1606136160,123.450000,123.462000,123.450000,123.456000
1606136220,123.456000,123.467000,123.455000,123.461000
1606136280,123.461000,123.461000,123.438000,123.444000
1606136340,123.445000,123.452000,123.444000,123.447000
1606136400,123.447000,123.462000,123.437000,123.449000
1606136460,123.448000,123.457000,123.441000,123.447000
1606136520,123.447000,123.469000,123.447000,123.458000
1606136580,123.458000,123.467000,123.456000,123.457000
1606136640,123.457000,123.471000,123.454000,123.455000
1606136700,123.455000,123.462000,123.454000,123.460000
1606136760,123.458000,123.482000,123.457000,123.466000
1606136820,123.466000,123.470000,123.461000,123.463000
1606136880,123.463000,123.463000,123.443000,123.448000
1606136940,123.448000,123.477000,123.448000,123.475000
1606137000,123.475000,123.478000,123.466000,123.477000
1606137060,123.476000,123.480000,123.442000,123.447000
1606137120,123.447000,123.461000,123.445000,123.455000
1606137180,123.455000,123.464000,123.452000,123.458000
1606137240,123.460000,123.463000,123.448000,123.462000
1606137300,123.462000,123.473000,123.454000,123.455000
1606137360,123.456000,123.484000,123.456000,123.470000
1606137420,123.469000,123.469000,123.441000,123.441000
1606137480,123.443000,123.447000,123.429000,123.447000
1606137540,123.446000,123.456000,123.440000,123.454000
1606137600,123.454000,123.463000,123.453000,123.460000
1606137660,123.460000,123.462000,123.452000,123.454000
1606137720,123.453000,123.460000,123.447000,123.450000
1606137780,123.451000,123.464000,123.446000,123.456000
1606137840,123.456000,123.462000,123.453000,123.455000
1606137900,123.456000,123.472000,123.448000,123.457000
1606137960,123.456000,123.464000,123.449000,123.454000
1606138020,123.452000,123.460000,123.439000,123.443000
1606138080,123.443000,123.458000,123.439000,123.449000
1606138140,123.450000,123.468000,123.450000,123.467000
1606138200,123.466000,123.467000,123.445000,123.449000
1606138260,123.449000,123.450000,123.444000,123.448000
1606138320,123.447000,123.453000,123.424000,123.428000
1606138380,123.426000,123.432000,123.410000,123.411000
1606138440,123.412000,123.423000,123.407000,123.420000
1606138500,123.420000,123.420000,123.408000,123.409000
1606138560,123.411000,123.421000,123.410000,123.412000
1606138620,123.411000,123.420000,123.402000,123.419000
1606138680,123.419000,123.422000,123.409000,123.417000
1606138740,123.417000,123.420000,123.406000,123.407000
1606138800,123.406000,123.408000,123.395000,123.397000
1606138860,123.398000,123.404000,123.382000,123.384000
1606138920,123.386000,123.394000,123.346000,123.383000
1606138980,123.382000,123.429000,123.360000,123.420000
1606139040,123.420000,123.421000,123.401000,123.407000
1606139100,123.409000,123.419000,123.392000,123.405000
1606139160,123.405000,123.424000,123.405000,123.407000
1606139220,123.408000,123.413000,123.390000,123.397000
1606139280,123.396000,123.402000,123.392000,123.402000
1606139340,123.402000,123.410000,123.401000,123.408000
1606139400,123.409000,123.418000,123.400000,123.405000
1606139460,123.404000,123.405000,123.386000,123.387000
1606139520,123.387000,123.404000,123.385000,123.397000
1606139580,123.399000,123.402000,123.390000,123.397000
1606139640,123.398000,123.403000,123.397000,123.398000
1606139700,123.399000,123.427000,123.389000,123.426000
1606139760,123.426000,123.428000,123.413000,123.418000
1606139820,123.419000,123.419000,123.410000,123.413000
1606139880,123.413000,123.421000,123.409000,123.418000
1606139940,123.420000,123.423000,123.413000,123.420000
1606140000,123.420000,123.422000,123.411000,123.419000
1606140060,123.417000,123.418000,123.406000,123.408000
1606140120,123.408000,123.409000,123.391000,123.399000
1606140180,123.398000,123.415000,123.398000,123.406000
1606140240,123.408000,123.413000,123.396000,123.406000
1606140300,123.405000,123.406000,123.379000,123.379000
1606140360,123.380000,123.380000,123.371000,123.371000
1606140420,123.370000,123.379000,123.369000,123.377000
1606140480,123.377000,123.391000,123.368000,123.391000
1606140540,123.390000,123.393000,123.379000,123.380000
1606140600,123.379000,123.379000,123.371000,123.376000
1606140660,123.375000,123.385000,123.374000,123.385000
1606140720,123.384000,123.386000,123.376000,123.377000
1606140780,123.374000,123.398000,123.370000,123.392000
1606140840,123.393000,123.394000,123.385000,123.386000
1606140900,123.387000,123.416000,123.387000,123.404000
1606140960,123.404000,123.405000,123.385000,123.389000
1606141020,123.388000,123.404000,123.385000,123.403000
1606141080,123.403000,123.405000,123.396000,123.399000
1606141140,123.398000,123.408000,123.391000,123.403000
1606141200,123.403000,123.404000,123.396000,123.398000
1606141260,123.398000,123.399000,123.387000,123.388000
1606141320,123.388000,123.394000,123.383000,123.387000
1606141380,123.388000,123.397000,123.384000,123.392000
1606141440,123.392000,123.402000,123.388000,123.391000
1606141500,123.391000,123.392000,123.378000,123.391000
1606141560,123.393000,123.401000,123.389000,123.389000
1606141620,123.391000,123.396000,123.378000,123.378000
1606141680,123.378000,123.404000,123.370000,123.390000
1606141740,123.391000,123.397000,123.387000,123.395000
1606141800,123.398000,123.421000,123.398000,123.408000
1606141860,123.410000,123.420000,123.401000,123.409000
1606141920,123.409000,123.416000,123.404000,123.406000
1606141980,123.406000,123.409000,123.388000,123.393000
1606142040,123.393000,123.405000,123.391000,123.396000
1606142100,123.395000,123.404000,123.388000,123.404000
1606142160,123.404000,123.409000,123.397000,123.404000
1606142220,123.404000,123.412000,123.402000,123.404000
1606142280,123.406000,123.414000,123.402000,123.414000
1606142340,123.414000,123.420000,123.404000,123.407000
1606142400,123.407000,123.411000,123.404000,123.408000
1606142460,123.408000,123.415000,123.399000,123.415000
1606142520,123.415000,123.421000,123.412000,123.418000
1606142580,123.418000,123.431000,123.414000,123.420000
1606142640,123.418000,123.430000,123.405000,123.406000
1606142700,123.407000,123.470000,123.404000,123.449000
1606142760,123.449000,123.461000,123.405000,123.425000
1606142820,123.427000,123.466000,123.425000,123.465000
1606142880,123.465000,123.531000,123.465000,123.508000
1606142940,123.508000,123.558000,123.471000,123.493000
1606143000,123.495000,123.508000,123.481000,123.486000
1606143060,123.486000,123.518000,123.481000,123.509000
1606143120,123.509000,123.525000,123.485000,123.502000
1606143180,123.502000,123.514000,123.472000,123.478000
1606143240,123.478000,123.478000,123.446000,123.446000
1606143300,123.446000,123.487000,123.446000,123.483000
1606143360,123.483000,123.509000,123.478000,123.492000
1606143420,123.496000,123.541000,123.489000,123.512000
1606143480,123.511000,123.525000,123.492000,123.509000
1606143540,123.509000,123.509000,123.471000,123.484000
1606143600,123.483000,123.504000,123.455000,123.458000
1606143660,123.458000,123.463000,123.379000,123.385000
1606143720,123.386000,123.408000,123.366000,123.408000
1606143780,123.407000,123.440000,123.401000,123.406000
1606143840,123.407000,123.413000,123.360000,123.378000
1606143900,123.378000,123.397000,123.359000,123.362000
1606143960,123.363000,123.377000,123.339000,123.345000
1606144020,123.344000,123.348000,123.298000,123.305000
1606144080,123.304000,123.337000,123.304000,123.333000
1606144140,123.333000,123.340000,123.305000,123.332000
1606144200,123.332000,123.339000,123.294000,123.302000
1606144260,123.302000,123.343000,123.298000,123.318000
1606144320,123.319000,123.321000,123.251000,123.267000
1606144380,123.267000,123.307000,123.262000,123.301000
1606144440,123.302000,123.302000,123.261000,123.276000
1606144500,123.277000,123.288000,123.251000,123.276000
1606144560,123.277000,123.301000,123.274000,123.297000
1606144620,123.297000,123.303000,123.260000,123.286000
1606144680,123.286000,123.296000,123.264000,123.272000
1606144740,123.271000,123.309000,123.258000,123.309000
1606144800,123.312000,123.315000,123.257000,123.270000
1606144860,123.273000,123.293000,123.269000,123.285000
1606144920,123.285000,123.302000,123.266000,123.276000
1606144980,123.276000,123.296000,123.272000,123.281000
1606145040,123.282000,123.282000,123.262000,123.277000
1606145100,123.276000,123.278000,123.242000,123.246000
1606145160,123.244000,123.247000,123.214000,123.236000
1606145220,123.235000,123.261000,123.235000,123.241000
1606145280,123.241000,123.242000,123.214000,123.219000
1606145340,123.220000,123.276000,123.220000,123.259000
1606145400,123.261000,123.284000,123.254000,123.262000
1606145460,123.264000,123.287000,123.255000,123.270000
1606145520,123.272000,123.298000,123.262000,123.280000
1606145580,123.281000,123.293000,123.269000,123.279000
1606145640,123.279000,123.284000,123.268000,123.271000
1606145700,123.270000,123.290000,123.261000,123.262000
1606145760,123.263000,123.283000,123.251000,123.282000
1606145820,123.282000,123.307000,123.274000,123.303000
1606145880,123.303000,123.335000,123.303000,123.313000
1606145940,123.314000,123.336000,123.312000,123.314000
1606146000,123.315000,123.315000,123.300000,123.305000
1606146060,123.304000,123.315000,123.300000,123.309000
1606146120,123.309000,123.325000,123.296000,123.305000
1606146180,123.306000,123.325000,123.297000,123.301000
1606146240,123.302000,123.324000,123.291000,123.317000
1606146300,123.317000,123.322000,123.299000,123.310000
1606146360,123.308000,123.327000,123.303000,123.320000
1606146420,123.319000,123.334000,123.277000,123.284000
1606146480,123.284000,123.293000,123.276000,123.283000
1606146540,123.283000,123.292000,123.278000,123.287000
1606146600,123.288000,123.324000,123.288000,123.314000
1606146660,123.316000,123.316000,123.275000,123.299000
1606146720,123.299000,123.329000,123.299000,123.310000
1606146780,123.314000,123.342000,123.312000,123.332000
1606146840,123.334000,123.343000,123.317000,123.339000
1606146900,123.340000,123.411000,123.329000,123.403000
1606146960,123.408000,123.428000,123.384000,123.425000
1606147020,123.424000,123.444000,123.410000,123.424000
1606147080,123.424000,123.472000,123.405000,123.464000
1606147140,123.466000,123.486000,123.428000,123.464000
1606147200,123.463000,123.488000,123.437000,123.488000
1606147260,123.489000,123.553000,123.487000,123.539000
1606147320,123.539000,123.549000,123.475000,123.476000
1606147380,123.475000,123.475000,123.439000,123.457000
1606147440,123.458000,123.461000,123.438000,123.445000
1606147500,123.445000,123.513000,123.443000,123.500000
1606147560,123.500000,123.557000,123.489000,123.517000
1606147620,123.515000,123.530000,123.512000,123.514000
1606147680,123.513000,123.537000,123.490000,123.520000
1606147740,123.522000,123.535000,123.498000,123.508000
1606147800,123.507000,123.519000,123.492000,123.500000
1606147860,123.500000,123.512000,123.455000,123.486000
1606147920,123.486000,123.516000,123.478000,123.514000
1606147980,123.512000,123.542000,123.474000,123.493000
1606148040,123.491000,123.494000,123.458000,123.460000
1606148100,123.462000,123.491000,123.452000,123.489000
1606148160,123.488000,123.496000,123.473000,123.475000
1606148220,123.475000,123.492000,123.463000,123.484000
1606148280,123.483000,123.511000,123.477000,123.482000
1606148340,123.481000,123.504000,123.478000,123.492000
1606148400,123.491000,123.503000,123.488000,123.491000
1606148460,123.491000,123.535000,123.490000,123.535000
1606148520,123.535000,123.535000,123.492000,123.493000
1606148580,123.493000,123.514000,123.472000,123.512000
1606148640,123.511000,123.515000,123.479000,123.496000
1606148700,123.496000,123.499000,123.474000,123.496000
1606148760,123.496000,123.518000,123.487000,123.518000
1606148820,123.517000,123.529000,123.510000,123.518000
1606148880,123.520000,123.530000,123.518000,123.526000
1606148940,123.527000,123.552000,123.525000,123.552000
1606149000,123.552000,123.559000,123.524000,123.532000
1606149060,123.532000,123.545000,123.527000,123.543000
1606149120,123.545000,123.574000,123.544000,123.571000
1606149180,123.568000,123.582000,123.563000,123.567000
1606149240,123.566000,123.566000,123.540000,123.555000
1606149300,123.555000,123.567000,123.553000,123.554000
1606149360,123.555000,123.566000,123.544000,123.561000
1606149420,123.559000,123.569000,123.551000,123.560000
1606149480,123.560000,123.573000,123.554000,123.562000
1606149540,123.561000,123.565000,123.526000,123.529000
1606149600,123.528000,123.540000,123.527000,123.539000
1606149660,123.540000,123.541000,123.517000,123.531000
1606149720,123.530000,123.533000,123.519000,123.530000
1606149780,123.531000,123.532000,123.515000,123.521000
1606149840,123.520000,123.538000,123.515000,123.519000
1606149900,123.518000,123.518000,123.494000,123.504000
1606149960,123.507000,123.509000,123.489000,123.494000
1606150020,123.498000,123.512000,123.496000,123.509000
1606150080,123.509000,123.511000,123.492000,123.494000
1606150140,123.497000,123.503000,123.487000,123.491000
1606150200,123.494000,123.502000,123.477000,123.492000
1606150260,123.492000,123.539000,123.491000,123.510000
1606150320,123.509000,123.509000,123.490000,123.494000
1606150380,123.495000,123.507000,123.493000,123.494000
1606150440,123.496000,123.505000,123.486000,123.498000
1606150500,123.499000,123.499000,123.478000,123.490000
1606150560,123.489000,123.501000,123.489000,123.500000
1606150620,123.499000,123.506000,123.488000,123.506000
1606150680,123.507000,123.507000,123.492000,123.494000
1606150740,123.495000,123.497000,123.476000,123.478000
1606150800,123.483000,123.501000,123.473000,123.496000
1606150860,123.496000,123.508000,123.488000,123.505000
1606150920,123.505000,123.525000,123.501000,123.521000
1606150980,123.521000,123.523000,123.493000,123.508000
1606151040,123.508000,123.517000,123.496000,123.500000
1606151100,123.500000,123.512000,123.500000,123.508000
1606151160,123.511000,123.525000,123.506000,123.525000
1606151220,123.525000,123.531000,123.520000,123.520000
1606151280,123.520000,123.521000,123.510000,123.510000
1606151340,123.510000,123.518000,123.493000,123.500000
1606151400,123.506000,123.507000,123.480000,123.485000
1606151460,123.485000,123.496000,123.480000,123.492000
1606151520,123.494000,123.503000,123.492000,123.500000
1606151580,123.499000,123.511000,123.489000,123.491000
1606151640,123.491000,123.497000,123.487000,123.493000
1606151700,123.495000,123.495000,123.473000,123.473000
1606151760,123.475000,123.480000,123.464000,123.465000
1606151820,123.465000,123.478000,123.464000,123.477000
1606151880,123.477000,123.479000,123.460000,123.463000
1606151940,123.464000,123.475000,123.464000,123.469000
1606152000,123.469000,123.473000,123.462000,123.464000
1606152060,123.464000,123.476000,123.460000,123.476000
1606152120,123.475000,123.487000,123.473000,123.481000
1606152180,123.481000,123.488000,123.468000,123.483000
1606152240,123.483000,123.483000,123.464000,123.474000
1606152300,123.475000,123.479000,123.447000,123.450000
1606152360,123.450000,123.451000,123.440000,123.451000
1606152420,123.449000,123.463000,123.444000,123.455000
1606152480,123.453000,123.458000,123.438000,123.438000
1606152540,123.438000,123.443000,123.417000,123.424000
1606152600,123.422000,123.431000,123.417000,123.426000
1606152660,123.424000,123.453000,123.420000,123.444000
1606152720,123.444000,123.446000,123.425000,123.426000
1606152780,123.428000,123.438000,123.427000,123.435000
1606152840,123.437000,123.440000,123.430000,123.437000
1606152900,123.438000,123.450000,123.438000,123.443000
1606152960,123.440000,123.443000,123.437000,123.439000
1606153020,123.441000,123.441000,123.425000,123.430000
1606153080,123.429000,123.441000,123.427000,123.441000
1606153140,123.440000,123.468000,123.438000,123.468000
1606153200,123.467000,123.487000,123.455000,123.476000
1606153260,123.476000,123.476000,123.461000,123.466000
1606153320,123.465000,123.485000,123.461000,123.478000
1606153380,123.477000,123.488000,123.469000,123.488000
1606153440,123.490000,123.501000,123.489000,123.492000
1606153500,123.492000,123.493000,123.481000,123.492000
1606153560,123.494000,123.498000,123.488000,123.496000
1606153620,123.496000,123.509000,123.494000,123.509000
1606153680,123.508000,123.531000,123.508000,123.518000
1606153740,123.520000,123.525000,123.516000,123.524000
1606153800,123.523000,123.544000,123.517000,123.540000
1606153860,123.542000,123.548000,123.538000,123.540000
1606153920,123.541000,123.546000,123.539000,123.543000
1606153980,123.543000,123.549000,123.543000,123.546000
1606154040,123.546000,123.565000,123.545000,123.562000
1606154100,123.564000,123.564000,123.539000,123.543000
1606154160,123.543000,123.543000,123.531000,123.537000
1606154220,123.538000,123.546000,123.534000,123.543000
1606154280,123.545000,123.549000,123.540000,123.547000
1606154340,123.547000,123.551000,123.544000,123.550000
1606154400,123.550000,123.555000,123.549000,123.553000
1606154460,123.552000,123.568000,123.552000,123.565000
1606154520,123.564000,123.568000,123.554000,123.554000
1606154580,123.555000,123.566000,123.553000,123.559000
1606154640,123.559000,123.568000,123.551000,123.552000
1606154700,123.552000,123.562000,123.548000,123.549000
1606154760,123.548000,123.554000,123.536000,123.541000
1606154820,123.539000,123.552000,123.539000,123.549000
1606154880,123.550000,123.560000,123.545000,123.545000
1606154940,123.546000,123.547000,123.539000,123.542000
1606155000,123.541000,123.541000,123.527000,123.528000
1606155060,123.530000,123.531000,123.525000,123.527000
1606155120,123.528000,123.544000,123.524000,123.544000
1606155180,123.545000,123.549000,123.540000,123.543000
1606155240,123.544000,123.560000,123.543000,123.555000
1606155300,123.554000,123.555000,123.544000,123.550000
1606155360,123.550000,123.571000,123.547000,123.571000
1606155420,123.569000,123.572000,123.565000,123.565000
1606155480,123.564000,123.566000,123.558000,123.560000
1606155540,123.560000,123.560000,123.556000,123.558000
1606155600,123.557000,123.562000,123.547000,123.554000
1606155660,123.554000,123.558000,123.546000,123.553000
1606155720,123.554000,123.560000,123.542000,123.543000
1606155780,123.541000,123.550000,123.541000,123.546000
1606155840,123.545000,123.546000,123.534000,123.538000
1606155900,123.536000,123.545000,123.535000,123.542000
1606155960,123.542000,123.553000,123.538000,123.553000
1606156020,123.551000,123.576000,123.547000,123.576000
1606156080,123.575000,123.580000,123.566000,123.570000
1606156140,123.572000,123.581000,123.568000,123.581000
1606156200,123.583000,123.595000,123.582000,123.593000
1606156260,123.592000,123.612000,123.592000,123.600000
1606156320,123.599000,123.607000,123.593000,123.606000
1606156380,123.605000,123.622000,123.604000,123.622000
1606156440,123.621000,123.628000,123.615000,123.624000
1606156500,123.622000,123.641000,123.615000,123.625000
1606156560,123.625000,123.627000,123.619000,123.626000
1606156620,123.630000,123.644000,123.630000,123.639000
1606156680,123.639000,123.651000,123.639000,123.646000
1606156740,123.647000,123.649000,123.637000,123.645000
1606156800,123.643000,123.649000,123.642000,123.648000
1606156860,123.648000,123.649000,123.641000,123.645000
1606156920,123.645000,123.651000,123.643000,123.644000
1606156980,123.645000,123.662000,123.644000,123.657000
1606157040,123.656000,123.664000,123.646000,123.664000
1606157100,123.662000,123.663000,123.643000,123.655000
1606157160,123.655000,123.659000,123.648000,123.653000
1606157220,123.653000,123.659000,123.645000,123.659000
1606157280,123.657000,123.658000,123.649000,123.654000
1606157340,123.654000,123.658000,123.646000,123.648000
1606157400,123.647000,123.647000,123.639000,123.643000
1606157460,123.643000,123.644000,123.640000,123.643000
1606157520,123.641000,123.651000,123.641000,123.651000
1606157580,123.651000,123.655000,123.645000,123.648000
1606157640,123.648000,123.666000,123.648000,123.666000
1606157700,123.664000,123.667000,123.651000,123.664000
1606157760,123.664000,123.686000,123.661000,123.676000
1606157820,123.673000,123.675000,123.668000,123.668000
1606157880,123.669000,123.670000,123.666000,123.668000
1606157940,123.668000,123.678000,123.668000,123.669000
1606158000,123.670000,123.670000,123.656000,123.668000
1606158060,123.667000,123.674000,123.663000,123.674000
1606158120,123.674000,123.698000,123.674000,123.689000
1606158180,123.689000,123.695000,123.682000,123.694000
1606158240,123.694000,123.694000,123.683000,123.688000
1606158300,123.688000,123.707000,123.684000,123.684000
1606158360,123.685000,123.690000,123.681000,123.686000
1606158420,123.688000,123.715000,123.684000,123.713000
1606158480,123.712000,123.722000,123.712000,123.721000
1606158540,123.719000,123.726000,123.701000,123.707000
1606158600,123.707000,123.709000,123.696000,123.696000
1606158660,123.697000,123.703000,123.695000,123.697000
1606158720,123.696000,123.705000,123.689000,123.691000
1606158780,123.689000,123.703000,123.689000,123.701000
1606158840,123.700000,123.710000,123.696000,123.696000
1606158900,123.697000,123.699000,123.685000,123.685000
1606158960,123.686000,123.699000,123.685000,123.697000
1606159020,123.697000,123.713000,123.690000,123.700000
1606159080,123.702000,123.719000,123.702000,123.717000
1606159140,123.714000,123.720000,123.708000,123.715000
1606159200,123.716000,123.718000,123.698000,123.699000
1606159260,123.698000,123.713000,123.698000,123.704000
1606159320,123.704000,123.706000,123.698000,123.700000
1606159380,123.700000,123.701000,123.688000,123.690000
1606159440,123.691000,123.692000,123.684000,123.688000
1606159500,123.688000,123.695000,123.688000,123.694000
1606159560,123.694000,123.702000,123.692000,123.698000
1606159620,123.701000,123.707000,123.698000,123.706000
1606159680,123.705000,123.712000,123.705000,123.707000
1606159740,123.708000,123.723000,123.706000,123.723000
1606159800,123.722000,123.722000,123.710000,123.720000
1606159860,123.720000,123.723000,123.717000,123.718000
1606159920,123.718000,123.731000,123.718000,123.731000
1606159980,123.731000,123.735000,123.726000,123.728000
1606160040,123.729000,123.733000,123.718000,123.731000
1606160100,123.731000,123.734000,123.727000,123.734000
1606160160,123.733000,123.733000,123.725000,123.730000
1606160220,123.728000,123.732000,123.722000,123.725000
1606160280,123.725000,123.729000,123.713000,123.722000
1606160340,123.723000,123.744000,123.722000,123.744000
1606160400,123.743000,123.744000,123.734000,123.734000
1606160460,123.733000,123.754000,123.729000,123.754000
1606160520,123.754000,123.776000,123.754000,123.771000
1606160580,123.770000,123.771000,123.761000,123.763000
1606160640,123.762000,123.773000,123.762000,123.772000
1606160700,123.771000,123.771000,123.753000,123.753000
1606160760,123.756000,123.760000,123.745000,123.752000
1606160820,123.751000,123.756000,123.749000,123.750000
1606160880,123.751000,123.755000,123.749000,123.750000
1606160940,123.749000,123.752000,123.748000,123.748000
1606161000,123.749000,123.752000,123.740000,123.741000
1606161060,123.740000,123.757000,123.739000,123.752000
1606161120,123.753000,123.764000,123.752000,123.757000
1606161180,123.759000,123.773000,123.755000,123.756000
1606161240,123.755000,123.757000,123.736000,123.736000
1606161300,123.737000,123.758000,123.736000,123.756000
1606161360,123.756000,123.769000,123.748000,123.766000
1606161420,123.764000,123.767000,123.748000,123.764000
1606161480,123.764000,123.765000,123.742000,123.742000
1606161540,123.742000,123.748000,123.738000,123.738000
1606161600,123.739000,123.757000,123.730000,123.757000
1606161660,123.758000,123.758000,123.740000,123.741000
1606161720,123.741000,123.752000,123.741000,123.747000
1606161780,123.748000,123.750000,123.734000,123.746000
1606161840,123.747000,123.761000,123.747000,123.756000
1606161900,123.758000,123.772000,123.757000,123.759000
1606161960,123.759000,123.766000,123.754000,123.760000
1606162020,123.762000,123.767000,123.756000,123.756000
1606162080,123.757000,123.772000,123.752000,123.765000
1606162140,123.765000,123.766000,123.756000,123.764000
1606162200,123.763000,123.763000,123.751000,123.751000
1606162260,123.753000,123.754000,123.739000,123.739000
1606162320,123.738000,123.742000,123.736000,123.742000
1606162380,123.739000,123.740000,123.732000,123.740000
1606162440,123.739000,123.741000,123.734000,123.738000
1606162500,123.738000,123.738000,123.731000,123.736000
1606162560,123.736000,123.739000,123.733000,123.736000
1606162620,123.735000,123.738000,123.725000,123.729000
1606162680,123.729000,123.741000,123.729000,123.738000
1606162740,123.738000,123.745000,123.734000,123.738000
1606162800,123.739000,123.744000,123.738000,123.744000
1606162860,123.743000,123.743000,123.721000,123.721000
1606162920,123.721000,123.726000,123.721000,123.725000
1606162980,123.725000,123.728000,123.724000,123.725000
1606163040,123.725000,123.736000,123.724000,123.733000
1606163100,123.734000,123.748000,123.733000,123.736000
1606163160,123.737000,123.741000,123.733000,123.740000
1606163220,123.742000,123.742000,123.721000,123.722000
1606163280,123.722000,123.726000,123.720000,123.723000
1606163340,123.720000,123.725000,123.720000,123.723000
1606163400,123.725000,123.725000,123.703000,123.716000
1606163460,123.716000,123.728000,123.715000,123.725000
1606163520,123.723000,123.727000,123.714000,123.726000
1606163580,123.726000,123.740000,123.723000,123.740000
1606163640,123.739000,123.739000,123.725000,123.726000
1606163700,123.727000,123.728000,123.721000,123.726000
1606163760,123.727000,123.727000,123.720000,123.725000
1606163820,123.725000,123.744000,123.721000,123.734000
1606163880,123.732000,123.746000,123.729000,123.745000
1606163940,123.742000,123.744000,123.736000,123.743000
1606164000,123.744000,123.749000,123.739000,123.742000
1606164060,123.744000,123.746000,123.743000,123.744000
1606164120,123.744000,123.749000,123.739000,123.746000
1606164180,123.747000,123.763000,123.744000,123.753000
1606164240,123.753000,123.756000,123.735000,123.735000
1606164300,123.734000,123.737000,123.714000,123.716000
1606164360,123.716000,123.719000,123.707000,123.717000
1606164420,123.717000,123.717000,123.707000,123.708000
1606164480,123.708000,123.739000,123.706000,123.739000
1606164540,123.738000,123.738000,123.727000,123.730000
1606164600,123.730000,123.737000,123.730000,123.731000
1606164660,123.729000,123.729000,123.719000,123.725000
1606164720,123.727000,123.727000,123.714000,123.721000
1606164780,123.721000,123.748000,123.717000,123.748000
1606164840,123.747000,123.752000,123.745000,123.745000
1606164900,123.745000,123.746000,123.732000,123.732000
1606164960,123.733000,123.761000,123.733000,123.760000
1606165020,123.758000,123.775000,123.758000,123.773000
1606165080,123.771000,123.788000,123.770000,123.777000
1606165140,123.776000,123.787000,123.770000,123.787000
1606165200,123.788000,123.794000,123.782000,123.790000
1606165260,123.789000,123.795000,123.785000,123.785000
1606165320,123.788000,123.789000,123.773000,123.774000
1606165380,123.773000,123.780000,123.764000,123.778000
1606165440,123.778000,123.791000,123.778000,123.791000
1606165500,123.794000,123.798000,123.794000,123.798000
1606165560,123.802000,123.805000,123.795000,123.795000
1606165620,123.796000,123.811000,123.792000,123.810000
1606165680,123.811000,123.822000,123.808000,123.821000
1606165740,123.821000,123.821000,123.816000,123.818000
1606165800,123.817000,123.818000,123.798000,123.803000
1606165860,123.802000,123.806000,123.799000,123.805000
1606165920,123.805000,123.805000,123.803000,123.804000
1606165980,123.804000,123.815000,123.804000,123.813000
1606166040,123.813000,123.816000,123.809000,123.812000
1606166100,123.812000,123.819000,123.810000,123.813000
1606166160,123.812000,123.812000,123.809000,123.809000
1606166220,123.809000,123.812000,123.809000,123.811000
1606166280,123.806000,123.810000,123.806000,123.809000
1606166340,123.810000,123.811000,123.808000,123.811000
1606166400,123.811000,123.825000,123.811000,123.820000
1606166460,123.822000,123.824000,123.815000,123.819000
1606166520,123.819000,123.822000,123.819000,123.821000
1606166580,123.821000,123.823000,123.820000,123.822000
1606166640,123.820000,123.822000,123.818000,123.819000
1606166700,123.820000,123.825000,123.819000,123.819000
1606166760,123.819000,123.821000,123.819000,123.821000
1606166820,123.821000,123.823000,123.814000,123.815000
1606166880,123.815000,123.817000,123.803000,123.808000
1606166940,123.807000,123.808000,123.797000,123.808000
1606167000,123.808000,123.812000,123.808000,123.809000
1606167060,123.809000,123.811000,123.808000,123.809000
1606167120,123.809000,123.809000,123.801000,123.802000
1606167180,123.802000,123.803000,123.800000,123.802000
1606167240,123.801000,123.807000,123.798000,123.804000
1606167300,123.805000,123.814000,123.804000,123.809000
1606167360,123.809000,123.810000,123.801000,123.801000
1606167420,123.800000,123.801000,123.785000,123.785000
1606167480,123.786000,123.789000,123.778000,123.787000
1606167540,123.785000,123.787000,123.781000,123.781000
1606167600,123.782000,123.790000,123.782000,123.789000
1606167660,123.789000,123.793000,123.789000,123.793000
1606167720,123.791000,123.791000,123.790000,123.790000
1606167780,123.794000,123.796000,123.792000,123.793000
1606167840,123.793000,123.794000,123.790000,123.794000
1606167900,123.792000,123.793000,123.782000,123.783000
1606167960,123.784000,123.787000,123.783000,123.783000
1606168020,123.785000,123.788000,123.781000,123.788000
1606168080,123.786000,123.790000,123.778000,123.784000
1606168140,123.784000,123.787000,123.776000,123.785000
1606168200,123.786000,123.794000,123.773000,123.775000
1606168260,123.775000,123.781000,123.775000,123.781000
1606168320,123.781000,123.781000,123.779000,123.781000
1606168380,123.782000,123.782000,123.771000,123.773000
1606168440,123.772000,123.778000,123.771000,123.774000
1606168500,123.776000,123.782000,123.766000,123.770000
1606168560,123.770000,123.782000,123.770000,123.773000
1606168620,123.773000,123.779000,123.768000,123.779000
1606168680,123.778000,123.800000,123.778000,123.794000
1606168740,123.793000,123.794000,123.740000,123.740000
1606168800,123.740000,123.740000,123.630000,123.722000
1606168860,123.718000,123.781000,123.686000,123.744000
1606168980,123.732000,123.733000,123.728000,123.733000
1606169040,123.733000,123.733000,123.733000,123.733000
1606169100,123.731000,123.731000,123.731000,123.731000
1606169160,123.730000,123.735000,123.730000,123.735000
1606169280,123.735000,123.735000,123.734000,123.734000
1606169340,123.735000,123.741000,123.735000,123.741000
1606169400,123.747000,123.756000,123.747000,123.755000
1606169460,123.756000,123.756000,123.735000,123.735000
1606169520,123.733000,123.733000,123.718000,123.718000
1606169580,123.718000,123.724000,123.718000,123.718000
1606169640,123.718000,123.720000,123.718000,123.720000
1606169700,123.721000,123.723000,123.721000,123.723000
1606169760,123.721000,123.721000,123.699000,123.718000
1606169820,123.718000,123.718000,123.695000,123.702000
1606169880,123.702000,123.704000,123.702000,123.703000
1606169940,123.698000,123.701000,123.698000,123.700000
1606170000,123.688000,123.698000,123.688000,123.695000
1606170060,123.696000,123.711000,123.688000,123.691000
1606170120,123.691000,123.693000,123.691000,123.693000
1606170180,123.694000,123.694000,123.693000,123.693000
1606170300,123.685000,123.685000,123.685000,123.685000
1606170360,123.685000,123.685000,123.685000,123.685000
1606170420,123.685000,123.685000,123.685000,123.685000
1606170480,123.685000,123.685000,123.685000,123.685000
1606170540,123.685000,123.721000,123.661000,123.662000
1606170600,123.664000,123.672000,123.664000,123.672000
1606170660,123.672000,123.681000,123.667000,123.679000
1606170720,123.673000,123.681000,123.671000,123.680000
1606170780,123.679000,123.686000,123.677000,123.678000
1606170840,123.678000,123.688000,123.673000,123.678000
1606170900,123.678000,123.695000,123.674000,123.685000
1606170960,123.682000,123.690000,123.673000,123.684000
1606171020,123.682000,123.692000,123.681000,123.682000
1606171080,123.685000,123.694000,123.679000,123.686000
1606171140,123.685000,123.691000,123.682000,123.682000
1606171200,123.682000,123.690000,123.679000,123.683000
1606171260,123.682000,123.685000,123.682000,123.685000
1606171320,123.685000,123.692000,123.682000,123.684000
1606171380,123.685000,123.691000,123.682000,123.687000
1606171440,123.686000,123.691000,123.685000,123.687000
1606171500,123.688000,123.691000,123.686000,123.686000
1606171560,123.688000,123.691000,123.684000,123.690000
1606171620,123.690000,123.690000,123.687000,123.688000
1606171680,123.688000,123.689000,123.687000,123.689000
1606171800,123.690000,123.691000,123.690000,123.691000
1606171860,123.696000,123.699000,123.691000,123.694000
1606171920,123.694000,123.711000,123.691000,123.700000
1606171980,123.702000,123.715000,123.686000,123.699000
1606172040,123.702000,123.703000,123.697000,123.697000
1606172100,123.699000,123.706000,123.698000,123.702000
1606172160,123.702000,123.703000,123.698000,123.701000
1606172220,123.701000,123.708000,123.701000,123.702000
1606172280,123.704000,123.707000,123.704000,123.704000
1606172340,123.704000,123.707000,123.704000,123.704000
1606172400,123.702000,123.757000,123.702000,123.755000
1606172460,123.754000,123.758000,123.743000,123.750000
1606172520,123.749000,123.751000,123.748000,123.751000
1606172580,123.750000,123.751000,123.748000,123.751000
1606172640,123.750000,123.750000,123.742000,123.745000
1606172700,123.745000,123.749000,123.741000,123.746000
1606172760,123.749000,123.762000,123.746000,123.757000
1606172820,123.759000,123.762000,123.757000,123.760000
1606172880,123.761000,123.761000,123.757000,123.757000
1606172940,123.757000,123.761000,123.752000,123.755000
1606173000,123.755000,123.758000,123.748000,123.749000
1606173060,123.749000,123.749000,123.723000,123.728000
1606173120,123.728000,123.728000,123.711000,123.717000
1606173180,123.720000,123.731000,123.719000,123.728000
1606173240,123.728000,123.728000,123.721000,123.723000
1606173300,123.723000,123.728000,123.723000,123.725000
1606173360,123.724000,123.724000,123.710000,123.711000
1606173420,123.713000,123.719000,123.712000,123.719000
1606173480,123.719000,123.755000,123.719000,123.742000
1606173540,123.742000,123.781000,123.737000,123.776000
1606173600,123.774000,123.784000,123.749000,123.749000
1606173660,123.750000,123.775000,123.742000,123.771000
1606173720,123.773000,123.793000,123.766000,123.781000
1606173780,123.779000,123.786000,123.757000,123.757000
1606173840,123.758000,123.769000,123.756000,123.768000
1606173900,123.769000,123.777000,123.767000,123.768000
1606173960,123.770000,123.782000,123.769000,123.770000
1606174020,123.771000,123.788000,123.764000,123.785000
1606174080,123.784000,123.788000,123.778000,123.783000
1606174140,123.783000,123.792000,123.782000,123.790000
1606174200,123.792000,123.793000,123.767000,123.783000
1606174260,123.784000,123.785000,123.773000,123.783000
1606174320,123.783000,123.787000,123.745000,123.753000
1606174380,123.751000,123.764000,123.743000,123.760000
1606174440,123.758000,123.765000,123.752000,123.758000
1606174500,123.759000,123.764000,123.754000,123.754000
1606174560,123.753000,123.753000,123.733000,123.742000
1606174620,123.743000,123.748000,123.739000,123.748000
1606174680,123.747000,123.760000,123.745000,123.756000
1606174740,123.756000,123.775000,123.752000,123.769000
1606174800,123.769000,123.773000,123.757000,123.770000
1606174860,123.769000,123.772000,123.761000,123.772000
1606174920,123.771000,123.784000,123.761000,123.778000
1606174980,123.778000,123.787000,123.770000,123.784000
1606175040,123.784000,123.792000,123.783000,123.783000
1606175100,123.783000,123.790000,123.779000,123.786000
1606175160,123.786000,123.789000,123.771000,123.783000
1606175220,123.783000,123.785000,123.771000,123.774000
1606175280,123.773000,123.785000,123.760000,123.772000
1606175340,123.770000,123.785000,123.757000,123.775000
1606175400,123.776000,123.794000,123.771000,123.792000
1606175460,123.792000,123.793000,123.776000,123.777000
1606175520,123.777000,123.778000,123.759000,123.759000
1606175580,123.757000,123.760000,123.749000,123.759000
1606175640,123.758000,123.760000,123.750000,123.754000
1606175700,123.754000,123.767000,123.749000,123.767000
1606175760,123.766000,123.803000,123.766000,123.799000
1606175820,123.798000,123.800000,123.786000,123.791000
1606175880,123.791000,123.796000,123.775000,123.784000
1606175940,123.786000,123.797000,123.779000,123.783000
1606176000,123.784000,123.825000,123.781000,123.824000
1606176060,123.824000,123.862000,123.820000,123.862000
1606176120,123.860000,123.883000,123.848000,123.858000
1606176180,123.860000,123.861000,123.817000,123.846000
1606176240,123.846000,123.863000,123.843000,123.847000
1606176300,123.848000,123.869000,123.841000,123.858000
1606176360,123.855000,123.870000,123.850000,123.862000
1606176420,123.862000,123.889000,123.862000,123.883000
1606176480,123.882000,123.882000,123.868000,123.870000
1606176540,123.868000,123.869000,123.852000,123.855000
1606176600,123.856000,123.871000,123.842000,123.847000
1606176660,123.842000,123.849000,123.841000,123.844000
1606176720,123.845000,123.845000,123.830000,123.836000
1606176780,123.838000,123.841000,123.832000,123.837000
1606176840,123.837000,123.846000,123.832000,123.846000
1606176900,123.845000,123.845000,123.827000,123.838000
1606176960,123.837000,123.845000,123.830000,123.831000
1606177020,123.830000,123.845000,123.826000,123.845000
1606177080,123.845000,123.859000,123.838000,123.842000
1606177140,123.841000,123.854000,123.839000,123.839000
1606177200,123.840000,123.866000,123.840000,123.866000
1606177260,123.865000,123.866000,123.853000,123.859000
1606177320,123.859000,123.878000,123.854000,123.871000
1606177380,123.871000,123.878000,123.863000,123.875000
1606177440,123.875000,123.875000,123.859000,123.867000
1606177500,123.868000,123.869000,123.857000,123.868000
1606177560,123.868000,123.889000,123.868000,123.880000
1606177620,123.879000,123.891000,123.873000,123.889000
1606177680,123.889000,123.891000,123.881000,123.885000
1606177740,123.885000,123.893000,123.882000,123.891000
1606177800,123.890000,123.892000,123.859000,123.860000
1606177860,123.862000,123.884000,123.862000,123.883000
1606177920,123.882000,123.882000,123.864000,123.868000
1606177980,123.868000,123.868000,123.851000,123.852000
1606178040,123.852000,123.867000,123.852000,123.854000
1606178100,123.854000,123.860000,123.852000,123.855000
1606178160,123.853000,123.854000,123.842000,123.853000
1606178220,123.852000,123.857000,123.848000,123.849000
1606178280,123.848000,123.851000,123.842000,123.844000
1606178340,123.843000,123.844000,123.835000,123.836000
1606178400,123.835000,123.854000,123.835000,123.849000
1606178460,123.847000,123.850000,123.847000,123.849000
1606178520,123.848000,123.859000,123.848000,123.855000
1606178580,123.855000,123.871000,123.855000,123.870000
1606178640,123.872000,123.883000,123.870000,123.877000
1606178700,123.876000,123.876000,123.865000,123.869000
1606178760,123.867000,123.871000,123.859000,123.861000
1606178820,123.860000,123.867000,123.854000,123.867000
1606178880,123.867000,123.877000,123.867000,123.876000
1606178940,123.874000,123.882000,123.865000,123.876000
1606179000,123.877000,123.877000,123.835000,123.838000
1606179060,123.838000,123.841000,123.819000,123.831000
1606179120,123.830000,123.833000,123.814000,123.821000
1606179180,123.821000,123.841000,123.811000,123.835000
1606179240,123.835000,123.840000,123.819000,123.819000
1606179300,123.814000,123.834000,123.805000,123.825000
1606179360,123.826000,123.842000,123.823000,123.826000
1606179420,123.826000,123.835000,123.826000,123.828000
1606179480,123.829000,123.834000,123.828000,123.834000
1606179540,123.835000,123.845000,123.832000,123.838000
1606179600,123.837000,123.847000,123.826000,123.844000
1606179660,123.842000,123.854000,123.835000,123.848000
1606179720,123.847000,123.860000,123.837000,123.846000
1606179780,123.847000,123.859000,123.844000,123.854000
1606179840,123.854000,123.886000,123.848000,123.882000
1606179900,123.884000,123.891000,123.867000,123.871000
1606179960,123.872000,123.881000,123.850000,123.852000
1606180020,123.851000,123.851000,123.836000,123.836000
1606180080,123.840000,123.859000,123.839000,123.847000
1606180140,123.847000,123.851000,123.811000,123.814000
1606180200,123.812000,123.818000,123.789000,123.795000
1606180260,123.795000,123.813000,123.795000,123.813000
1606180320,123.811000,123.818000,123.799000,123.807000
1606180380,123.808000,123.822000,123.806000,123.818000
1606180440,123.817000,123.820000,123.802000,123.814000
1606180500,123.814000,123.818000,123.790000,123.812000
1606180560,123.813000,123.815000,123.801000,123.806000
1606180620,123.806000,123.810000,123.794000,123.795000
1606180680,123.796000,123.814000,123.790000,123.808000
1606180740,123.809000,123.818000,123.801000,123.809000
1606180800,123.809000,123.828000,123.805000,123.828000
1606180860,123.828000,123.834000,123.807000,123.815000
1606180920,123.816000,123.817000,123.800000,123.800000
1606180980,123.799000,123.806000,123.777000,123.779000
1606181040,123.781000,123.794000,123.779000,123.793000
1606181100,123.793000,123.812000,123.789000,123.804000
1606181160,123.805000,123.808000,123.802000,123.803000
1606181220,123.803000,123.810000,123.796000,123.802000
1606181280,123.802000,123.802000,123.794000,123.801000
1606181340,123.802000,123.814000,123.796000,123.796000
1606181400,123.795000,123.803000,123.792000,123.796000
1606181460,123.796000,123.814000,123.796000,123.808000
1606181520,123.807000,123.825000,123.807000,123.824000
1606181580,123.823000,123.831000,123.822000,123.828000
1606181640,123.828000,123.839000,123.825000,123.829000
1606181700,123.828000,123.839000,123.827000,123.830000
1606181760,123.830000,123.848000,123.830000,123.841000
1606181820,123.841000,123.846000,123.827000,123.835000
1606181880,123.834000,123.841000,123.823000,123.829000
1606181940,123.830000,123.830000,123.815000,123.824000
1606182000,123.821000,123.825000,123.801000,123.809000
1606182060,123.807000,123.816000,123.796000,123.799000
1606182120,123.799000,123.819000,123.798000,123.815000
1606182180,123.814000,123.820000,123.806000,123.818000
1606182240,123.818000,123.843000,123.816000,123.843000
1606182300,123.843000,123.845000,123.835000,123.835000
1606182360,123.835000,123.845000,123.833000,123.843000
1606182420,123.843000,123.845000,123.831000,123.837000
1606182480,123.837000,123.840000,123.831000,123.838000
1606182540,123.837000,123.846000,123.833000,123.841000
1606182600,123.843000,123.858000,123.837000,123.851000
1606182660,123.850000,123.850000,123.840000,123.840000
1606182720,123.841000,123.850000,123.841000,123.848000
1606182780,123.847000,123.849000,123.841000,123.844000
1606182840,123.844000,123.849000,123.839000,123.844000
1606182900,123.844000,123.851000,123.836000,123.840000
1606182960,123.840000,123.843000,123.834000,123.841000
1606183020,123.840000,123.843000,123.821000,123.824000
1606183080,123.824000,123.846000,123.824000,123.838000
1606183140,123.837000,123.844000,123.830000,123.830000
1606183200,123.831000,123.836000,123.824000,123.827000
1606183260,123.827000,123.832000,123.822000,123.827000
1606183320,123.825000,123.827000,123.817000,123.821000
1606183380,123.821000,123.830000,123.818000,123.821000
1606183440,123.822000,123.823000,123.816000,123.819000
1606183500,123.819000,123.823000,123.817000,123.819000
1606183560,123.820000,123.825000,123.817000,123.817000
1606183620,123.817000,123.824000,123.817000,123.822000
1606183680,123.824000,123.839000,123.823000,123.829000
1606183740,123.830000,123.831000,123.803000,123.806000
1606183800,123.806000,123.814000,123.798000,123.805000
1606183860,123.805000,123.809000,123.803000,123.805000
1606183920,123.804000,123.827000,123.798000,123.827000
1606183980,123.827000,123.828000,123.820000,123.824000
1606184040,123.826000,123.834000,123.826000,123.832000
1606184100,123.833000,123.841000,123.830000,123.837000
1606184160,123.838000,123.841000,123.829000,123.835000
1606184220,123.835000,123.837000,123.826000,123.837000
1606184280,123.836000,123.837000,123.822000,123.830000
1606184340,123.832000,123.846000,123.832000,123.837000
1606184400,123.836000,123.839000,123.826000,123.827000
1606184460,123.827000,123.828000,123.812000,123.822000
1606184520,123.821000,123.849000,123.820000,123.848000
1606184580,123.847000,123.855000,123.846000,123.849000
1606184640,123.848000,123.849000,123.835000,123.841000
1606184700,123.842000,123.844000,123.831000,123.835000
1606184760,123.835000,123.845000,123.831000,123.843000
1606184820,123.844000,123.849000,123.837000,123.838000
1606184880,123.836000,123.854000,123.836000,123.837000
1606184940,123.838000,123.851000,123.837000,123.837000
1606185000,123.838000,123.839000,123.821000,123.827000
1606185060,123.827000,123.828000,123.815000,123.817000
1606185120,123.818000,123.820000,123.811000,123.813000
1606185180,123.813000,123.818000,123.811000,123.817000
1606185240,123.818000,123.828000,123.816000,123.827000
1606185300,123.827000,123.835000,123.824000,123.834000
1606185360,123.834000,123.838000,123.828000,123.835000
1606185420,123.837000,123.839000,123.833000,123.838000
1606185480,123.839000,123.843000,123.832000,123.832000
1606185540,123.831000,123.831000,123.825000,123.826000
1606185600,123.825000,123.836000,123.825000,123.833000
1606185660,123.833000,123.835000,123.820000,123.830000
1606185720,123.832000,123.836000,123.826000,123.827000
1606185780,123.827000,123.831000,123.823000,123.826000
1606185840,123.826000,123.841000,123.826000,123.840000
1606185900,123.840000,123.853000,123.839000,123.851000
1606185960,123.851000,123.859000,123.848000,123.851000
1606186020,123.851000,123.857000,123.849000,123.856000
1606186080,123.856000,123.866000,123.856000,123.858000
1606186140,123.859000,123.863000,123.850000,123.862000
1606186200,123.862000,123.865000,123.859000,123.862000
1606186260,123.862000,123.863000,123.858000,123.859000
1606186320,123.858000,123.860000,123.851000,123.854000
1606186380,123.854000,123.863000,123.849000,123.863000
1606186440,123.861000,123.876000,123.861000,123.873000
1606186500,123.871000,123.871000,123.860000,123.862000
1606186560,123.861000,123.867000,123.856000,123.863000
1606186620,123.863000,123.868000,123.857000,123.860000
1606186680,123.859000,123.871000,123.857000,123.869000
1606186740,123.867000,123.869000,123.859000,123.863000
1606186800,123.862000,123.863000,123.853000,123.856000
1606186860,123.858000,123.858000,123.840000,123.845000
1606186920,123.846000,123.851000,123.842000,123.843000
1606186980,123.843000,123.850000,123.842000,123.845000
1606187040,123.848000,123.853000,123.847000,123.850000
1606187100,123.849000,123.852000,123.847000,123.850000
1606187160,123.851000,123.863000,123.851000,123.858000
1606187220,123.857000,123.860000,123.854000,123.856000
1606187280,123.853000,123.858000,123.848000,123.855000
1606187340,123.852000,123.861000,123.849000,123.861000
1606187400,123.861000,123.863000,123.856000,123.857000
1606187460,123.857000,123.867000,123.855000,123.860000
1606187520,123.862000,123.863000,123.855000,123.857000
1606187580,123.856000,123.860000,123.853000,123.856000
1606187640,123.856000,123.864000,123.854000,123.855000
1606187700,123.855000,123.858000,123.849000,123.858000
1606187760,123.858000,123.866000,123.858000,123.860000
1606187820,123.862000,123.875000,123.860000,123.872000
1606187880,123.872000,123.874000,123.868000,123.872000
1606187940,123.871000,123.874000,123.868000,123.868000
1606188000,123.870000,123.873000,123.856000,123.856000
1606188060,123.854000,123.864000,123.854000,123.863000
1606188120,123.862000,123.863000,123.853000,123.856000
1606188180,123.855000,123.856000,123.848000,123.850000
1606188240,123.851000,123.855000,123.846000,123.851000
1606188300,123.853000,123.856000,123.850000,123.856000
1606188360,123.856000,123.856000,123.846000,123.847000
1606188420,123.848000,123.850000,123.845000,123.848000
1606188480,123.848000,123.850000,123.838000,123.841000
1606188540,123.842000,123.842000,123.834000,123.837000
1606188600,123.837000,123.848000,123.835000,123.847000
1606188660,123.848000,123.856000,123.846000,123.854000
1606188720,123.854000,123.861000,123.854000,123.860000
1606188780,123.860000,123.865000,123.852000,123.853000
1606188840,123.853000,123.860000,123.851000,123.851000
1606188900,123.852000,123.856000,123.848000,123.854000
1606188960,123.854000,123.856000,123.848000,123.854000
1606189020,123.852000,123.858000,123.847000,123.858000
1606189080,123.858000,123.863000,123.853000,123.856000
1606189140,123.854000,123.861000,123.853000,123.858000
1606189200,123.859000,123.869000,123.856000,123.866000
1606189260,123.869000,123.870000,123.858000,123.863000
1606189320,123.862000,123.865000,123.855000,123.855000
1606189380,123.855000,123.855000,123.844000,123.848000
1606189440,123.849000,123.866000,123.849000,123.865000
1606189500,123.864000,123.864000,123.836000,123.840000
1606189560,123.841000,123.844000,123.831000,123.835000
1606189620,123.838000,123.849000,123.837000,123.846000
1606189680,123.845000,123.847000,123.839000,123.843000
1606189740,123.842000,123.848000,123.842000,123.847000
1606189800,123.847000,123.851000,123.844000,123.845000
1606189860,123.846000,123.847000,123.843000,123.844000
1606189920,123.844000,123.850000,123.836000,123.843000
1606189980,123.843000,123.848000,123.837000,123.839000
1606190040,123.839000,123.842000,123.835000,123.840000
1606190100,123.840000,123.844000,123.829000,123.844000
1606190160,123.844000,123.852000,123.844000,123.847000
1606190220,123.847000,123.847000,123.841000,123.841000
1606190280,123.841000,123.854000,123.841000,123.854000
1606190340,123.855000,123.864000,123.843000,123.850000
1606190400,123.851000,123.853000,123.844000,123.850000
1606190460,123.851000,123.852000,123.839000,123.849000
1606190520,123.848000,123.851000,123.846000,123.847000
1606190580,123.847000,123.865000,123.847000,123.859000
1606190640,123.860000,123.865000,123.858000,123.863000
1606190700,123.862000,123.863000,123.857000,123.860000
1606190760,123.860000,123.863000,123.845000,123.848000
1606190820,123.848000,123.852000,123.841000,123.847000
1606190880,123.846000,123.855000,123.844000,123.849000
1606190940,123.849000,123.852000,123.848000,123.852000
1606191000,123.852000,123.856000,123.847000,123.850000
1606191060,123.851000,123.859000,123.851000,123.857000
1606191120,123.856000,123.859000,123.852000,123.857000
1606191180,123.857000,123.877000,123.857000,123.875000
1606191240,123.874000,123.876000,123.858000,123.858000
1606191300,123.858000,123.875000,123.857000,123.861000
1606191360,123.863000,123.871000,123.861000,123.871000
1606191420,123.871000,123.871000,123.851000,123.864000
1606191480,123.864000,123.867000,123.855000,123.867000
1606191540,123.866000,123.866000,123.851000,123.854000
1606191600,123.855000,123.860000,123.854000,123.860000
1606191660,123.858000,123.862000,123.857000,123.862000
1606191720,123.862000,123.865000,123.858000,123.862000
1606191780,123.864000,123.864000,123.855000,123.856000
1606191840,123.857000,123.862000,123.856000,123.860000
1606191900,123.861000,123.864000,123.855000,123.859000
1606191960,123.856000,123.863000,123.852000,123.853000
1606192020,123.853000,123.857000,123.852000,123.855000
1606192080,123.854000,123.863000,123.848000,123.860000
1606192140,123.859000,123.859000,123.848000,123.850000
1606192200,123.851000,123.870000,123.851000,123.860000
1606192260,123.859000,123.862000,123.851000,123.860000
1606192320,123.859000,123.861000,123.856000,123.861000
1606192380,123.859000,123.860000,123.854000,123.856000
1606192440,123.856000,123.859000,123.846000,123.857000
1606192500,123.857000,123.859000,123.849000,123.849000
1606192560,123.850000,123.858000,123.849000,123.850000
1606192620,123.850000,123.851000,123.841000,123.846000
1606192680,123.848000,123.849000,123.839000,123.841000
1606192740,123.840000,123.846000,123.840000,123.841000
1606192800,123.842000,123.848000,123.839000,123.841000
1606192860,123.841000,123.854000,123.839000,123.853000
1606192920,123.851000,123.860000,123.847000,123.849000
1606192980,123.849000,123.861000,123.849000,123.857000
1606193040,123.858000,123.877000,123.857000,123.877000
1606193100,123.878000,123.904000,123.872000,123.897000
1606193160,123.897000,123.897000,123.891000,123.894000
1606193220,123.895000,123.895000,123.873000,123.878000
1606193280,123.876000,123.883000,123.872000,123.882000
1606193340,123.881000,123.882000,123.876000,123.876000
1606193400,123.875000,123.880000,123.874000,123.877000
1606193460,123.876000,123.880000,123.873000,123.873000
1606193520,123.873000,123.875000,123.859000,123.862000
1606193580,123.861000,123.868000,123.860000,123.863000
1606193640,123.863000,123.870000,123.863000,123.870000
1606193700,123.870000,123.874000,123.869000,123.873000
1606193760,123.873000,123.875000,123.869000,123.869000
1606193820,123.868000,123.874000,123.868000,123.869000
1606193880,123.869000,123.878000,123.862000,123.877000
1606193940,123.877000,123.902000,123.876000,123.887000
